-0.441321
-0.437928
-0.433345
-0.427665
-0.421334
-0.415226
-0.410505
-0.408266
-0.409045
-0.412583
-0.417987
-0.424173
-0.430311
-0.435939
-0.440901
-0.445237
-0.448979
-0.452128
-0.454608
-0.456249
-0.456879
-0.456313
-0.454403
-0.451203
-0.446946
-0.442173
-0.437658
-0.434288
-0.432804
-0.43356
-0.436354
-0.440614
-0.445619
-0.450735
-0.455543
-0.459802
-0.463403
-0.466299
-0.468448
-0.469821
-0.470348
-0.469925
-0.468502
-0.466022
-0.462503
-0.458094
-0.453128
-0.448085
-0.4436
-0.440265
-0.438613
-0.438997
-0.441585
-0.446329
-0.452925
-0.460755
-0.469017
-0.476932
-0.483896
-0.489575
-0.49391
-0.496994
-0.498959
-0.499978
-0.500174
-0.499645
-0.498448
-0.496637
-0.494281
-0.491414
-0.488138
-0.484492
-0.480547
-0.47629
-0.471654
-0.466453
-0.460402
-0.453105
-0.444242
-0.433765
-0.422252
-0.411065
-0.402167
-0.397484
-0.398083
-0.403803
-0.413332
-0.424848
-0.436515
-0.446954
-0.455394
-0.461666
-0.466017
-0.468877
-0.470732
-0.471984
-0.472921
-0.473701
-0.474403
-0.474987
-0.475412
-0.475584
-0.475443
-0.47493
-0.473999
-0.472642
-0.47088
-0.468749
-0.466293
-0.463599
-0.46074
-0.457788
-0.454799
-0.451862
-0.448991
-0.446206
-0.44353
-0.440982
-0.438604
-0.43645
-0.434625
-0.433228
-0.432319
-0.431936
-0.432071
-0.432635
-0.433506
-0.434543
-0.4356
-0.436575
-0.437361
-0.437918
-0.438244
-0.438367
-0.438322
-0.438177
-0.437967
-0.437738
-0.437482
-0.437203
-0.436904
-0.436556
-0.436168
-0.435759
-0.435404
-0.435201
-0.43524
-0.435612
-0.436363
-0.437509
-0.439016
-0.440817
-0.442836
-0.444995
-0.447258
-0.449598
-0.45199
-0.454408
-0.456811
-0.459127
-0.461265
-0.463073
-0.464387
-0.465047
-0.464877
-0.463756
-0.461603
-0.458414
-0.454312
-0.449543
-0.444496
-0.439667
-0.43565
-0.432904
-0.431701
-0.432015
-0.433462
-0.435426
-0.437163
-0.437962
-0.437286
-0.434911
-0.431026
-0.426312
-0.421813
-0.418715
-0.417937
-0.419778
-0.423823
-0.429143
-0.434637
-0.439391
-0.442767
-0.444394
-0.444102
-0.441841
-0.437743
-0.43217
-0.425833
-0.419729
-0.414862
-0.411892
-0.410843
-0.411187
-0.412213
-0.413345
-0.414309
-0.415132
-0.415935
-0.416841
-0.417962
-0.419331
-0.420966
-0.422811
-0.424773
-0.426716
-0.428472
-0.429885
-0.430857
-0.431302
-0.431172
-0.430436
-0.429016
-0.426834
-0.423796
-0.419775
-0.41472
-0.40871
-0.402078
-0.395528
-0.390057
-0.386745
-0.386294
-0.388688
-0.393161
-0.398591
-0.403887
-0.408281
-0.411411
-0.413227
-0.413881
-0.413629
-0.41277
-0.411598
-0.410384
-0.409342
-0.408583
-0.408134
-0.407944
-0.407891
-0.407843
-0.407692
-0.407368
-0.406866
-0.406212
-0.405489
-0.404809
-0.404295
-0.404001
-0.40395
-0.404093
-0.404296
-0.40444
-0.404365
-0.404002
-0.40334
-0.402443
-0.401423
-0.400394
-0.39942
-0.398539
-0.397706
-0.396864
-0.395969
-0.395044
-0.394142
-0.393388
-0.392932
-0.392846
-0.393192
-0.393924
-0.39495
-0.39617
-0.39747
-0.398788
-0.400126
-0.401514
-0.403014
-0.404655
-0.406453
-0.408413
-0.4105
-0.412659
-0.414821
-0.416886
-0.41876
-0.42032
-0.421458
-0.422093
-0.422203
-0.421847
-0.421108
-0.420161
-0.4192
-0.418459
-0.418176
-0.418551
-0.419756
-0.421873
-0.424891
-0.428679
-0.432998
-0.437548
-0.442028
-0.446152
-0.449666
-0.45238
-0.454169
-0.454908
-0.454519
-0.452953
-0.450178
-0.446195
-0.441086
-0.434903
-0.427719
-0.419488
-0.410098
-0.39932
-0.387152
-0.374082
-0.361374
-0.351033
-0.345196
-0.345176
-0.350801
-0.360506
-0.372065
-0.383477
-0.393424
-0.401326
-0.407123
-0.411037
-0.413429
-0.414633
-0.414978
-0.414704
-0.413995
-0.41301
-0.411875
-0.41072
-0.409653
-0.408788
-0.408234
-0.408052
-0.408265
-0.408797
-0.409517
-0.410223
-0.410656
-0.410566
-0.409691
-0.407799
-0.404759
-0.40056
-0.395404
-0.389769
-0.384417
-0.380231
-0.377968
-0.377957
-0.379936
-0.383225
-0.386975
-0.390488
-0.393303
-0.395274
-0.39644
-0.396937
-0.396984
-0.39679
-0.396555
-0.396449
-0.3966
-0.397083
-0.397943
-0.399151
-0.400652
-0.40236
-0.404181
-0.40601
-0.407747
-0.409309
-0.410629
-0.411671
-0.4124
-0.412788
-0.412837
-0.412535
-0.411898
-0.410955
-0.409722
-0.408268
-0.406697
-0.405116
-0.403672
-0.402481
-0.401637
-0.401147
-0.400924
-0.400847
-0.400678
-0.40022
-0.399323
-0.397923
-0.396037
-0.39369
-0.390889
-0.387544
-0.383549
-0.378913
-0.374067
-0.369957
-0.367812
-0.368652
-0.372622
-0.378855
-0.385896
-0.392357
-0.397351
-0.400536
-0.40202
-0.402143
-0.401324
-0.399996
-0.398516
-0.397102
-0.395886
-0.394871
-0.393987
-0.393171
-0.392354
-0.39151
-0.390654
-0.389832
-0.389102
-0.388508
-0.388103
-0.38789
-0.387867
-0.388033
-0.388323
-0.388701
-0.389119
-0.389519
-0.389863
-0.390104
-0.390211
-0.390161
-0.389943
-0.389535
-0.38897
-0.388266
-0.387449
-0.386589
-0.385728
-0.384897
-0.384153
-0.383534
-0.383063
-0.382723
-0.382532
-0.382429
-0.382372
-0.382291
-0.382135
-0.381825
-0.381315
-0.380545
-0.379487
-0.378118
-0.37643
-0.374448
-0.372216
-0.36979
-0.367268
-0.36475
-0.362354
-0.360172
-0.358304
-0.356812
-0.355729
-0.355051
-0.354732
-0.354717
-0.354939
-0.355336
-0.35587
-0.356493
-0.357204
-0.357984
-0.35883
-0.359732
-0.360661
-0.361595
-0.362483
-0.363271
-0.363883
-0.364274
-0.364371
-0.364133
-0.363506
-0.36245
-0.360957
-0.359008
-0.356596
-0.353731
-0.350413
-0.346668
-0.342529
-0.338039
-0.333267
-0.328326
-0.323351
-0.318554
-0.314147
-0.310424
-0.307638
-0.306032
-0.305777
-0.306894
-0.309299
-0.312759
-0.316954
-0.321525
-0.326091
-0.330337
-0.334022
-0.336972
-0.33911
-0.340386
-0.340824
-0.340485
-0.339484
-0.33795
-0.336084
-0.334099
-0.332216
-0.330654
-0.329572
-0.329075
-0.329168
-0.32976
-0.3307
-0.331787
-0.332836
-0.333666
-0.334126
-0.334092
-0.333494
-0.332297
-0.330457
-0.327976
-0.324868
-0.321162
-0.316916
-0.312197
-0.307148
-0.301973
-0.296945
-0.292434
-0.288853
-0.286569
-0.28592
-0.286994
-0.289668
-0.293574
-0.298158
-0.302868
-0.307206
-0.310828
-0.313542
-0.315291
-0.316112
-0.316118
-0.315445
-0.314254
-0.312727
-0.311064
-0.309433
-0.308026
-0.30697
-0.306356
-0.306236
-0.306579
-0.307333
-0.308394
-0.309638
-0.310973
-0.312322
-0.313625
-0.31484
-0.315971
-0.317006
-0.317956
-0.318823
-0.319637
-0.320389
-0.321084
-0.321723
-0.322266
-0.322705
-0.322984
-0.323075
-0.322915
-0.322477
-0.321713
-0.320614
-0.319194
-0.317517
-0.315667
-0.31374
-0.311833
-0.309928
-0.307874
-0.305343
-0.301857
-0.296872
-0.29002
-0.281445
-0.272053
-0.263591
-0.258149
-0.257119
-0.260397
-0.2665
-0.273575
-0.280186
-0.285651
-0.289904
-0.29312
-0.295543
-0.297333
-0.298568
-0.299239
-0.299327
-0.298814
-0.297758
-0.296292
-0.294638
-0.293098
-0.29199
-0.291581
-0.292033
-0.293329
-0.29532
-0.297728
-0.30025
-0.302608
-0.304554
-0.305897
-0.306481
-0.306157
-0.304813
-0.302355
-0.298757
-0.294159
-0.288882
-0.283403
-0.278352
-0.274303
-0.271632
-0.270473
-0.270798
-0.272592
-0.275783
-0.280222
-0.285519
-0.291058
-0.296118
-0.30006
-0.302452
-0.303096
-0.302018
-0.299446
-0.295837
-0.291859
-0.288266
-0.285809
-0.284973
-0.285909
-0.288391
-0.291927
-0.295975
-0.300051
-0.303822
-0.307089
-0.309744
-0.311734
-0.313028
-0.313637
-0.313585
-0.312905
-0.311663
-0.309979
-0.307981
-0.30587
-0.303866
-0.30221
-0.301158
-0.300883
-0.301499
-0.303009
-0.305347
-0.308359
-0.311842
-0.315595
-0.319444
-0.323238
-0.32689
-0.330331
-0.333569
-0.336615
-0.339502
-0.342228
-0.344824
-0.347295
-0.349647
-0.351881
-0.35403
-0.356148
-0.358313
-0.360574
-0.363008
-0.365644
-0.368459
-0.371393
-0.37432
-0.377087
-0.379501
-0.381367
-0.382481
-0.382683
-0.381828
-0.379862
-0.376801
-0.372799
-0.368155
-0.363283
-0.358663
-0.354771
-0.352003
-0.350594
-0.350627
-0.352085
-0.35482
-0.35855
-0.362894
-0.367383
-0.371586
-0.375237
-0.378309
-0.381035
-0.383823
-0.387114
-0.391204
-0.396043
-0.40128
-0.406283
-0.410352
-0.412902
-0.413501
-0.411941
-0.408218
-0.402552
-0.395396
-0.387474
-0.379735
-0.373227
-0.368833
-0.366982
-0.367575
-0.370039
-0.37368
-0.377885
-0.382279
-0.386711
-0.391177
-0.395715
-0.400328
-0.40496
-0.409475
-0.413704
-0.417421
-0.420431
-0.422554
-0.423654
-0.42361
-0.422354
-0.419878
-0.416239
-0.411562
-0.406131
-0.400334
-0.394678
-0.389721
-0.385902
-0.383485
-0.382459
-0.38263
-0.383629
-0.38504
-0.386446
-0.387452
-0.387707
-0.386907
-0.384918
-0.381744
-0.37759
-0.37288
-0.368253
-0.364375
-0.361764
-0.360681
-0.360978
-0.362308
-0.364215
-0.366339
-0.368478
-0.370564
-0.372596
-0.37462
-0.37665
-0.378679
-0.380646
-0.382464
-0.384008
-0.385168
-0.385766
-0.385651
-0.38464
-0.382551
-0.379166
-0.374296
-0.367822
-0.359767
-0.350401
-0.340385
-0.330766
-0.322763
-0.317528
-0.315734
-0.317349
-0.321694
-0.327784
-0.334641
-0.341482
-0.347836
-0.353469
-0.358322
-0.36245
-0.365957
-0.36896
-0.371575
-0.373907
-0.376022
-0.377967
-0.37976
-0.381414
-0.382904
-0.38419
-0.385241
-0.385986
-0.386372
-0.386307
-0.385672
-0.384344
-0.382146
-0.378907
-0.37448
-0.368797
-0.361915
-0.354143
-0.346095
-0.338667
-0.332866
-0.329554
-0.329138
-0.33146
-0.335837
-0.341351
-0.347083
-0.35232
-0.356618
-0.359772
-0.361719
-0.362464
-0.361999
-0.360325
-0.357469
-0.353572
-0.348878
-0.343801
-0.338924
-0.334932
-0.332463
-0.331966
-0.333533
-0.336869
-0.34139
-0.346417
-0.351346
-0.355763
-0.359452
-0.362381
-0.364628
-0.366299
-0.367489
-0.368239
-0.368572
-0.368438
-0.367843
-0.366784
-0.36535
-0.363714
-0.362093
-0.360749
-0.359902
-0.359668
-0.360016
-0.360763
-0.36163
-0.362353
-0.362738
-0.362711
-0.362358
-0.361857
-0.361427
-0.361284
-0.361557
-0.362254
-0.363275
-0.364434
-0.365495
-0.366233
-0.366458
-0.366007
-0.364774
-0.362681
-0.359685
-0.355795
-0.35105
-0.345573
-0.339622
-0.3336
-0.328056
-0.323674
-0.321142
-0.320971
-0.323224
-0.327538
-0.333137
-0.339123
-0.344691
-0.349287
-0.352591
-0.354484
-0.355004
-0.354301
-0.35257
-0.350073
-0.34711
-0.343978
-0.340937
-0.338164
-0.335783
-0.333832
-0.332395
-0.331574
-0.331484
-0.332181
-0.333552
-0.335312
-0.33701
-0.338202
-0.338544
-0.33788
-0.336293
-0.334033
-0.331589
-0.329475
-0.3282
-0.328114
-0.329337
-0.331724
-0.334955
-0.338661
-0.342453
-0.346052
-0.349276
-0.351974
-0.354115
-0.355676
-0.356658
-0.357062
-0.356911
-0.356214
-0.354995
-0.353358
-0.35142
-0.349418
-0.34768
-0.346516
-0.346221
-0.346887
-0.348384
-0.350291
-0.352058
-0.353036
-0.352597
-0.350283
-0.345909
-0.339701
-0.332444
-0.325467
-0.320367
-0.318353
-0.319677
-0.323431
-0.328064
-0.332048
-0.334237
-0.334074
-0.331598
-0.32744
-0.322826
-0.31937
-0.318558
-0.321108
-0.326593
-0.333746
-0.341108
-0.347551
-0.352479
-0.355749
-0.35747
-0.357851
-0.357142
-0.355565
-0.35329
-0.350509
-0.347415
-0.344234
-0.341238
-0.338701
-0.336835
-0.335766
-0.335409
-0.335544
-0.335873
-0.336089
-0.336015
-0.335568
-0.334822
-0.333922
-0.33306
-0.332379
-0.331982
-0.331901
-0.332081
-0.332454
-0.332915
-0.333384
-0.333796
-0.334121
-0.334322
-0.334388
-0.334278
-0.333959
-0.333392
-0.33255
-0.331413
-0.330034
-0.328482
-0.326904
-0.325468
-0.32435
-0.323711
-0.323604
-0.324013
-0.324817
-0.325872
-0.326977
-0.327989
-0.328783
-0.329271
-0.3294
-0.329165
-0.328544
-0.327529
-0.326075
-0.324185
-0.32182
-0.319015
-0.31584
-0.312489
-0.309321
-0.30678
-0.305366
-0.305467
-0.307231
-0.310471
-0.314762
-0.319563
-0.324376
-0.328831
-0.33272
-0.335971
-0.338575
-0.340609
-0.342148
-0.343275
-0.344072
-0.344607
-0.344949
-0.34515
-0.345264
-0.345297
-0.345259
-0.345172
-0.34499
-0.34471
-0.344308
-0.343768
-0.343173
-0.342626
-0.342298
-0.342352
-0.342939
-0.344115
-0.345833
-0.347949
-0.350228
-0.352393
-0.354195
-0.355433
-0.355934
-0.355616
-0.354438
-0.352443
-0.349792
-0.346706
-0.343538
-0.340738
-0.33877
-0.338075
-0.338962
-0.34152
-0.345628
-0.350934
-0.357012
-0.363381
-0.369629
-0.375447
-0.380629
-0.385073
-0.388736
-0.391633
-0.393764
-0.395132
-0.395683
-0.395304
-0.393837
-0.391054
-0.386777
-0.380945
-0.373764
-0.365905
-0.358556
-0.353224
-0.351222
-0.353104
-0.358404
-0.365907
-0.374259
-0.382391
-0.389667
-0.395833
-0.400904
-0.404968
-0.408209
-0.410785
-0.412852
-0.414516
-0.41582
-0.41678
-0.417356
-0.417472
-0.417069
-0.416058
-0.414379
-0.412029
-0.409028
-0.405472
-0.401519
-0.397373
-0.393305
-0.389562
-0.386404
-0.383981
-0.382367
-0.381527
-0.381356
-0.381722
-0.382472
-0.383477
-0.384637
-0.385851
-0.386989
-0.387911
-0.388428
-0.388303
-0.387312
-0.38523
-0.381851
-0.37702
-0.370681
-0.362932
-0.354061
-0.344633
-0.335481
-0.327648
-0.322212
-0.320022
-0.321426
-0.326221
-0.333696
-0.342815
-0.352513
-0.361913
-0.370369
-0.377512
-0.383166
-0.387317
-0.390004
-0.391298
-0.391297
-0.390112
-0.387885
-0.384813
-0.381161
-0.377251
-0.373421
-0.369933
-0.366919
-0.364329
-0.361928
-0.359482
-0.356861
-0.354169
-0.351712
-0.349876
-0.348937
-0.3489
-0.349513
-0.350443
-0.351393
-0.352225
-0.352918
-0.353486
-0.353882
-0.35396
-0.353584
-0.35263
-0.351132
-0.349305
-0.347554
-0.34642
-0.346391
-0.347768
-0.350537
-0.354417
-0.358915
-0.363549
-0.367925
-0.371779
-0.374944
-0.377316
-0.37886
-0.379532
-0.379265
-0.377977
-0.375574
-0.371984
-0.367241
-0.361517
-0.355252
-0.349164
-0.344154
-0.341157
-0.340832
-0.343296
-0.34801
-0.35399
-0.360116
-0.365443
-0.369417
-0.371896
-0.373065
-0.373322
-0.373142
-0.372979
-0.373194
-0.373969
-0.375357
-0.377272
-0.379514
-0.381874
-0.384068
-0.385826
-0.386908
-0.387148
-0.386473
-0.384928
-0.382675
-0.379997
-0.377246
-0.374764
-0.372729
-0.371088
-0.369557
-0.367789
-0.365566
-0.362938
-0.360217
-0.357902
-0.356504
-0.356396
-0.35783
-0.360825
-0.365151
-0.370282
-0.375478
-0.379953
-0.38307
-0.384476
-0.384113
-0.382263
-0.379479
-0.376485
-0.374074
-0.372944
-0.373482
-0.375705
-0.379276
-0.383677
-0.388394
-0.39304
-0.397356
-0.401243
-0.404636
-0.407529
-0.409885
-0.411677
-0.412858
-0.413359
-0.413113
-0.412081
-0.410268
-0.40772
-0.404589
-0.401064
-0.397443
-0.394044
-0.391147
-0.388906
-0.387353
-0.386364
-0.385787
-0.385493
-0.385437
-0.385686
-0.386314
-0.38738
-0.388818
-0.390495
-0.392149
-0.393534
-0.394441
-0.39475
-0.394466
-0.393672
-0.392548
-0.391312
-0.390184
-0.389356
-0.388988
-0.38916
-0.389933
-0.391302
-0.393243
-0.395662
-0.39839
-0.401181
-0.403762
-0.405801
-0.406999
-0.407052
-0.405763
-0.403062
-0.398963
-0.393659
-0.387494
-0.380929
-0.374557
-0.369076
-0.365208
-0.363625
-0.364729
-0.368472
-0.374243
-0.380928
-0.387181
-0.391753
-0.393727
-0.392721
-0.389004
-0.383504
-0.377753
-0.373485
-0.372086
-0.374086
-0.379048
-0.385885
-0.393385
-0.400619
-0.40704
-0.412435
-0.416812
-0.420253
-0.422894
-0.424786
-0.425948
-0.426312
-0.425754
-0.42411
-0.421164
-0.416689
-0.410528
-0.402696
-0.393536
-0.383889
-0.374981
-0.368093
-0.363898
-0.362062
-0.361373
-0.360348
-0.358038
-0.354405
-0.350292
-0.347078
-0.346104
-0.348145
-0.353152
-0.360393
-0.368807
-0.37741
-0.385533
-0.392782
-0.399023
-0.404247
-0.408487
-0.41183
-0.414333
-0.416073
-0.417145
-0.417626
-0.417623
-0.417218
-0.416499
-0.415539
-0.414398
-0.413123
-0.411739
-0.410269
-0.408711
-0.40704
-0.405226
-0.403251
-0.40106
-0.398655
-0.39605
-0.393276
-0.390373
-0.387406
-0.38446
-0.38161
-0.378951
-0.376603
-0.374694
-0.37337
-0.372727
-0.372855
-0.373777
-0.375444
-0.377744
-0.380556
-0.383713
-0.387043
-0.390372
-0.393538
-0.39641
-0.39884
-0.400743
-0.40206
-0.402843
-0.403221
-0.403444
-0.403792
-0.404518
-0.405784
-0.407579
-0.409682
-0.411755
-0.413445
-0.414449
-0.414611
-0.413958
-0.412729
-0.411282
-0.410006
-0.409261
-0.409227
-0.409858
-0.410903
-0.412001
-0.412791
-0.412989
-0.412381
-0.410872
-0.408498
-0.405429
-0.401942
-0.398535
-0.395791
-0.394334
-0.394623
-0.396803
-0.400647
-0.405663
-0.411199
-0.416714
-0.421783
-0.426196
-0.429856
-0.432758
-0.434926
-0.436403
-0.437192
-0.437244
-0.43649
-0.434821
-0.432137
-0.428324
-0.423367
-0.417357
-0.410587
-0.403569
-0.39702
-0.391756
-0.388517
-0.387794
-0.389702
-0.393955
-0.399984
-0.40709
-0.414557
-0.421762
-0.428175
-0.433382
-0.43707
-0.43902
-0.439076
-0.437213
-0.433493
-0.428211
-0.421836
-0.414999
-0.408403
-0.402699
-0.398359
-0.395679
-0.394797
-0.395673
-0.398123
-0.401779
-0.406118
-0.410539
-0.414481
-0.417515
-0.419411
-0.42011
-0.419661
-0.418226
-0.415955
-0.413037
-0.409652
-0.405976
-0.402162
-0.398371
-0.39474
-0.391421
-0.388543
-0.386237
-0.384582
-0.383632
-0.383352
-0.383658
-0.38441
-0.385468
-0.386657
-0.387859
-0.388998
-0.389977
-0.390792
-0.391423
-0.391873
-0.392141
-0.392246
-0.392197
-0.392016
-0.391756
-0.391445
-0.39115
-0.390913
-0.390802
-0.390857
-0.391106
-0.391541
-0.39216
-0.392899
-0.393708
-0.394526
-0.395329
-0.396081
-0.396772
-0.397443
-0.398104
-0.398787
-0.399491
-0.400237
-0.401012
-0.401763
-0.402451
-0.403029
-0.403456
-0.403701
-0.403751
-0.403583
-0.40319
-0.402589
-0.401779
-0.400762
-0.399536
-0.39811
-0.396521
-0.394796
-0.392988
-0.391109
-0.389212
-0.387272
-0.385258
-0.383148
-0.380969
-0.378893
-0.377277
-0.376649
-0.377565
-0.380392
-0.385077
-0.391116
-0.397674
-0.403896
-0.409119
-0.412953
-0.415265
-0.416153
-0.415838
-0.414599
-0.412751
-0.41058
-0.408361
-0.406298
-0.404558
-0.403235
-0.402357
-0.401966
-0.402036
-0.402554
-0.403495
-0.404818
-0.406471
-0.408388
-0.410507
-0.412708
-0.414912
-0.417036
-0.418989
-0.4207
-0.422107
-0.423184
-0.423911
-0.424264
-0.424256
-0.423865
-0.423119
-0.42201
-0.420532
-0.418715
-0.416557
-0.414074
-0.411295
-0.408275
-0.405075
-0.401794
-0.398552
-0.395509
-0.392817
-0.390637
-0.389064
-0.388161
-0.38792
-0.388258
-0.389056
-0.390169
-0.391412
-0.392657
-0.39377
-0.394645
-0.395191
-0.395367
-0.395111
-0.39444
-0.393325
-0.391783
-0.3898
-0.38736
-0.384454
-0.381058
-0.377238
-0.373124
-0.368987
-0.3652
-0.362234
-0.360499
-0.360272
-0.361564
-0.364124
-0.367488
-0.371105
-0.374472
-0.37719
-0.379027
-0.379867
-0.379772
-0.378896
-0.377469
-0.375744
-0.373979
-0.372405
-0.371184
-0.370367
-0.369955
-0.369853
-0.36994
-0.370076
-0.370147
-0.370042
-0.369696
-0.369043
-0.368076
-0.366798
-0.365204
-0.363347
-0.36128
-0.359078
-0.356864
-0.354788
-0.352999
-0.35164
-0.350809
-0.35058
-0.350928
-0.351821
-0.353155
-0.354796
-0.356633
-0.35853
-0.360357
-0.36202
-0.363448
-0.364571
-0.365313
-0.365612
-0.36541
-0.364624
-0.363179
-0.36098
-0.357927
-0.353928
-0.348885
-0.342768
-0.335627
-0.327683
-0.31937
-0.311355
-0.304453
-0.299561
-0.29736
-0.298153
-0.301717
-0.307417
-0.31442
-0.321858
-0.329047
-0.335516
-0.341044
-0.345578
-0.349125
-0.351783
-0.353684
-0.354928
-0.355638
-0.355912
-0.355836
-0.355498
-0.355001
-0.354442
-0.353919
-0.353524
-0.353367
-0.353501
-0.35397
-0.354765
-0.355869
-0.35723
-0.35876
-0.360406
-0.362065
-0.363673
-0.365193
-0.366563
-0.367758
-0.368755
-0.369509
-0.369999
-0.370216
-0.370129
-0.369725
-0.369014
-0.368015
-0.366794
-0.365427
-0.364054
-0.36279
-0.361792
-0.361169
-0.360969
-0.361194
-0.361787
-0.362604
-0.363488
-0.364241
-0.364691
-0.364688
-0.364136
-0.363012
-0.361355
-0.359306
-0.357065
-0.354921
-0.353227
-0.352303
-0.352458
-0.353855
-0.356512
-0.360271
-0.364846
-0.369814
-0.374757
-0.379266
-0.383005
-0.385718
-0.38723
-0.387456
-0.386386
-0.384107
-0.380801
-0.376747
-0.372342
-0.368035
-0.364279
-0.361426
-0.359679
-0.359068
-0.359504
-0.360811
-0.362817
-0.365304
-0.368143
-0.371131
-0.374104
-0.376891
-0.379359
-0.381427
-0.38305
-0.384232
-0.385014
-0.385447
-0.385578
-0.385446
-0.385093
-0.384531
-0.383787
-0.382857
-0.381701
-0.380269
-0.378472
-0.376202
-0.373275
-0.369498
-0.364651
-0.358614
-0.35147
-0.343699
-0.33635
-0.33088
-0.328734
-0.330598
-0.336066
-0.343797
-0.35216
-0.359901
-0.366286
-0.371106
-0.374413
-0.376423
-0.377356
-0.377454
-0.376893
-0.375824
-0.374376
-0.372671
-0.370815
-0.368958
-0.367232
-0.365788
-0.364741
-0.364206
-0.364231
-0.364825
-0.365909
-0.36737
-0.36903
-0.370706
-0.372218
-0.373427
-0.374218
-0.374568
-0.374511
-0.374175
-0.373749
-0.373443
-0.373491
-0.374097
-0.375386
-0.377378
-0.379979
-0.383022
-0.386312
-0.389624
-0.392783
-0.395655
-0.398149
-0.400209
-0.401814
-0.402955
-0.403661
-0.403935
-0.4038
-0.40331
-0.40255
-0.401645
-0.400737
-0.400006
-0.399627
-0.399774
-0.400534
-0.401961
-0.404018
-0.406566
-0.409386
-0.412135
-0.414354
-0.41553
-0.415076
-0.412509
-0.407623
-0.400833
-0.393388
-0.387307
-0.384564
-0.385981
-0.390701
-0.396799
-0.402328
-0.406023
-0.407396
-0.406452
-0.403628
-0.399835
-0.396557
-0.395475
-0.397736
-0.403243
-0.410689
-0.418295
-0.424571
-0.428715
-0.430559
-0.430362
-0.428662
-0.426166
-0.423682
-0.42202
-0.42176
-0.423131
-0.425906
-0.429509
-0.433222
-0.436378
-0.43852
-0.439447
-0.439153
-0.437867
-0.435945
-0.433815
-0.431964
-0.430781
-0.430503
-0.431176
-0.432647
-0.434632
-0.436788
-0.43883
-0.440479
-0.441593
-0.442106
-0.442001
-0.441327
-0.440171
-0.438638
-0.436814
-0.434836
-0.432821
-0.430887
-0.429164
-0.427777
-0.42684
-0.426433
-0.426565
-0.427243
-0.428363
-0.429791
-0.431377
-0.432921
-0.434222
-0.435113
-0.435469
-0.435231
-0.434407
-0.433078
-0.431409
-0.429594
-0.427946
-0.426728
-0.426198
-0.426517
-0.42771
-0.429688
-0.432193
-0.434932
-0.437574
-0.43983
-0.441451
-0.442252
-0.442132
-0.441032
-0.438989
-0.436159
-0.432826
-0.429429
-0.426462
-0.424389
-0.423468
-0.423613
-0.424441
-0.425354
-0.425771
-0.425196
-0.423332
-0.42007
-0.415508
-0.409945
-0.403854
-0.397831
-0.392496
-0.388312
-0.385459
-0.383934
-0.383575
-0.384213
-0.385683
-0.387757
-0.390123
-0.392477
-0.394532
-0.396152
-0.397368
-0.398302
-0.399157
-0.400123
-0.401316
-0.402783
-0.404458
-0.406249
-0.407994
-0.409567
-0.410834
-0.411684
-0.412054
-0.411865
-0.411089
-0.409727
-0.407776
-0.40528
-0.402306
-0.398953
-0.395369
-0.391727
-0.388285
-0.385247
-0.382841
-0.381234
-0.380514
-0.380668
-0.381615
-0.383205
-0.385235
-0.387494
-0.389776
-0.391852
-0.393576
-0.394823
-0.395517
-0.395642
-0.395178
-0.394191
-0.392763
-0.390976
-0.38893
-0.386743
-0.384506
-0.382301
-0.38023
-0.378393
-0.376938
-0.376052
-0.375942
-0.37672
-0.378411
-0.380837
-0.383686
-0.386581
-0.389132
-0.391068
-0.392242
-0.392608
-0.392234
-0.39124
-0.389813
-0.388115
-0.386347
-0.38468
-0.383295
-0.38239
-0.382154
-0.382744
-0.38426
-0.386715
-0.390015
-0.393944
-0.398273
-0.402715
-0.407044
-0.411092
-0.414701
-0.417815
-0.420381
-0.422392
-0.423875
-0.424846
-0.42533
-0.425355
-0.42496
-0.424186
-0.423057
-0.42161
-0.419917
-0.418017
-0.415977
-0.413908
-0.411916
-0.410148
-0.408742
-0.407851
-0.407581
-0.408009
-0.409155
-0.41094
-0.41321
-0.415724
-0.418175
-0.420219
-0.421482
-0.421577
-0.42011
-0.416778
-0.411474
-0.404497
-0.396799
-0.390092
-0.386413
-0.387131
-0.39207
-0.399497
-0.407066
-0.412788
-0.415609
-0.415342
-0.412417
-0.407667
-0.402158
-0.396992
-0.393134
-0.391288
-0.39171
-0.394221
-0.398278
-0.403171
-0.408155
-0.412572
-0.415927
-0.41794
-0.418454
-0.417489
-0.415184
-0.411807
-0.407736
-0.403477
-0.399541
-0.396422
-0.394546
-0.394149
-0.395237
-0.397581
-0.400848
-0.404635
-0.408601
-0.412482
-0.416104
-0.419395
-0.422319
-0.424913
-0.427195
-0.42919
-0.430928
-0.432426
-0.433699
-0.43476
-0.435604
-0.436246
-0.436686
-0.436923
-0.436933
-0.436707
-0.436231
-0.435467
-0.434388
-0.432973
-0.431189
-0.429039
-0.426524
-0.423725
-0.42071
-0.417594
-0.414534
-0.411667
-0.409102
-0.406869
-0.404944
-0.403266
-0.401726
-0.400266
-0.398816
-0.397383
-0.396023
-0.394847
-0.394017
-0.393666
-0.393891
-0.394687
-0.395943
-0.397445
-0.398961
-0.400252
-0.401196
-0.401802
-0.402211
-0.402639
-0.403395
-0.404711
-0.406726
-0.409455
-0.412784
-0.416527
-0.420452
-0.42437
-0.428121
-0.431602
-0.434775
-0.437644
-0.440207
-0.442481
-0.44448
-0.446197
-0.447627
-0.448749
-0.44954
-0.449963
-0.450007
-0.449654
-0.448923
-0.447811
-0.446355
-0.444619
-0.442649
-0.440518
-0.438284
-0.436012
-0.433768
-0.431575
-0.429485
-0.427516
-0.425673
-0.423928
-0.422245
-0.42059
-0.418933
-0.417265
-0.41563
-0.414063
-0.41264
-0.411421
-0.410475
-0.409874
-0.409751
-0.410209
-0.411348
-0.413267
-0.415959
-0.419329
-0.423197
-0.42732
-0.431419
-0.435224
-0.438542
-0.441189
-0.443121
-0.444353
-0.445005
-0.445267
-0.445418
-0.445707
-0.44637
-0.447568
-0.449316
-0.451514
-0.453995
-0.456545
-0.458962
-0.46107
-0.462746
-0.463924
-0.46457
-0.464716
-0.464414
-0.463747
-0.462818
-0.461732
-0.460569
-0.459384
-0.458156
-0.456841
-0.455355
-0.45363
-0.45162
-0.449359
-0.446972
-0.444671
-0.442733
-0.441456
-0.441086
-0.441764
-0.443467
-0.445999
-0.449048
-0.452223
-0.455147
-0.457461
-0.458925
-0.459372
-0.458764
-0.45714
-0.454658
-0.451525
-0.448054
-0.4446
-0.441646
-0.439707
-0.439246
-0.440574
-0.443745
-0.448528
-0.454415
-0.4608
-0.467048
-0.472625
-0.477184
-0.480561
-0.482726
-0.4838
-0.483964
-0.483482
-0.48268
-0.481852
-0.48129
-0.481216
-0.481752
-0.482916
-0.484639
-0.486795
-0.489203
-0.491695
-0.49416
-0.496491
-0.498639
-0.500578
-0.50231
-0.503814
-0.505079
-0.506092
-0.506804
-0.507125
-0.506979
-0.506211
-0.504679
-0.502198
-0.498617
-0.493856
-0.488012
-0.481468
-0.474948
-0.469515
-0.466265
-0.466049
-0.469058
-0.474721
-0.481973
-0.489561
-0.496375
-0.501613
-0.504706
-0.505384
-0.503746
-0.500338
-0.496243
-0.49292
-0.491717
-0.493233
-0.497012
-0.50183
-0.506383
-0.509801
-0.511872
-0.512802
-0.512963
-0.512546
-0.511541
-0.509737
-0.506976
-0.503368
-0.499388
-0.495705
-0.492788
-0.490649
-0.488779
-0.486388
-0.48275
-0.47736
-0.470028
-0.460728
-0.449696
-0.437441
-0.424892
-0.413437
-0.404789
-0.40057
-0.401756
-0.408324
-0.419222
-0.43271
-0.446976
-0.460533
-0.472441
-0.482337
-0.490278
-0.496537
-0.501504
-0.50548
-0.508699
-0.511299
-0.513369
-0.51493
-0.516022
-0.516652
-0.516841
-0.516639
-0.51604
-0.51506
-0.513699
-0.511947
-0.509789
-0.507245
-0.504314
-0.501004
-0.49732
-0.493315
-0.489018
-0.484498
-0.479847
-0.475231
-0.470829
-0.466917
-0.46376
-0.46165
-0.460812
-0.461386
-0.463363
-0.466596
-0.470804
-0.47564
-0.480755
-0.485839
-0.490632
-0.494949
-0.498693
-0.501803
-0.504289
-0.506158
-0.507481
-0.508276
-0.50859
-0.508464
-0.507907
-0.506947
-0.505598
-0.503858
-0.501721
-0.499172
-0.496186
-0.492767
-0.488907
-0.484637
-0.480019
-0.475127
-0.470037
-0.464844
-0.459531
-0.454003
-0.448061
-0.441416
-0.433894
-0.42579
-0.418319
-0.413825
-0.414885
-0.42265
-0.43567
-0.450599
-0.464068
-0.473975
-0.479622
-0.481232
-0.479503
-0.475341
-0.469762
-0.463913
-0.458979
-0.456094
-0.456103
-0.459305
-0.465344
-0.473306
-0.482091
-0.490637
-0.498244
-0.504461
-0.509136
-0.512223
-0.513755
-0.513789
-0.51241
-0.50975
-0.506066
-0.50175
-0.497318
-0.493322
-0.490218
-0.488242
-0.487356
-0.487253
-0.487523
-0.487706
-0.487384
-0.486159
-0.483674
-0.479606
-0.47379
-0.466381
-0.458022
-0.449913
-0.443581
-0.440426
-0.441123
-0.445325
-0.451865
-0.459271
-0.466284
-0.472134
-0.47646
-0.479216
-0.480522
-0.480572
-0.479559
-0.477719
-0.475263
-0.472383
-0.469295
-0.466182
-0.463211
-0.460543
-0.458306
-0.456595
-0.455543
-0.455168
-0.455469
-0.456329
-0.457539
-0.458824
-0.459886
-0.460475
-0.460438
-0.459759
-0.458547
-0.457116
-0.455839
-0.455147
-0.4554
-0.456791
-0.459298
-0.46266
-0.466488
-0.470318
-0.47373
-0.476366
-0.477905
-0.478123
-0.476823
-0.473804
-0.46892
-0.462108
-0.453509
-0.443607
-0.433343
-0.42412
-0.417446
-0.414435
-0.415337
-0.419436
-0.425436
-0.432015
-0.438222
-0.443522
-0.447732
-0.450881
-0.453086
-0.454512
-0.455346
-0.455747
-0.455847
-0.455789
-0.455654
-0.455489
-0.455294
-0.455077
-0.454841
-0.454621
-0.454463
-0.454459
-0.454711
-0.455325
-0.456383
-0.457911
-0.45988
-0.462179
-0.464669
-0.467212
-0.469654
-0.471889
-0.473793
-0.475314
-0.476386
-0.476981
-0.477091
-0.476683
-0.47574
-0.474221
-0.472064
-0.469183
-0.465478
-0.460825
-0.455111
-0.448234
-0.440142
-0.430909
-0.420785
-0.410238
-0.400021
-0.391068
-0.384416
-0.38105
-0.381663
-0.38646
-0.394924
-0.405848
-0.417644
-0.428874
-0.438562
-0.446239
-0.451874
-0.455683
-0.458026
-0.459254
-0.459721
-0.459746
-0.459602
-0.459509
-0.459614
-0.460012
-0.460707
-0.461648
-0.462751
-0.463893
-0.464942
-0.465786
-0.466313
-0.466437
-0.466111
-0.465273
-0.463929
-0.462106
-0.459834
-0.457221
-0.454386
-0.451477
-0.44868
-0.446159
-0.444052
-0.442484
-0.441516
-0.441143
-0.441326
-0.441969
-0.442899
-0.443933
-0.444804
-0.445227
-0.44488
-0.44349
-0.440854
-0.436941
-0.43194
-0.426274
-0.420575
-0.415486
-0.411671
-0.409788
-0.410429
-0.41398
-0.420332
-0.428704
-0.437898
-0.44669
-0.454213
-0.460047
-0.464142
-0.466668
-0.467904
-0.468119
-0.467599
-0.466568
-0.465233
-0.463738
-0.462213
-0.460746
-0.459363
-0.458104
-0.456954
-0.455942
-0.45506
-0.454331
-0.453779
-0.453459
-0.453438
-0.45377
-0.454507
-0.455668
-0.457227
-0.459103
-0.461192
-0.463355
-0.465401
-0.467196
-0.468587
-0.469444
-0.469646
-0.469095
-0.467745
-0.465616
-0.462793
-0.459512
-0.45613
-0.453146
-0.451111
-0.450493
-0.451528
-0.454105
-0.457822
-0.462116
-0.466422
-0.470325
-0.473575
-0.476098
-0.477968
-0.479315
-0.480314
-0.481137
-0.48193
-0.482771
-0.48368
-0.484671
-0.485648
-0.486514
-0.487097
-0.487201
-0.486574
-0.48496
-0.482062
-0.477571
-0.471294
-0.463178
-0.453485
-0.442999
-0.433107
-0.425565
-0.421952
-0.422891
-0.427786
-0.435179
-0.443417
-0.45127
-0.458019
-0.463431
-0.467528
-0.470481
-0.47249
-0.473777
-0.474554
-0.475039
-0.475431
-0.47589
-0.476542
-0.477422
-0.478503
-0.479706
-0.480873
-0.481862
-0.482543
-0.482787
-0.48254
-0.48179
-0.480561
-0.478928
-0.476985
-0.474848
-0.472621
-0.470371
-0.468146
-0.465945
-0.46374
-0.461467
-0.459082
-0.456551
-0.453879
-0.451135
-0.448427
-0.445841
-0.443461
-0.441268
-0.439139
-0.43687
-0.434216
-0.430956
-0.426964
-0.422248
-0.41704
-0.411774
-0.407067
-0.403669
-0.402241
-0.40313
-0.406222
-0.411021
-0.416794
-0.422843
-0.428645
-0.433854
-0.438334
-0.442025
-0.44495
-0.447187
-0.448803
-0.449876
-0.450512
-0.450788
-0.450768
-0.450559
-0.450211
-0.44979
-0.449334
-0.448896
-0.448506
-0.448185
-0.447952
-0.447808
-0.447754
-0.447775
-0.447865
-0.448016
-0.448153
-0.448249
-0.448234
-0.448019
-0.447517
-0.446622
-0.445208
-0.443179
-0.440495
-0.437169
-0.43332
-0.429231
-0.425249
-0.42179
-0.41922
-0.417734
-0.417346
-0.417925
-0.419241
-0.421092
-0.423309
-0.425808
-0.428521
-0.43137
-0.434272
-0.437131
-0.43987
-0.44246
-0.444905
-0.447256
-0.449552
-0.451876
-0.454262
-0.456689
-0.459112
-0.461443
-0.46356
-0.465364
-0.466768
-0.467688
-0.468089
-0.467953
-0.467283
-0.466113
-0.464504
-0.462543
-0.460343
-0.458049
-0.455834
-0.453884
-0.452329
-0.451255
-0.450594
-0.450165
-0.4497
-0.44894
-0.447744
-0.446159
-0.444462
-0.443024
-0.442187
-0.442097
-0.44262
-0.443427
-0.444154
-0.444574
-0.444657
-0.444626
-0.444825
-0.445627
-0.447277
-0.449843
-0.453168
-0.456965
-0.460871
-0.464571
-0.467812
-0.470418
-0.472322
-0.473479
-0.473906
-0.473601
-0.472591
-0.47096
-0.468779
-0.46618
-0.46333
-0.460463
-0.4578
-0.455523
-0.453703
-0.452277
-0.451075
-0.449862
-0.448433
-0.446637
-0.444504
-0.442233
-0.440203
-0.438818
-0.438315
-0.438478
-0.438619
-0.437546
-0.434011
-0.427237
-0.417764
-0.408025
-0.401899
-0.402601
-0.410336
-0.422104
-0.433995
-0.443278
-0.448999
-0.451342
-0.451044
-0.448925
-0.445769
-0.442172
-0.438602
-0.43544
-0.432871
-0.430979
-0.429761
-0.429086
-0.428801
-0.428752
-0.428777
-0.428775
-0.428668
-0.428414
-0.427997
-0.427397
-0.426641
-0.42571
-0.424602
-0.423322
-0.421884
-0.420285
-0.418565
-0.416754
-0.414924
-0.413163
-0.411555
-0.410183
-0.409131
-0.408438
-0.408146
-0.408257
-0.408718
-0.40947
-0.410434
-0.411502
-0.412583
-0.413602
-0.414509
-0.415247
-0.415778
-0.416083
-0.416165
-0.416006
-0.415605
-0.414956
-0.414064
-0.412938
-0.411612
-0.410146
-0.408612
-0.407134
-0.405832
-0.404839
-0.404297
-0.404285
-0.404873
-0.406071
-0.407825
-0.410079
-0.412707
-0.415583
-0.418567
-0.421539
-0.424381
-0.426992
-0.429268
-0.431104
-0.43235
-0.432894
-0.432536
-0.431053
-0.428234
-0.423865
-0.417899
-0.41058
-0.402624
-0.395276
-0.390025
-0.388034
-0.389488
-0.393488
-0.398488
-0.403023
-0.406132
-0.407437
-0.407024
-0.40523
-0.402423
-0.398985
-0.395192
-0.391284
-0.387531
-0.38423
-0.381805
-0.380705
-0.381285
-0.383692
-0.387818
-0.393295
-0.399602
-0.406233
-0.412706
-0.41869
-0.423971
-0.428401
-0.431966
-0.434658
-0.436557
-0.437767
-0.438438
-0.438768
-0.438955
-0.439217
-0.439689
-0.440437
-0.441408
-0.44247
-0.443432
-0.444093
-0.444297
-0.443944
-0.442965
-0.441373
-0.439222
-0.436592
-0.43357
-0.430254
-0.426731
-0.423073
-0.41934
-0.415606
-0.411993
-0.408662
-0.405846
-0.403893
-0.40315
-0.403913
-0.406312
-0.410244
-0.415394
-0.421245
-0.427245
-0.432897
-0.437797
-0.441665
-0.444373
-0.445889
-0.446286
-0.445701
-0.444389
-0.442605
-0.440654
-0.438802
-0.437225
-0.435974
-0.434949
-0.433919
-0.432555
-0.430533
-0.427577
-0.423471
-0.418207
-0.411972
-0.40523
-0.39868
-0.393158
-0.389451
-0.388079
-0.389273
-0.392954
-0.398825
-0.406395
-0.414992
-0.423853
-0.432244
-0.439586
-0.445453
-0.449702
-0.452351
-0.453581
-0.45366
-0.452873
-0.451545
-0.449892
-0.448054
-0.446057
-0.443838
-0.441294
-0.438306
-0.434803
-0.430783
-0.4263
-0.421484
-0.416484
-0.41144
-0.40651
-0.401837
-0.39758
-0.393929
-0.391051
-0.389123
-0.388286
-0.38857
-0.389953
-0.392281
-0.395314
-0.398784
-0.402386
-0.405898
-0.40925
-0.412503
-0.415816
-0.419369
-0.423246
-0.427417
-0.431753
-0.436058
-0.440122
-0.443762
-0.446863
-0.449381
-0.451292
-0.452622
-0.453416
-0.453739
-0.453655
-0.453228
-0.452522
-0.451595
-0.450504
-0.449305
-0.448024
-0.446704
-0.445381
-0.444071
-0.442794
-0.44155
-0.440355
-0.439201
-0.438089
-0.437007
-0.435947
-0.434892
-0.433826
-0.432732
-0.43162
-0.430488
-0.429335
-0.428176
-0.427046
-0.425989
-0.425057
-0.424312
-0.423795
-0.423557
-0.423617
-0.423943
-0.424489
-0.425177
-0.425901
-0.426581
-0.427115
-0.427453
-0.427535
-0.427343
-0.426885
-0.42617
-0.425254
-0.424153
-0.422906
-0.421549
-0.420115
-0.418662
-0.41726
-0.415977
-0.41494
-0.414244
-0.413953
-0.414095
-0.414617
-0.415416
-0.416342
-0.417221
-0.417902
-0.418248
-0.418207
-0.417737
-0.41687
-0.4157
-0.414334
-0.412915
-0.411558
-0.410348
-0.409383
-0.408705
-0.408296
-0.408146
-0.408197
-0.408422
-0.408745
-0.409132
-0.409502
-0.409777
-0.409891
-0.409785
-0.409389
-0.408689
-0.407674
-0.406346
-0.404726
-0.402802
-0.400559
-0.397946
-0.39491
-0.391395
-0.387412
-0.383044
-0.378434
-0.373855
-0.369626
-0.366091
-0.363568
-0.362269
-0.362304
-0.363653
-0.366244
-0.369942
-0.374604
-0.380066
-0.386119
-0.392498
-0.398868
-0.404925
-0.410436
-0.415232
-0.419224
-0.422421
-0.42486
-0.42663
-0.4278
-0.428478
-0.428728
-0.428623
-0.42822
-0.427572
-0.426723
-0.425693
-0.424495
-0.423167
-0.421733
-0.420205
-0.418599
-0.416932
-0.415219
-0.413471
-0.411682
-0.409818
-0.407825
-0.405658
-0.403233
-0.400464
-0.397263
-0.393578
-0.389345
-0.384588
-0.379359
-0.373776
-0.368008
-0.362262
-0.356779
-0.351786
-0.347495
-0.344099
-0.341723
-0.340458
-0.340359
-0.34144
-0.343634
-0.346833
-0.350873
-0.355559
-0.36073
-0.366253
-0.372037
-0.378023
-0.384138
-0.390249
-0.396168
-0.40166
-0.406445
-0.41029
-0.412985
-0.414388
-0.414366
-0.412815
-0.409669
-0.404872
-0.398386
-0.390265
-0.380641
-0.369848
-0.358444
-0.347204
-0.337106
-0.329082
-0.323839
-0.321737
-0.322739
-0.326542
-0.332688
-0.340612
-0.349667
-0.359194
-0.368566
-0.377246
-0.384827
-0.391108
-0.396017
-0.399588
-0.40197
-0.40331
-0.403795
-0.403611
-0.402889
-0.401768
-0.400352
-0.3987
-0.396895
-0.394969
-0.392925
-0.390807
-0.388612
-0.386365
-0.384071
-0.381738
-0.379376
-0.37701
-0.374634
-0.372222
-0.369745
-0.367124
-0.36427
-0.361053
-0.357381
-0.353221
-0.34862
-0.343804
-0.339144
-0.335135
-0.332236
-0.330745
-0.330737
-0.332022
-0.33426
-0.337098
-0.340215
-0.343363
-0.346355
-0.349078
-0.351432
-0.353331
-0.354754
-0.355722
-0.356277
-0.356508
-0.356526
-0.356456
-0.3564
-0.356459
-0.356697
-0.357125
-0.357742
-0.358516
-0.359391
-0.360309
-0.36122
-0.362072
-0.362855
-0.363508
-0.364065
-0.364533
-0.364909
-0.365211
-0.365455
-0.365684
-0.365893
-0.366124
-0.366383
-0.366688
-0.367061
-0.367509
-0.368033
-0.368656
-0.36935
-0.370082
-0.370768
-0.371309
-0.371543
-0.371284
-0.370314
-0.368395
-0.365348
-0.361142
-0.355922
-0.350146
-0.34454
-0.33996
-0.337065
-0.336116
-0.336863
-0.338771
-0.341282
-0.344029
-0.346858
-0.349679
-0.352484
-0.355202
-0.357693
-0.359855
-0.361572
-0.362787
-0.363501
-0.363746
-0.363593
-0.363143
-0.362524
-0.361899
-0.361441
-0.361335
-0.361735
-0.362747
-0.364368
-0.366519
-0.369021
-0.371666
-0.374231
-0.376539
-0.378427
-0.379798
-0.380553
-0.380665
-0.380101
-0.378834
-0.376833
-0.37409
-0.370651
-0.366622
-0.362187
-0.357639
-0.353347
-0.349712
-0.347041
-0.345494
-0.345009
-0.34536
-0.346262
-0.347421
-0.348661
-0.349942
-0.351306
-0.352852
-0.354709
-0.356931
-0.359544
-0.362489
-0.365676
-0.368974
-0.372266
-0.375462
-0.37848
-0.381276
-0.383814
-0.38607
-0.38802
-0.389625
-0.390825
-0.391519
-0.391562
-0.390736
-0.388716
-0.385044
-0.379129
-0.370273
-0.357951
-0.342388
-0.325354
-0.310698
-0.303252
-0.305886
-0.317339
-0.333366
-0.349693
-0.363872
-0.37516
-0.383714
-0.390012
-0.394435
-0.397303
-0.398841
-0.39925
-0.398834
-0.398005
-0.397264
-0.397054
-0.397632
-0.398897
-0.400392
-0.401457
-0.401562
-0.400646
-0.399236
-0.398337
-0.399079
-0.402121
-0.407268
-0.413618
-0.420001
-0.425418
-0.429288
-0.431404
-0.431795
-0.430634
-0.428145
-0.424558
-0.420095
-0.415002
-0.409562
-0.404089
-0.398932
-0.394476
-0.391082
-0.389039
-0.388547
-0.389618
-0.392173
-0.396004
-0.400842
-0.406394
-0.412347
-0.418415
-0.424363
-0.429981
-0.435179
-0.439846
-0.443961
-0.447528
-0.450576
-0.45315
-0.455303
-0.457109
-0.458649
-0.460011
-0.461288
-0.462523
-0.463818
-0.465209
-0.466717
-0.468365
-0.470128
-0.471958
-0.473793
-0.47554
-0.477106
-0.478354
-0.479151
-0.479368
-0.478903
-0.47769
-0.475734
-0.473156
-0.470203
-0.46723
-0.464629
-0.462748
-0.461734
-0.461552
-0.461918
-0.462465
-0.462844
-0.462833
-0.46232
-0.461391
-0.460207
-0.459059
-0.458253
-0.458056
-0.458679
-0.460187
-0.462517
-0.465513
-0.46892
-0.472465
-0.47586
-0.47884
-0.481145
-0.482565
-0.482913
-0.482078
-0.480052
-0.476963
-0.473175
-0.469252
-0.465923
-0.463917
-0.463693
-0.46532
-0.468452
-0.4725
-0.476821
-0.480931
-0.484465
-0.487211
-0.48908
-0.490017
-0.49
-0.489037
-0.487102
-0.484175
-0.480214
-0.475131
-0.468742
-0.460814
-0.451006
-0.439011
-0.424779
-0.408969
-0.393427
-0.381068
-0.374786
-0.375692
-0.382368
-0.391855
-0.401438
-0.409515
-0.415598
-0.419787
-0.422364
-0.423604
-0.423689
-0.422785
-0.421126
-0.419065
-0.417142
-0.415949
-0.41599
-0.417458
-0.420163
-0.423548
-0.426897
-0.429538
-0.430925
-0.430664
-0.428534
-0.424412
-0.418363
-0.410703
-0.402094
-0.39364
-0.386656
-0.382268
-0.38093
-0.38224
-0.385118
-0.388431
-0.391295
-0.39327
-0.394287
-0.394456
-0.394021
-0.393208
-0.392221
-0.391202
-0.390262
-0.389453
-0.388833
-0.38838
-0.388126
-0.388043
-0.388113
-0.388298
-0.388554
-0.388842
-0.389116
-0.389318
-0.389413
-0.389323
-0.389011
-0.388408
-0.387505
-0.386254
-0.38464
-0.382667
-0.380345
-0.377715
-0.374861
-0.371901
-0.368992
-0.366348
-0.364202
-0.362805
-0.362375
-0.363072
-0.364926
-0.367817
-0.371551
-0.375838
-0.380398
-0.384982
-0.389376
-0.39349
-0.397245
-0.400652
-0.403721
-0.40645
-0.408911
-0.4111
-0.413035
-0.414737
-0.416212
-0.417445
-0.41843
-0.419144
-0.419555
-0.419653
-0.419386
-0.418752
-0.417706
-0.416235
-0.41435
-0.412076
-0.409457
-0.406573
-0.403552
-0.400539
-0.397682
-0.39515
-0.393107
-0.391709
-0.391079
-0.391299
-0.392408
-0.394412
-0.397232
-0.400758
-0.404835
-0.40927
-0.413867
-0.418471
-0.422907
-0.427069
-0.430894
-0.434325
-0.437338
-0.439932
-0.442129
-0.443921
-0.445307
-0.446327
-0.446965
-0.44724
-0.447163
-0.446752
-0.446027
-0.444991
-0.443673
-0.442091
-0.440233
-0.438097
-0.435676
-0.432944
-0.42991
-0.426592
-0.423026
-0.419273
-0.415445
-0.411674
-0.408142
-0.404986
-0.402381
-0.400441
-0.399284
-0.398955
-0.399444
-0.400699
-0.402618
-0.405056
-0.407831
-0.410764
-0.413667
-0.416391
-0.418843
-0.420926
-0.42263
-0.423972
-0.42499
-0.425767
-0.426371
-0.426873
-0.427335
-0.427782
-0.42824
-0.428705
-0.429155
-0.429559
-0.429912
-0.43016
-0.430302
-0.430319
-0.430198
-0.429927
-0.429484
-0.428839
-0.427971
-0.426859
-0.425457
-0.42374
-0.421658
-0.419189
-0.416299
-0.413016
-0.409373
-0.405484
-0.401492
-0.397607
-0.394085
-0.39115
-0.389064
-0.387963
-0.387884
-0.388775
-0.390448
-0.392662
-0.395142
-0.39769
-0.40006
-0.402128
-0.403838
-0.405157
-0.406137
-0.406834
-0.407293
-0.407583
-0.40774
-0.407768
-0.407671
-0.407423
-0.406979
-0.406295
-0.405323
-0.404006
-0.402305
-0.400199
-0.397705
-0.394918
-0.391998
-0.389202
-0.386889
-0.3854
-0.384992
-0.38571
-0.387429
-0.389831
-0.392517
-0.395127
-0.397388
-0.399157
-0.400373
-0.401071
-0.401316
-0.4012
-0.400823
-0.400271
-0.399593
-0.398845
-0.398084
-0.397362
-0.396693
-0.396089
-0.395535
-0.394992
-0.394419
-0.393737
-0.392883
-0.391801
-0.390464
-0.388874
-0.387095
-0.385238
-0.383452
-0.381912
-0.380775
-0.380203
-0.38027
-0.380991
-0.382291
-0.384025
-0.385995
-0.38801
-0.389869
-0.391424
-0.392568
-0.39327
-0.393576
-0.393589
-0.39347
-0.393439
-0.39366
-0.394255
-0.395224
-0.396497
-0.397896
-0.399169
-0.400115
-0.400533
-0.400331
-0.39946
-0.397999
-0.396103
-0.393995
-0.391936
-0.390213
-0.389058
-0.388659
-0.389114
-0.390405
-0.392471
-0.395199
-0.398457
-0.402094
-0.405954
-0.409887
-0.413732
-0.417351
-0.420646
-0.42352
-0.425907
-0.427771
-0.42906
-0.429748
-0.429797
-0.429138
-0.427726
-0.425492
-0.422419
-0.418484
-0.413758
-0.408405
-0.402736
-0.397179
-0.392245
-0.388463
-0.386205
-0.385665
-0.386779
-0.389302
-0.392906
-0.397217
-0.401901
-0.40666
-0.411266
-0.415509
-0.419214
-0.422252
-0.424497
-0.425889
-0.426413
-0.426111
-0.42507
-0.423424
-0.421364
-0.419119
-0.416897
-0.414901
-0.413276
-0.41208
-0.411261
-0.410617
-0.409784
-0.408267
-0.405565
-0.401351
-0.395856
-0.390098
-0.385933
-0.38529
-0.389199
-0.397096
-0.407203
-0.417576
-0.426841
-0.434424
-0.440311
-0.44477
-0.44815
-0.450719
-0.452687
-0.454174
-0.455205
-0.455748
-0.455759
-0.455153
-0.453848
-0.451775
-0.448895
-0.44521
-0.440806
-0.43588
-0.43071
-0.425657
-0.421105
-0.417315
-0.414372
-0.412107
-0.410121
-0.408007
-0.405606
-0.403312
-0.402096
-0.403197
-0.407421
-0.414564
-0.423424
-0.432385
-0.440051
-0.445619
-0.448871
-0.449987
-0.44943
-0.447711
-0.445396
-0.44305
-0.441088
-0.439831
-0.439421
-0.439905
-0.4412
-0.443187
-0.445731
-0.448719
-0.452017
-0.455521
-0.459121
-0.462717
-0.466175
-0.469403
-0.472314
-0.474817
-0.476862
-0.478414
-0.479437
-0.479935
-0.479905
-0.479385
-0.478393
-0.476973
-0.475174
-0.47305
-0.470662
-0.468074
-0.46536
-0.462555
-0.459672
-0.456712
-0.453631
-0.450391
-0.446898
-0.443122
-0.439049
-0.434743
-0.430352
-0.426135
-0.422514
-0.419943
-0.418867
-0.419602
-0.422231
-0.426564
-0.432178
-0.438536
-0.445148
-0.451566
-0.457502
-0.462766
-0.467284
-0.471028
-0.474045
-0.476395
-0.478139
-0.479346
-0.480101
-0.480446
-0.4804
-0.479997
-0.479224
-0.478068
-0.476445
-0.474299
-0.471514
-0.467953
-0.463482
-0.457963
-0.451276
-0.443448
-0.434705
-0.425659
-0.417368
-0.411127
-0.408077
-0.408425
-0.411223
-0.41473
-0.417056
-0.416902
-0.413723
-0.407749
-0.399912
-0.391633
-0.384573
-0.380255
-0.379605
-0.382763
-0.38903
-0.39726
-0.406211
-0.414907
-0.422685
-0.429242
-0.434506
-0.438525
-0.441457
-0.443465
-0.444722
-0.445373
-0.445547
-0.445282
-0.444579
-0.443365
-0.441505
-0.438788
-0.434923
-0.429601
-0.422563
-0.41366
-0.403069
-0.391425
-0.379889
-0.369942
-0.362958
-0.359673
-0.360003
-0.363193
-0.368219
-0.374034
-0.379762
-0.384694
-0.388338
-0.390407
-0.390777
-0.389491
-0.38683
-0.383271
-0.379536
-0.376463
-0.374833
-0.375087
-0.377177
-0.380638
-0.384756
-0.388871
-0.392505
-0.395388
-0.397449
-0.398724
-0.399299
-0.399272
-0.398754
-0.397803
-0.396457
-0.394747
-0.392691
-0.390276
-0.387516
-0.384421
-0.38104
-0.377439
-0.37371
-0.369959
-0.366322
-0.362876
-0.359681
-0.356714
-0.353915
-0.351206
-0.348511
-0.345784
-0.343092
-0.340536
-0.338353
-0.336819
-0.336222
-0.336825
-0.33878
-0.342103
-0.346636
-0.352042
-0.357897
-0.363711
-0.368981
-0.37322
-0.376009
-0.376985
-0.375903
-0.372798
-0.368071
-0.36267
-0.358038
-0.355664
-0.356512
-0.360462
-0.366447
-0.373021
-0.378968
-0.383573
-0.386623
-0.388182
-0.388482
-0.387759
-0.386246
-0.384155
-0.381702
-0.379088
-0.376553
-0.374397
-0.372831
-0.372055
-0.37207
-0.372731
-0.373708
-0.374496
-0.374553
-0.373396
-0.370786
-0.366837
-0.362129
-0.357672
-0.354664
-0.354105
-0.356511
-0.361706
-0.368905
-0.377002
-0.384834
-0.391411
-0.396028
-0.398358
-0.39834
-0.39619
-0.392292
-0.387175
-0.381525
-0.37609
-0.371586
-0.368638
-0.367543
-0.368333
-0.370685
-0.374105
-0.378009
-0.381871
-0.3853
-0.388093
-0.390215
-0.391754
-0.392912
-0.393867
-0.394791
-0.395748
-0.396748
-0.397743
-0.398677
-0.399477
-0.40013
-0.400634
-0.400998
-0.401251
-0.401409
-0.401459
-0.401405
-0.401256
-0.401044
-0.400782
-0.400537
-0.400351
-0.400268
-0.400308
-0.400496
-0.400782
-0.401142
-0.401517
-0.401881
-0.402163
-0.402334
-0.402354
-0.402183
-0.401821
-0.401252
-0.400476
-0.399501
-0.398354
-0.397046
-0.395594
-0.394002
-0.392256
-0.390322
-0.388173
-0.38576
-0.383066
-0.380061
-0.376789
-0.373322
-0.36986
-0.366627
-0.363911
-0.361952
-0.360964
-0.361025
-0.362098
-0.364021
-0.366584
-0.36951
-0.372503
-0.375306
-0.377701
-0.379552
-0.380781
-0.381408
-0.381491
-0.381148
-0.380519
-0.379708
-0.378833
-0.377942
-0.377033
-0.376036
-0.374804
-0.373196
-0.371075
-0.368364
-0.365101
-0.361536
-0.358124
-0.355437
-0.354014
-0.354187
-0.355914
-0.358841
-0.362398
-0.366044
-0.369339
-0.372012
-0.373935
-0.375086
-0.375482
-0.37518
-0.374239
-0.372739
-0.370759
-0.36842
-0.365856
-0.363253
-0.360799
-0.358777
-0.357471
-0.357127
-0.357904
-0.359755
-0.362473
-0.365692
-0.369
-0.372017
-0.374455
-0.376151
-0.377034
-0.377161
-0.376634
-0.375602
-0.374254
-0.372779
-0.371397
-0.370283
-0.3696
-0.369455
-0.369899
-0.370935
-0.372491
-0.374466
-0.376746
-0.379179
-0.381641
-0.384015
-0.386181
-0.388085
-0.389639
-0.390768
-0.391419
-0.391502
-0.390959
-0.3897
-0.387635
-0.384677
-0.380777
-0.37591
-0.37018
-0.363717
-0.356849
-0.349984
-0.343609
-0.338252
-0.334362
-0.332176
-0.331668
-0.332616
-0.334696
-0.337587
-0.341079
-0.345071
-0.349476
-0.354197
-0.359087
-0.363907
-0.368454
-0.372543
-0.376062
-0.379002
-0.381355
-0.383208
-0.384613
-0.38565
-0.38633
-0.386702
-0.386759
-0.386524
-0.385982
-0.385167
-0.384127
-0.382893
-0.381556
-0.380215
-0.379
-0.378042
-0.377483
-0.377442
-0.378009
-0.379204
-0.380986
-0.383253
-0.385856
-0.388607
-0.391307
-0.393748
-0.395748
-0.397146
-0.397809
-0.39762
-0.396499
-0.394391
-0.391331
-0.387411
-0.382877
-0.378097
-0.37361
-0.370075
-0.368089
-0.368061
-0.370086
-0.373855
-0.37878
-0.384147
-0.389238
-0.3935
-0.396542
-0.398103
-0.398075
-0.396489
-0.393473
-0.389266
-0.384252
-0.378922
-0.373874
-0.369762
-0.367138
-0.366411
-0.367678
-0.370738
-0.375142
-0.380274
-0.385485
-0.390199
-0.394036
-0.396752
-0.398357
-0.399021
-0.399078
-0.39895
-0.39908
-0.399793
-0.401184
-0.403116
-0.405204
-0.406984
-0.408003
-0.407946
-0.406665
-0.404222
-0.40088
-0.397068
-0.393312
-0.390217
-0.38829
-0.387861
-0.389037
-0.391693
-0.395526
-0.400144
-0.40517
-0.410255
-0.415126
-0.419561
-0.423404
-0.426548
-0.428905
-0.430441
-0.431143
-0.431053
-0.43026
-0.42888
-0.427092
-0.425048
-0.422942
-0.42094
-0.419138
-0.417599
-0.416304
-0.415207
-0.414257
-0.413414
-0.412661
-0.412013
-0.411509
-0.411224
-0.41121
-0.411576
-0.412393
-0.413753
-0.415679
-0.418148
-0.421041
-0.424215
-0.427491
-0.43074
-0.433842
-0.436714
-0.439295
-0.441496
-0.443236
-0.444418
-0.444968
-0.444807
-0.443886
-0.442199
-0.4398
-0.436802
-0.433406
-0.429878
-0.426513
-0.423597
-0.421375
-0.419937
-0.419274
-0.419272
-0.419693
-0.420314
-0.420856
-0.421082
-0.420798
-0.419918
-0.418471
-0.4166
-0.414504
-0.412462
-0.410747
-0.409565
-0.409048
-0.409205
-0.409958
-0.41119
-0.412729
-0.414421
-0.41617
-0.417923
-0.419687
-0.421509
-0.423451
-0.425554
-0.427816
-0.430215
-0.432687
-0.435158
-0.437516
-0.439664
-0.441508
-0.442992
-0.444033
-0.444599
-0.444653
-0.444145
-0.443057
-0.441379
-0.439085
-0.436195
-0.432757
-0.428879
-0.424743
-0.420581
-0.416655
-0.413251
-0.41055
-0.408666
-0.407546
-0.407075
-0.407108
-0.407484
-0.408167
-0.409147
-0.410426
-0.412027
-0.41389
-0.415915
-0.417975
-0.419909
-0.421601
-0.422944
-0.42388
-0.424344
-0.424263
-0.423618
-0.422371
-0.420591
-0.41845
-0.416262
-0.414438
-0.413418
-0.413485
-0.414704
-0.416869
-0.419575
-0.422338
-0.424777
-0.42664
-0.427846
-0.428417
-0.428492
-0.428216
-0.427744
-0.427203
-0.426671
-0.426201
-0.425786
-0.425397
-0.424985
-0.424503
-0.42388
-0.423053
-0.422019
-0.420817
-0.419535
-0.418353
-0.417523
-0.417335
-0.418015
-0.419658
-0.422154
-0.425186
-0.428319
-0.431106
-0.433132
-0.434075
-0.433752
-0.432073
-0.429026
-0.424699
-0.419257
-0.412934
-0.406033
-0.398985
-0.392349
-0.386852
-0.383289
-0.38235
-0.384315
-0.388894
-0.395327
-0.402664
-0.410117
-0.417162
-0.42359
-0.429372
-0.434538
-0.439152
-0.443253
-0.446814
-0.449801
-0.452158
-0.453791
-0.454652
-0.45469
-0.453899
-0.452349
-0.45021
-0.447797
-0.445541
-0.443902
-0.443286
-0.443869
-0.445562
-0.448032
-0.450794
-0.453373
-0.455362
-0.456514
-0.456711
-0.455931
-0.454251
-0.451791
-0.448711
-0.445256
-0.441733
-0.438574
-0.436263
-0.435303
-0.436033
-0.438518
-0.442476
-0.447361
-0.45251
-0.457291
-0.461211
-0.464008
-0.465553
-0.465846
-0.464967
-0.463049
-0.460257
-0.456736
-0.452679
-0.448248
-0.443621
-0.438928
-0.434283
-0.429759
-0.425427
-0.421319
-0.41745
-0.413852
-0.41055
-0.407627
-0.405251
-0.403709
-0.403368
-0.404622
-0.407694
-0.412566
-0.418904
-0.426171
-0.433777
-0.44121
-0.448109
-0.454264
-0.459576
-0.464057
-0.467743
-0.470709
-0.473019
-0.474717
-0.475846
-0.476417
-0.476421
-0.475859
-0.474708
-0.472973
-0.470685
-0.467912
-0.464782
-0.461459
-0.458151
-0.455068
-0.452327
-0.449951
-0.447852
-0.445836
-0.443416
-0.440752
-0.437475
-0.433531
-0.429017
-0.424218
-0.419557
-0.41555
-0.412769
-0.411659
-0.412519
-0.415383
-0.420054
-0.426159
-0.43319
-0.440616
-0.44795
-0.454786
-0.460829
-0.465895
-0.469858
-0.47269
-0.474401
-0.475035
-0.474696
-0.47349
-0.471624
-0.469296
-0.466721
-0.464116
-0.46169
-0.459672
-0.458284
-0.457791
-0.45839
-0.460123
-0.46277
-0.465796
-0.468473
-0.470036
-0.469762
-0.467125
-0.461804
-0.453778
-0.443457
-0.431772
-0.420234
-0.410733
-0.404987
-0.403846
-0.406948
-0.412979
-0.42034
-0.427682
-0.434174
-0.439456
-0.443462
-0.446309
-0.448143
-0.449127
-0.449461
-0.449297
-0.448818
-0.448189
-0.447581
-0.447096
-0.446765
-0.446563
-0.446347
-0.445935
-0.44507
-0.443518
-0.441081
-0.437728
-0.433648
-0.429321
-0.425456
-0.422794
-0.421846
-0.422681
-0.424829
-0.427518
-0.430005
-0.431782
-0.432698
-0.432904
-0.432792
-0.432792
-0.433283
-0.434474
-0.436398
-0.438866
-0.441661
-0.444538
-0.447302
-0.449838
-0.452084
-0.454028
-0.455656
-0.456995
-0.458012
-0.458689
-0.458984
-0.458826
-0.458144
-0.45686
-0.454926
-0.452359
-0.449268
-0.445905
-0.442678
-0.440087
-0.438642
-0.438719
-0.440408
-0.443472
-0.447489
-0.451944
-0.456387
-0.460481
-0.464022
-0.466908
-0.469111
-0.470639
-0.471546
-0.47187
-0.471693
-0.471066
-0.47006
-0.46873
-0.467161
-0.465399
-0.463509
-0.461535
-0.459563
-0.457665
-0.455959
-0.454585
-0.453694
-0.453445
-0.45396
-0.455298
-0.457463
-0.460366
-0.46387
-0.467778
-0.471896
-0.476042
-0.480048
-0.483811
-0.48725
-0.490316
-0.492973
-0.495225
-0.497075
-0.49849
-0.499487
-0.500048
-0.500154
-0.499791
-0.49895
-0.497648
-0.495909
-0.493766
-0.491266
-0.488456
-0.485409
-0.482244
-0.479129
-0.476361
-0.474316
-0.473421
-0.473991
-0.476124
-0.479642
-0.484066
-0.488826
-0.493314
-0.497004
-0.499474
-0.500382
-0.499483
-0.496637
-0.491928
-0.485665
-0.478511
-0.471455
-0.465722
-0.462525
-0.46272
-0.466594
-0.473726
-0.483128
-0.493587
-0.503949
-0.51337
-0.521333
-0.52763
-0.532289
-0.535466
-0.537357
-0.538202
-0.538195
-0.537496
-0.536226
-0.534498
-0.532397
-0.529958
-0.527225
-0.524266
-0.521141
-0.517923
-0.514697
-0.511586
-0.50867
-0.506053
-0.503773
-0.501812
-0.500054
-0.498339
-0.49642
-0.493974
-0.490675
-0.486263
-0.480689
-0.474316
-0.468012
-0.463058
-0.460725
-0.461652
-0.465517
-0.471264
-0.477624
-0.483635
-0.488802
-0.492998
-0.496322
-0.498945
-0.501014
-0.502649
-0.503902
-0.504821
-0.505403
-0.505623
-0.505436
-0.50475
-0.503473
-0.501485
-0.498658
-0.494917
-0.490298
-0.485018
-0.479464
-0.474265
-0.470147
-0.467771
-0.467581
-0.469653
-0.473662
-0.479044
-0.485085
-0.491039
-0.49636
-0.500654
-0.503768
-0.505687
-0.506549
-0.506548
-0.505895
-0.504798
-0.503412
-0.501856
-0.500219
-0.498586
-0.497031
-0.49566
-0.494622
-0.494056
-0.494065
-0.494711
-0.495977
-0.497781
-0.499993
-0.502492
-0.50511
-0.507719
-0.510215
-0.51252
-0.51453
-0.516215
-0.517557
-0.518553
-0.519208
-0.519534
-0.519509
-0.519135
-0.518391
-0.517276
-0.51582
-0.514083
-0.5122
-0.51034
-0.508722
-0.507546
-0.506925
-0.506826
-0.507102
-0.50749
-0.507722
-0.507567
-0.50695
-0.505941
-0.504757
-0.503708
-0.503132
-0.503272
-0.504284
-0.506234
-0.509128
-0.512929
-0.517518
-0.522688
-0.528104
-0.533292
-0.537789
-0.541214
-0.543276
-0.543866
-0.543006
-0.540872
-0.537782
-0.534188
-0.530659
-0.527754
-0.525953
-0.525469
-0.526288
-0.528133
-0.530655
-0.533466
-0.536321
-0.539037
-0.541568
-0.543855
-0.545926
-0.547761
-0.549327
-0.550571
-0.5514
-0.551701
-0.551364
-0.550297
-0.548407
-0.545693
-0.542238
-0.53823
-0.534012
-0.530039
-0.526853
-0.52496
-0.524743
-0.526336
-0.529578
-0.534049
-0.539185
-0.544383
-0.549118
-0.552977
-0.555629
-0.556793
-0.556216
-0.553588
-0.548587
-0.540869
-0.530191
-0.516433
-0.499803
-0.480935
-0.460986
-0.441554
-0.42442
-0.411261
-0.403362
-0.401465
-0.405557
-0.414851
-0.427837
-0.442704
-0.457775
-0.471802
-0.484136
-0.494642
-0.503541
-0.511202
-0.518005
-0.524246
-0.530039
-0.535403
-0.54023
-0.544384
-0.547728
-0.550137
-0.551542
-0.551916
-0.551262
-0.549627
-0.547114
-0.543872
-0.540118
-0.536086
-0.53202
-0.528145
-0.524647
-0.521587
-0.518963
-0.51669
-0.514625
-0.512631
-0.510563
-0.5083
-0.505778
-0.502985
-0.499979
-0.496857
-0.493742
-0.490772
-0.488058
-0.485669
-0.483614
-0.481843
-0.480228
-0.478628
-0.4769
-0.474911
-0.472597
-0.470003
-0.46723
-0.464498
-0.462077
-0.460183
-0.458929
-0.458262
-0.457979
-0.457762
-0.457292
-0.456324
-0.454747
-0.452605
-0.450069
-0.447443
-0.445013
-0.443007
-0.44159
-0.440844
-0.440734
-0.44126
-0.442389
-0.444078
-0.446286
-0.448951
-0.451965
-0.455164
-0.458363
-0.461368
-0.463975
-0.466024
-0.467379
-0.467929
-0.467622
-0.46647
-0.464562
-0.462003
-0.459024
-0.45586
-0.452743
-0.449837
-0.447204
-0.444806
-0.442468
-0.440051
-0.437407
-0.43454
-0.431568
-0.428732
-0.426395
-0.424928
-0.424687
-0.425829
-0.428332
-0.431928
-0.436184
-0.440591
-0.444717
-0.448234
-0.450961
-0.452846
-0.453918
-0.454256
-0.453998
-0.453287
-0.452284
-0.451137
-0.449994
-0.448987
-0.448236
-0.44784
-0.447882
-0.448405
-0.449426
-0.450955
-0.452931
-0.455291
-0.457928
-0.46072
-0.46354
-0.466247
-0.468745
-0.470923
-0.472662
-0.473872
-0.474501
-0.474471
-0.473748
-0.472311
-0.470197
-0.467501
-0.464369
-0.461017
-0.45775
-0.454908
-0.452846
-0.451879
-0.452285
-0.454151
-0.457436
-0.461919
-0.467206
-0.472816
-0.478234
-0.482996
-0.486673
-0.488994
-0.489818
-0.48913
-0.487063
-0.483933
-0.480106
-0.476064
-0.472262
-0.469031
-0.466591
-0.464934
-0.463925
-0.46333
-0.46288
-0.46233
-0.461504
-0.460293
-0.458674
-0.456647
-0.454275
-0.451674
-0.448992
-0.446429
-0.444249
-0.44274
-0.442223
-0.442882
-0.444744
-0.447701
-0.451527
-0.455942
-0.460671
-0.46552
-0.470314
-0.474959
-0.479319
-0.483309
-0.486805
-0.489721
-0.491944
-0.493398
-0.494045
-0.493852
-0.492828
-0.491026
-0.488551
-0.485564
-0.482271
-0.478899
-0.475751
-0.473096
-0.47112
-0.46993
-0.469482
-0.469647
-0.470223
-0.47099
-0.471758
-0.472391
-0.472774
-0.472885
-0.472744
-0.472331
-0.471726
-0.470981
-0.470185
-0.469431
-0.468785
-0.468346
-0.468107
-0.468066
-0.468109
-0.468096
-0.467854
-0.467224
-0.4661
-0.464498
-0.462542
-0.460521
-0.458729
-0.457461
-0.456868
-0.456899
-0.457349
-0.457949
-0.458462
-0.45874
-0.458688
-0.458254
-0.457356
-0.455856
-0.453555
-0.450226
-0.445593
-0.439375
-0.431422
-0.4219
-0.411696
-0.402622
-0.397206
-0.397541
-0.404036
-0.415119
-0.428281
-0.441346
-0.453012
-0.462796
-0.470584
-0.47647
-0.48059
-0.483087
-0.484124
-0.483893
-0.482615
-0.480486
-0.47777
-0.474706
-0.471551
-0.46856
-0.465953
-0.463895
-0.462486
-0.46172
-0.461523
-0.461718
-0.462116
-0.462507
-0.46268
-0.462466
-0.461738
-0.460433
-0.458519
-0.456049
-0.453147
-0.450045
-0.447017
-0.444414
-0.442533
-0.44161
-0.441714
-0.442754
-0.44447
-0.446543
-0.44865
-0.45048
-0.45184
-0.452587
-0.452625
-0.451926
-0.450507
-0.448402
-0.445675
-0.442434
-0.438857
-0.435108
-0.431425
-0.428053
-0.425212
-0.423072
-0.421684
-0.420949
-0.420661
-0.420485
-0.420027
-0.41891
-0.41684
-0.413669
-0.409431
-0.404395
-0.398995
-0.393795
-0.38937
-0.386188
-0.384546
-0.384509
-0.385941
-0.388551
-0.391907
-0.395525
-0.398868
-0.401513
-0.403195
-0.403941
-0.404011
-0.403818
-0.403688
-0.403695
-0.403647
-0.403267
-0.402551
-0.401925
-0.402169
-0.404
-0.407638
-0.412631
-0.418141
-0.423236
-0.427275
-0.429974
-0.431336
-0.431537
-0.430885
-0.429704
-0.428293
-0.426928
-0.425833
-0.425111
-0.424793
-0.424848
-0.425135
-0.425531
-0.425873
-0.426028
-0.425881
-0.425359
-0.424435
-0.423096
-0.42141
-0.41949
-0.417517
-0.415714
-0.41437
-0.413679
-0.413749
-0.414481
-0.415552
-0.416533
-0.41688
-0.416122
-0.413984
-0.410472
-0.405921
-0.401082
-0.396924
-0.394361
-0.393911
-0.395481
-0.398468
-0.402016
-0.405327
-0.407813
-0.409132
-0.409147
-0.407937
-0.405802
-0.403244
-0.400903
-0.399461
-0.399349
-0.40061
-0.402866
-0.405471
-0.407754
-0.409164
-0.409417
-0.408453
-0.406422
-0.403613
-0.4004
-0.397259
-0.394686
-0.393096
-0.392785
-0.393804
-0.396012
-0.399071
-0.402576
-0.406141
-0.40946
-0.412332
-0.414676
-0.416473
-0.417759
-0.41859
-0.419021
-0.419086
-0.418803
-0.41817
-0.417145
-0.415648
-0.413563
-0.410705
-0.406865
-0.401819
-0.39546
-0.38794
-0.379837
-0.372212
-0.366349
-0.363158
-0.362678
-0.364034
-0.365955
-0.367481
-0.368297
-0.368691
-0.369195
-0.370257
-0.372029
-0.374468
-0.377415
-0.38069
-0.38415
-0.38762
-0.390896
-0.393758
-0.39606
-0.397699
-0.398675
-0.399049
-0.398947
-0.39851
-0.397884
-0.39722
-0.396639
-0.396217
-0.395995
-0.395952
-0.396043
-0.396182
-0.396231
-0.396093
-0.395675
-0.394961
-0.394045
-0.393129
-0.392513
-0.392512
-0.393391
-0.395198
-0.397743
-0.400587
-0.403098
-0.40458
-0.404303
-0.401581
-0.395888
-0.387101
-0.375836
-0.363918
-0.354238
-0.349646
-0.351221
-0.357552
-0.365733
-0.37313
-0.378341
-0.38115
-0.382028
-0.38165
-0.380598
-0.379227
-0.377669
-0.375897
-0.373918
-0.371811
-0.369861
-0.368516
-0.368292
-0.369665
-0.372889
-0.377896
-0.384319
-0.391574
-0.399047
-0.406198
-0.412627
-0.418111
-0.422565
-0.425984
-0.428446
-0.430039
-0.430874
-0.431033
-0.430584
-0.429573
-0.427996
-0.425826
-0.423045
-0.419636
-0.415603
-0.411054
-0.40625
-0.401551
-0.397448
-0.394442
-0.392902
-0.392937
-0.394405
-0.396918
-0.400059
-0.403443
-0.406828
-0.410092
-0.413199
-0.416116
-0.418834
-0.421282
-0.423438
-0.425224
-0.426571
-0.427466
-0.427887
-0.427849
-0.427386
-0.42652
-0.425305
-0.423757
-0.421888
-0.419698
-0.417141
-0.414207
-0.410857
-0.407079
-0.40291
-0.398427
-0.3938
-0.389241
-0.384959
-0.381208
-0.378193
-0.376079
-0.375016
-0.375089
-0.376331
-0.378665
-0.381917
-0.385818
-0.390054
-0.394275
-0.398186
-0.401545
-0.404212
-0.406115
-0.407268
-0.407757
-0.4077
-0.40727
-0.406665
-0.406063
-0.405664
-0.405591
-0.405932
-0.406703
-0.407833
-0.40919
-0.410626
-0.411964
-0.413035
-0.413693
-0.413826
-0.413358
-0.412259
-0.410548
-0.408271
-0.405521
-0.402388
-0.398955
-0.395265
-0.39133
-0.387221
-0.383068
-0.379222
-0.376209
-0.374687
-0.375178
-0.377837
-0.382244
-0.387575
-0.392862
-0.397305
-0.400428
-0.402055
-0.40224
-0.401217
-0.399247
-0.396598
-0.393497
-0.390117
-0.386594
-0.383008
-0.379448
-0.376083
-0.373121
-0.370826
-0.369485
-0.369334
-0.370459
-0.372745
-0.375833
-0.379239
-0.382479
-0.385178
-0.387153
-0.388469
-0.389359
-0.390153
-0.391156
-0.392593
-0.394543
-0.396918
-0.399568
-0.402293
-0.404918
-0.407314
-0.409384
-0.411108
-0.412477
-0.413488
-0.414161
-0.414526
-0.414623
-0.414484
-0.41416
-0.413708
-0.413179
-0.41263
-0.412144
-0.411764
-0.411547
-0.411543
-0.411775
-0.41224
-0.412912
-0.413763
-0.414743
-0.41581
-0.416902
-0.41799
-0.419034
-0.420026
-0.420965
-0.421857
-0.422734
-0.423595
-0.424467
-0.425366
-0.426294
-0.427253
-0.428221
-0.429221
-0.430206
-0.431183
-0.432157
-0.433112
-0.434033
-0.43489
-0.435677
-0.436335
-0.436824
-0.437078
-0.437056
-0.436719
-0.436077
-0.435165
-0.434093
-0.433052
-0.432264
-0.43202
-0.432595
-0.434161
-0.436743
-0.440223
-0.444306
-0.448665
-0.452961
-0.456919
-0.460393
-0.463298
-0.465637
-0.467486
-0.468921
-0.470027
-0.470875
-0.47149
-0.471888
-0.472022
-0.47188
-0.47142
-0.470649
-0.469563
-0.468226
-0.466702
-0.465087
-0.463424
-0.461738
-0.46004
-0.458322
-0.456544
-0.454668
-0.452647
-0.450446
-0.448033
-0.445413
-0.442629
-0.439773
-0.437013
-0.43452
-0.432467
-0.430965
-0.430025
-0.429558
-0.429421
-0.429531
-0.429875
-0.430592
-0.431871
-0.43387
-0.436603
-0.439939
-0.443629
-0.447376
-0.450942
-0.45414
-0.456896
-0.459176
-0.460985
-0.462348
-0.463304
-0.463877
-0.464126
-0.464082
-0.463777
-0.463264
-0.462582
-0.461771
-0.460872
-0.459933
-0.45899
-0.458081
-0.457237
-0.456518
-0.455954
-0.455576
-0.455388
-0.455377
-0.455494
-0.455649
-0.45569
-0.455412
-0.454539
-0.452714
-0.449527
-0.444544
-0.437422
-0.428172
-0.417497
-0.407136
-0.399702
-0.397705
-0.402082
-0.411656
-0.423883
-0.436247
-0.447101
-0.455728
-0.462026
-0.466146
-0.468252
-0.468462
-0.4668
-0.463206
-0.45757
-0.4498
-0.439978
-0.428477
-0.416283
-0.40506
-0.39703
-0.394204
-0.39735
-0.405588
-0.416842
-0.428834
-0.439883
-0.449116
-0.456298
-0.461568
-0.465224
-0.467582
-0.46891
-0.469428
-0.469273
-0.468509
-0.467117
-0.464992
-0.461915
-0.457602
-0.451703
-0.443917
-0.434236
-0.423212
-0.412293
-0.403682
-0.399609
-0.401157
-0.407606
-0.416906
-0.426896
-0.436054
-0.443715
-0.449794
-0.454531
-0.458202
-0.461086
-0.463364
-0.465153
-0.466473
-0.467353
-0.46779
-0.467841
-0.467609
-0.467249
-0.466979
-0.467003
-0.467501
-0.468579
-0.47026
-0.472461
-0.475066
-0.477894
-0.480802
-0.483669
-0.486415
-0.488973
-0.491321
-0.493411
-0.495252
-0.496823
-0.498096
-0.499068
-0.499707
-0.499976
-0.499843
-0.499237
-0.498108
-0.496348
-0.493848
-0.490458
-0.486008
-0.480325
-0.473301
-0.464965
-0.455626
-0.445965
-0.436991
-0.429893
-0.425675
-0.424777
-0.426999
-0.431601
-0.437612
-0.444084
-0.450246
-0.45554
-0.459633
-0.462366
-0.463728
-0.463814
-0.462759
-0.460768
-0.458043
-0.45483
-0.451378
-0.448029
-0.445137
-0.443105
-0.442251
-0.4428
-0.444759
-0.447959
-0.452072
-0.456728
-0.46156
-0.466265
-0.470613
-0.474478
-0.477789
-0.480494
-0.482566
-0.484025
-0.484893
-0.4852
-0.484974
-0.484261
-0.48313
-0.481634
-0.479871
-0.477956
-0.475994
-0.474136
-0.472506
-0.471209
-0.470295
-0.469783
-0.46962
-0.469714
-0.469946
-0.470164
-0.470278
-0.470203
-0.469924
-0.469474
-0.468912
-0.468331
-0.467805
-0.467382
-0.46699
-0.466461
-0.465517
-0.463833
-0.461082
-0.457069
-0.45181
-0.445649
-0.439218
-0.43334
-0.428761
-0.425876
-0.424609
-0.424532
-0.425041
-0.42567
-0.426182
-0.42656
-0.426912
-0.427301
-0.427659
-0.427841
-0.427675
-0.427088
-0.426216
-0.425392
-0.425052
-0.42558
-0.42711
-0.429454
-0.432209
-0.434901
-0.437183
-0.438886
-0.44001
-0.440719
-0.441236
-0.441759
-0.442455
-0.443424
-0.44471
-0.446316
-0.448202
-0.450312
-0.452573
-0.45486
-0.457073
-0.459037
-0.460596
-0.461558
-0.461742
-0.460965
-0.459079
-0.455953
-0.451508
-0.445794
-0.438958
-0.431283
-0.423208
-0.415235
-0.407921
-0.40188
-0.39768
-0.395845
-0.396667
-0.400108
-0.405786
-0.413041
-0.421117
-0.42931
-0.437079
-0.444074
-0.450122
-0.455153
-0.459199
-0.462278
-0.464393
-0.465538
-0.465634
-0.464573
-0.462212
-0.458408
-0.453044
-0.446174
-0.438082
-0.42939
-0.42104
-0.414116
-0.409506
-0.407565
-0.408035
-0.410291
-0.413627
-0.417512
-0.421664
-0.425927
-0.430197
-0.434336
-0.438169
-0.441439
-0.443948
-0.445544
-0.446131
-0.445691
-0.444313
-0.44214
-0.439407
-0.436398
-0.433402
-0.430723
-0.428619
-0.42727
-0.426731
-0.426952
-0.427784
-0.429024
-0.430445
-0.431888
-0.433233
-0.434473
-0.435633
-0.436792
-0.438015
-0.439315
-0.440678
-0.44202
-0.443229
-0.444173
-0.444754
-0.444857
-0.44441
-0.443348
-0.441619
-0.439213
-0.436143
-0.432435
-0.428235
-0.423753
-0.419329
-0.415443
-0.412567
-0.411081
-0.411143
-0.412601
-0.415034
-0.417834
-0.420425
-0.422281
-0.42301
-0.422369
-0.420283
-0.416799
-0.412163
-0.406796
-0.401298
-0.396346
-0.39247
-0.389954
-0.388726
-0.388443
-0.388666
-0.389038
-0.389338
-0.389507
-0.389597
-0.389667
-0.389732
-0.389798
-0.389846
-0.389851
-0.389842
-0.389907
-0.390178
-0.390768
-0.391732
-0.392989
-0.394401
-0.3957
-0.396613
-0.396866
-0.396249
-0.394633
-0.392032
-0.38856
-0.384492
-0.380228
-0.376245
-0.37304
-0.370966
-0.370156
-0.370531
-0.371813
-0.373687
-0.37582
-0.378007
-0.38009
-0.381993
-0.383654
-0.385036
-0.38612
-0.386885
-0.387306
-0.387388
-0.387111
-0.386458
-0.385427
-0.384015
-0.38221
-0.380048
-0.377557
-0.374776
-0.371776
-0.36867
-0.365583
-0.362656
-0.360031
-0.357852
-0.356193
-0.355107
-0.35456
-0.354514
-0.354841
-0.355451
-0.356237
-0.357077
-0.357871
-0.358513
-0.358884
-0.35885
-0.35823
-0.356837
-0.354502
-0.351052
-0.34639
-0.34055
-0.333745
-0.326476
-0.319567
-0.314116
-0.3113
-0.311998
-0.316337
-0.323592
-0.332502
-0.341647
-0.349911
-0.356545
-0.361174
-0.363613
-0.363802
-0.361722
-0.357432
-0.35116
-0.343495
-0.335537
-0.328833
-0.324971
-0.324839
-0.328251
-0.334055
-0.340733
-0.347037
-0.352255
-0.356148
-0.358779
-0.360351
-0.361111
-0.361255
-0.360931
-0.360267
-0.359305
-0.358104
-0.356678
-0.355061
-0.353306
-0.35145
-0.349623
-0.347954
-0.346622
-0.345795
-0.345587
-0.346072
-0.34723
-0.348931
-0.351002
-0.353236
-0.35545
-0.357487
-0.359271
-0.360747
-0.361903
-0.362752
-0.363323
-0.36363
-0.36365
-0.363321
-0.362509
-0.361035
-0.358673
-0.355238
-0.350692
-0.345207
-0.339316
-0.333833
-0.329687
-0.327506
-0.327364
-0.328739
-0.330817
-0.332807
-0.334206
-0.334821
-0.334723
-0.334204
-0.333638
-0.333491
-0.334206
-0.336081
-0.339215
-0.343495
-0.348639
-0.354284
-0.360111
-0.365836
-0.371293
-0.37637
-0.381011
-0.385164
-0.388802
-0.3919
-0.394452
-0.396424
-0.397813
-0.398578
-0.398719
-0.398231
-0.397116
-0.395375
-0.393059
-0.390215
-0.386973
-0.383462
-0.379872
-0.376379
-0.373153
-0.370321
-0.367981
-0.36612
-0.364716
-0.363721
-0.363123
-0.362907
-0.363084
-0.363662
-0.364631
-0.365936
-0.367481
-0.369092
-0.370603
-0.371861
-0.372736
-0.373214
-0.373364
-0.373352
-0.373393
-0.37367
-0.374313
-0.375347
-0.37671
-0.378287
-0.379917
-0.381423
-0.382588
-0.383136
-0.382856
-0.381609
-0.379431
-0.376503
-0.373163
-0.369716
-0.36636
-0.363109
-0.359814
-0.3564
-0.35294
-0.349845
-0.347691
-0.346958
-0.347811
-0.350018
-0.353071
-0.356399
-0.359563
-0.362361
-0.364735
-0.366729
-0.368471
-0.370058
-0.37155
-0.372974
-0.374311
-0.375545
-0.376622
-0.377493
-0.37813
-0.378474
-0.378511
-0.378208
-0.377548
-0.376522
-0.375119
-0.373335
-0.371209
-0.36873
-0.365982
-0.363044
-0.360025
-0.357073
-0.354396
-0.352181
-0.350628
-0.349902
-0.350086
-0.35118
-0.353094
-0.35562
-0.358482
-0.361344
-0.363828
-0.365557
-0.366185
-0.365391
-0.362944
-0.358736
-0.352932
-0.345996
-0.338739
-0.332182
-0.327292
-0.324654
-0.324293
-0.325855
-0.328794
-0.332664
-0.337062
-0.341623
-0.345971
-0.349769
-0.352845
-0.355301
-0.357423
-0.359529
-0.361938
-0.36476
-0.367919
-0.371097
-0.373812
-0.375433
-0.375199
-0.372311
-0.366055
-0.356276
-0.344003
-0.332107
-0.324718
-0.325099
-0.333226
-0.345853
-0.358908
-0.369676
-0.377201
-0.381672
-0.383769
-0.384229
-0.383689
-0.382642
-0.381465
-0.380441
-0.379772
-0.379567
-0.379908
-0.380759
-0.382062
-0.383715
-0.385628
-0.387696
-0.389841
-0.392009
-0.394164
-0.396295
-0.398391
-0.400438
-0.402418
-0.404339
-0.406162
-0.407845
-0.409337
-0.41057
-0.411478
-0.411958
-0.411903
-0.411217
-0.409762
-0.407425
-0.404107
-0.399809
-0.394634
-0.388851
-0.382983
-0.377725
-0.37384
-0.371965
-0.372335
-0.374745
-0.378552
-0.382982
-0.387258
-0.390865
-0.393502
-0.395107
-0.395736
-0.395528
-0.394681
-0.393381
-0.391921
-0.390628
-0.3899
-0.390122
-0.391534
-0.39413
-0.397651
-0.401673
-0.405752
-0.40954
-0.412868
-0.415751
-0.418303
-0.420682
-0.423021
-0.425365
-0.427653
-0.429699
-0.431154
-0.431568
-0.430408
-0.427137
-0.421458
-0.413649
-0.404962
-0.397719
-0.394555
-0.397036
-0.404583
-0.414912
-0.425391
-0.434221
-0.440671
-0.444751
-0.446827
-0.447349
-0.446717
-0.445265
-0.443218
-0.440768
-0.43803
-0.435121
-0.432133
-0.429157
-0.426288
-0.423619
-0.421244
-0.419226
-0.417621
-0.416466
-0.415758
-0.415471
-0.415571
-0.416012
-0.416733
-0.417695
-0.418838
-0.420123
-0.421535
-0.423055
-0.424685
-0.426405
-0.428207
-0.430075
-0.431969
-0.433865
-0.435715
-0.437473
-0.439081
-0.440515
-0.441732
-0.442669
-0.443309
-0.443612
-0.443541
-0.443083
-0.442235
-0.441013
-0.439443
-0.437637
-0.435693
-0.433724
-0.431856
-0.430205
-0.428829
-0.42773
-0.426915
-0.42635
-0.426024
-0.425939
-0.426105
-0.426503
-0.427046
-0.427568
-0.427816
-0.427536
-0.426556
-0.42493
-0.423019
-0.421551
-0.421327
-0.422972
-0.42662
-0.431788
-0.43765
-0.443284
-0.447982
-0.451332
-0.45316
-0.453462
-0.452349
-0.450027
-0.446718
-0.442697
-0.438346
-0.434051
-0.430202
-0.427125
-0.424962
-0.423655
-0.422922
-0.422305
-0.421336
-0.419702
-0.417377
-0.41471
-0.412339
-0.411028
-0.411334
-0.413372
-0.416823
-0.421159
-0.425813
-0.430428
-0.434813
-0.438937
-0.442829
-0.446525
-0.450056
-0.45344
-0.456684
-0.459811
-0.462832
-0.465758
-0.46862
-0.471406
-0.474131
-0.476793
-0.479349
-0.481795
-0.4841
-0.486223
-0.488123
-0.489737
-0.491032
-0.491936
-0.492378
-0.492256
-0.491498
-0.490002
-0.487694
-0.484514
-0.480484
-0.475743
-0.470608
-0.465627
-0.461542
-0.459119
-0.458878
-0.460784
-0.464244
-0.46831
-0.472063
-0.474913
-0.476672
-0.47749
-0.477777
-0.477999
-0.478534
-0.47956
-0.480924
-0.482222
-0.482815
-0.482011
-0.479133
-0.473635
-0.465252
-0.454212
-0.441613
-0.429506
-0.420712
-0.417953
-0.422741
-0.434668
-0.451628
-0.47075
-0.489348
-0.505519
-0.51821
-0.527119
-0.532364
-0.534331
-0.533485
-0.530323
-0.525385
-0.51923
-0.512526
-0.50605
-0.500666
-0.497071
-0.49563
-0.496192
-0.498173
-0.500782
-0.503354
-0.505428
-0.506803
-0.507499
-0.507624
-0.507331
-0.506761
-0.506022
-0.505186
-0.504294
-0.50336
-0.502409
-0.501434
-0.500455
-0.499484
-0.498565
-0.497691
-0.496874
-0.496119
-0.495426
-0.494762
-0.494122
-0.493417
-0.492589
-0.491542
-0.490189
-0.488396
-0.486057
-0.483071
-0.47937
-0.474993
-0.470051
-0.464867
-0.459894
-0.455705
-0.452866
-0.451766
-0.452482
-0.454745
-0.458029
-0.461682
-0.465121
-0.467874
-0.469661
-0.47036
-0.469987
-0.468677
-0.466652
-0.464166
-0.461553
-0.459133
-0.457241
-0.456077
-0.455724
-0.456117
-0.457096
-0.458438
-0.459921
-0.46139
-0.46273
-0.463905
-0.464937
-0.465881
-0.466772
-0.467661
-0.468579
-0.469533
-0.470497
-0.471464
-0.472398
-0.473281
-0.474091
-0.474822
-0.47547
-0.476011
-0.47646
-0.476797
-0.477004
-0.47705
-0.476912
-0.476559
-0.475944
-0.475019
-0.473741
-0.472068
-0.469995
-0.467537
-0.46476
-0.461821
-0.458891
-0.456196
-0.453896
-0.45207
-0.450657
-0.449512
-0.448422
-0.447236
-0.44599
-0.44491
-0.444349
-0.444676
-0.446135
-0.448701
-0.452145
-0.456115
-0.46028
-0.464393
-0.468343
-0.472062
-0.47555
-0.478744
-0.481566
-0.48392
-0.485671
-0.48669
-0.486856
-0.486135
-0.484559
-0.482308
-0.479718
-0.477238
-0.4754
-0.47464
-0.475186
-0.476933
-0.479575
-0.482631
-0.485671
-0.48835
-0.490519
-0.492108
-0.493173
-0.493787
-0.494064
-0.49405
-0.493795
-0.493276
-0.492447
-0.491258
-0.489616
-0.487446
-0.484705
-0.481428
-0.477721
-0.473838
-0.470151
-0.467103
-0.465112
-0.46443
-0.465107
-0.466916
-0.469463
-0.472274
-0.474953
-0.477226
-0.478954
-0.4801
-0.480717
-0.480897
-0.480747
-0.480352
-0.479765
-0.479037
-0.478167
-0.477165
-0.476004
-0.474714
-0.473345
-0.47199
-0.470772
-0.469822
-0.469248
-0.469152
-0.469586
-0.470551
-0.47201
-0.473872
-0.47603
-0.47838
-0.480781
-0.483138
-0.48535
-0.487355
-0.489125
-0.49064
-0.491899
-0.492925
-0.493729
-0.494339
-0.494784
-0.495087
-0.495282
-0.495373
-0.495378
-0.495326
-0.495232
-0.495137
-0.495048
-0.494972
-0.49495
-0.494979
-0.495043
-0.495156
-0.495283
-0.4954
-0.495502
-0.495587
-0.495696
-0.495865
-0.496199
-0.49681
-0.497806
-0.499284
-0.501314
-0.503869
-0.506863
-0.510097
-0.513259
-0.515929
-0.51761
-0.517694
-0.515589
-0.510835
-0.503399
-0.494098
-0.484878
-0.478472
-0.477017
-0.480771
-0.487862
-0.495454
-0.501237
-0.504006
-0.503568
-0.500323
-0.494942
-0.488237
-0.481036
-0.474163
-0.468446
-0.464614
-0.463244
-0.46464
-0.468767
-0.475257
-0.483451
-0.492603
-0.501998
-0.511056
-0.519392
-0.52676
-0.533044
-0.538209
-0.542221
-0.545072
-0.546737
-0.5472
-0.546448
-0.544475
-0.541333
-0.537138
-0.532069
-0.526398
-0.520475
-0.514639
-0.509182
-0.504305
-0.500047
-0.496303
-0.492859
-0.489435
-0.485751
-0.481652
-0.477051
-0.472063
-0.466973
-0.462157
-0.458074
-0.455146
-0.453677
-0.453836
-0.45555
-0.458593
-0.462571
-0.467036
-0.47149
-0.475517
-0.478808
-0.481192
-0.482621
-0.483197
-0.483151
-0.48279
-0.482442
-0.48243
-0.483014
-0.484293
-0.486219
-0.488601
-0.491152
-0.493576
-0.495589
-0.496943
-0.497471
-0.497046
-0.495595
-0.493028
-0.489294
-0.484357
-0.47824
-0.471056
-0.463051
-0.454677
-0.446605
-0.439633
-0.434507
-0.431756
-0.431477
-0.433323
-0.436652
-0.440724
-0.44485
-0.448444
-0.451095
-0.452452
-0.452284
-0.450447
-0.44688
-0.441702
-0.435229
-0.428056
-0.420978
-0.414865
-0.41042
-0.408019
-0.407617
-0.408939
-0.411566
-0.415122
-0.41927
-0.42372
-0.42824
-0.432641
-0.436776
-0.440492
-0.443725
-0.446424
-0.448569
-0.450159
-0.451209
-0.451738
-0.451786
-0.451362
-0.450504
-0.449258
-0.447649
-0.445714
-0.443489
-0.441042
-0.438433
-0.435779
-0.433168
-0.430761
-0.428683
-0.427069
-0.426014
-0.425557
-0.425647
-0.426175
-0.426932
-0.427705
-0.428255
-0.428281
-0.427542
-0.425849
-0.423052
-0.419191
-0.414472
-0.409271
-0.404128
-0.399588
-0.396152
-0.394173
-0.393875
-0.395332
-0.398465
-0.402988
-0.408413
-0.414093
-0.419354
-0.423632
-0.426566
-0.428017
-0.428064
-0.427004
-0.425264
-0.423355
-0.421758
-0.420773
-0.420473
-0.420723
-0.421292
-0.421893
-0.422348
-0.42255
-0.42254
-0.422432
-0.422355
-0.422465
-0.422911
-0.423729
-0.424935
-0.426497
-0.428329
-0.430335
-0.432418
-0.434476
-0.436406
-0.438164
-0.439673
-0.440907
-0.441837
-0.442439
-0.442686
-0.442571
-0.442064
-0.441129
-0.439742
-0.437872
-0.435461
-0.4325
-0.428909
-0.424681
-0.419794
-0.414281
-0.408308
-0.402219
-0.396653
-0.392471
-0.390612
-0.391734
-0.395904
-0.402489
-0.410361
-0.418324
-0.425397
-0.43099
-0.434864
-0.437069
-0.437857
-0.437653
-0.436915
-0.436164
-0.435876
-0.436441
-0.438023
-0.440601
-0.443958
-0.447726
-0.451471
-0.45476
-0.457208
-0.45846
-0.458271
-0.456442
-0.452852
-0.44748
-0.440471
-0.43219
-0.42327
-0.414616
-0.407331
-0.402435
-0.400611
-0.401962
-0.405944
-0.411608
-0.417915
-0.423983
-0.429265
-0.433531
-0.43677
-0.439087
-0.440653
-0.441622
-0.442129
-0.442266
-0.442082
-0.441593
-0.4408
-0.439728
-0.438381
-0.436774
-0.434973
-0.433036
-0.430999
-0.428928
-0.426853
-0.42479
-0.422736
-0.420648
-0.418474
-0.416195
-0.413745
-0.411103
-0.408219
-0.405124
-0.401829
-0.398414
-0.395008
-0.391806
-0.389034
-0.387004
-0.38594
-0.386031
-0.387313
-0.389641
-0.392795
-0.396421
-0.400157
-0.403692
-0.406789
-0.409289
-0.411123
-0.41224
-0.412686
-0.412438
-0.411511
-0.409897
-0.407548
-0.404386
-0.400302
-0.395203
-0.388967
-0.381587
-0.373249
-0.364427
-0.355941
-0.348868
-0.344221
-0.342596
-0.343839
-0.347205
-0.351728
-0.356551
-0.361195
-0.365448
-0.369289
-0.372731
-0.37578
-0.378354
-0.380356
-0.381691
-0.382299
-0.382137
-0.381226
-0.379654
-0.377564
-0.375153
-0.372674
-0.370398
-0.368546
-0.367254
-0.366433
-0.365841
-0.365014
-0.363391
-0.360423
-0.355755
-0.349369
-0.341878
-0.334572
-0.329116
-0.326978
-0.328731
-0.333794
-0.340831
-0.348483
-0.355773
-0.362224
-0.367694
-0.372202
-0.375841
-0.378683
-0.380787
-0.382181
-0.382877
-0.382923
-0.382286
-0.380985
-0.37903
-0.376471
-0.373409
-0.369973
-0.366411
-0.363011
-0.360098
-0.357935
-0.356695
-0.356391
-0.356919
-0.358065
-0.359589
-0.361301
-0.363072
-0.364847
-0.366635
-0.36846
-0.370381
-0.372419
-0.374578
-0.376843
-0.379166
-0.381468
-0.383706
-0.38581
-0.387729
-0.389447
-0.390945
-0.392227
-0.393314
-0.39424
-0.395053
-0.395786
-0.39648
-0.397157
-0.397888
-0.398682
-0.39958
-0.400615
-0.401797
-0.403149
-0.404646
-0.406265
-0.407953
-0.409647
-0.411291
-0.412813
-0.41418
-0.415362
-0.416361
-0.41723
-0.418011
-0.418789
-0.419613
-0.42057
-0.421733
-0.423141
-0.42484
-0.426841
-0.429121
-0.431623
-0.434264
-0.436937
-0.439489
-0.441811
-0.443775
-0.445262
-0.44621
-0.446588
-0.446401
-0.445724
-0.444698
-0.443517
-0.442414
-0.441615
-0.441343
-0.441724
-0.442787
-0.444489
-0.446678
-0.449161
-0.451774
-0.454399
-0.456975
-0.459538
-0.462117
-0.464697
-0.467243
-0.469631
-0.471699
-0.473302
-0.47437
-0.474965
-0.4753
-0.475686
-0.476518
-0.478135
-0.480763
-0.484414
-0.488922
-0.493951
-0.499096
-0.50398
-0.508242
-0.51163
-0.513962
-0.515171
-0.515234
-0.514199
-0.512182
-0.509334
-0.505872
-0.502079
-0.498249
-0.49465
-0.491491
-0.488817
-0.486489
-0.484142
-0.481124
-0.476473
-0.468927
-0.45718
-0.440799
-0.421836
-0.406161
-0.401431
-0.411099
-0.430949
-0.453055
-0.471647
-0.484751
-0.492763
-0.49685
-0.498112
-0.497374
-0.495182
-0.491946
-0.487964
-0.483599
-0.479224
-0.475277
-0.472161
-0.470146
-0.469298
-0.469457
-0.470302
-0.471447
-0.472543
-0.473312
-0.473607
-0.473321
-0.47238
-0.470726
-0.468282
-0.464994
-0.460824
-0.455804
-0.450053
-0.443813
-0.43738
-0.431059
-0.425048
-0.419378
-0.413935
-0.408541
-0.403133
-0.397799
-0.392888
-0.38883
-0.386074
-0.384956
-0.385585
-0.387836
-0.391424
-0.395966
-0.401077
-0.406444
-0.411839
-0.417089
-0.422053
-0.426638
-0.43072
-0.434248
-0.437192
-0.439559
-0.441387
-0.442759
-0.443778
-0.444514
-0.445031
-0.445351
-0.445467
-0.445318
-0.444801
-0.443766
-0.442052
-0.43956
-0.436259
-0.432313
-0.428131
-0.424343
-0.421626
-0.420534
-0.421212
-0.423345
-0.426292
-0.429318
-0.431764
-0.433163
-0.433237
-0.43181
-0.428852
-0.424501
-0.419185
-0.413646
-0.408896
-0.405956
-0.405546
-0.407785
-0.412189
-0.417979
-0.424351
-0.430637
-0.436374
-0.441171
-0.444754
-0.446876
-0.447361
-0.446169
-0.443414
-0.439448
-0.434868
-0.430497
-0.427191
-0.425632
-0.426099
-0.428467
-0.432228
-0.436819
-0.441691
-0.446497
-0.451049
-0.455281
-0.459198
-0.462753
-0.465917
-0.468612
-0.470731
-0.472161
-0.472767
-0.472475
-0.471231
-0.469042
-0.465964
-0.462161
-0.457892
-0.453477
-0.449294
-0.445665
-0.442862
-0.440975
-0.439918
-0.439522
-0.439528
-0.439717
-0.439921
-0.440031
-0.440031
-0.439938
-0.439834
-0.439777
-0.439848
-0.440117
-0.440615
-0.441366
-0.442347
-0.443487
-0.444751
-0.446023
-0.447184
-0.448087
-0.448591
-0.448549
-0.447782
-0.446129
-0.443447
-0.439667
-0.434819
-0.429075
-0.422783
-0.416406
-0.410445
-0.405267
-0.401037
-0.397727
-0.395148
-0.393079
-0.391391
-0.389997
-0.388963
-0.388525
-0.389028
-0.390784
-0.393947
-0.398396
-0.403801
-0.409681
-0.415619
-0.421265
-0.426398
-0.43091
-0.434779
-0.438009
-0.440636
-0.442703
-0.444256
-0.445365
-0.446078
-0.446458
-0.446549
-0.446405
-0.446074
-0.445591
-0.445002
-0.444324
-0.443594
-0.442837
-0.44207
-0.44131
-0.440582
-0.439904
-0.439292
-0.438761
-0.438336
-0.438037
-0.437871
-0.437877
-0.438045
-0.438375
-0.438895
-0.439585
-0.440433
-0.441436
-0.442551
-0.443748
-0.444977
-0.446196
-0.447347
-0.448395
-0.449296
-0.450016
-0.450505
-0.450772
-0.450807
-0.450598
-0.450183
-0.449592
-0.448865
-0.448045
-0.447183
-0.446312
-0.44548
-0.444744
-0.444223
-0.444048
-0.444381
-0.445371
-0.447083
-0.449426
-0.452182
-0.455047
-0.457723
-0.459974
-0.461793
-0.46336
-0.46495
-0.466864
-0.469271
-0.472123
-0.475177
-0.478031
-0.480338
-0.481775
-0.482159
-0.481419
-0.479541
-0.476588
-0.472635
-0.467779
-0.46216
-0.45598
-0.449611
-0.443594
-0.438587
-0.435348
-0.434461
-0.436162
-0.440247
-0.446107
-0.452932
-0.45989
-0.466249
-0.471515
-0.475383
-0.477739
-0.478616
-0.47818
-0.476687
-0.474462
-0.471926
-0.46953
-0.467708
-0.466793
-0.466927
-0.46804
-0.469824
-0.471831
-0.473568
-0.474581
-0.474545
-0.473271
-0.470694
-0.466932
-0.462235
-0.457047
-0.451999
-0.447821
-0.445258
-0.444835
-0.446711
-0.450603
-0.455896
-0.461828
-0.467637
-0.472706
-0.476641
-0.479207
-0.480293
-0.479888
-0.478069
-0.47492
-0.470539
-0.465005
-0.458353
-0.450531
-0.441436
-0.43103
-0.419576
-0.407945
-0.39769
-0.39076
-0.388816
-0.392411
-0.400786
-0.412186
-0.424571
-0.436288
-0.446285
-0.454125
-0.459789
-0.463484
-0.465476
-0.466014
-0.465318
-0.463541
-0.460809
-0.457221
-0.452874
-0.447875
-0.44234
-0.436469
-0.430465
-0.42462
-0.41926
-0.414713
-0.411236
-0.408983
-0.407951
-0.407987
-0.408838
-0.410209
-0.411833
-0.4135
-0.41512
-0.416649
-0.418118
-0.419561
-0.420981
-0.42239
-0.423748
-0.424978
-0.426028
-0.42679
-0.427147
-0.427004
-0.426243
-0.424823
-0.422746
-0.420081
-0.416994
-0.413678
-0.41031
-0.407037
-0.403922
-0.400916
-0.397906
-0.39476
-0.391424
-0.38804
-0.384992
-0.382839
-0.382176
-0.383412
-0.386567
-0.391269
-0.396926
-0.402902
-0.408673
-0.413897
-0.418385
-0.422077
-0.424986
-0.427194
-0.428779
-0.42982
-0.430413
-0.430633
-0.430543
-0.430214
-0.429684
-0.429
-0.428184
-0.427271
-0.426281
-0.425234
-0.424136
-0.423008
-0.421888
-0.420777
-0.419694
-0.418642
-0.417611
-0.41658
-0.41547
-0.414185
-0.412599
-0.410531
-0.407813
-0.404306
-0.399954
-0.39483
-0.38922
-0.38361
-0.378603
-0.374774
-0.372451
-0.371646
-0.372086
-0.373362
-0.375101
-0.377037
-0.379078
-0.381143
-0.383226
-0.385293
-0.387259
-0.389051
-0.390626
-0.391901
-0.392889
-0.39359
-0.394043
-0.394326
-0.394506
-0.394608
-0.39467
-0.394671
-0.394537
-0.394177
-0.393496
-0.392466
-0.391111
-0.389553
-0.387957
-0.386587
-0.385662
-0.385326
-0.385594
-0.386367
-0.387428
-0.388525
-0.389442
-0.390003
-0.390129
-0.389816
-0.38913
-0.388145
-0.387015
-0.385852
-0.384807
-0.384001
-0.383559
-0.383539
-0.383977
-0.384851
-0.386104
-0.387624
-0.389267
-0.390902
-0.392336
-0.393389
-0.393874
-0.393582
-0.392297
-0.389824
-0.386028
-0.380934
-0.374839
-0.368459
-0.362886
-0.359367
-0.358797
-0.361327
-0.366281
-0.372502
-0.378847
-0.384484
-0.389004
-0.392295
-0.39442
-0.395525
-0.39572
-0.3951
-0.393713
-0.391543
-0.388583
-0.384857
-0.380439
-0.375538
-0.370541
-0.365964
-0.362457
-0.360533
-0.360457
-0.362129
-0.365121
-0.368868
-0.372835
-0.376627
-0.380051
-0.383048
-0.385647
-0.38793
-0.389983
-0.391892
-0.393709
-0.39545
-0.397126
-0.398688
-0.400078
-0.401166
-0.4018
-0.401806
-0.400935
-0.398921
-0.395465
-0.390269
-0.383098
-0.373883
-0.362889
-0.350857
-0.339166
-0.329626
-0.323925
-0.322937
-0.326293
-0.332641
-0.340327
-0.347962
-0.354663
-0.360034
-0.363957
-0.36663
-0.368454
-0.370028
-0.372018
-0.375027
-0.379363
-0.384941
-0.391391
-0.398121
-0.404558
-0.41027
-0.414988
-0.418603
-0.42109
-0.422497
-0.422922
-0.422417
-0.421064
-0.41894
-0.416141
-0.41281
-0.409114
-0.405337
-0.401788
-0.39883
-0.39677
-0.395791
-0.395903
-0.396938
-0.398599
-0.400522
-0.402386
-0.403895
-0.404855
-0.405119
-0.404635
-0.403369
-0.401375
-0.398744
-0.395628
-0.392162
-0.388537
-0.384886
-0.381316
-0.377891
-0.374646
-0.37166
-0.369115
-0.367299
-0.366584
-0.367307
-0.369627
-0.373364
-0.37804
-0.383028
-0.387729
-0.391726
-0.394851
-0.397143
-0.398781
-0.399995
-0.400992
-0.401915
-0.40286
-0.403803
-0.404689
-0.405438
-0.405952
-0.406134
-0.405858
-0.404998
-0.403374
-0.400797
-0.397112
-0.392255
-0.386388
-0.380029
-0.374113
-0.369799
-0.368123
-0.369479
-0.373438
-0.378967
-0.384882
-0.390282
-0.394666
-0.397898
-0.40005
-0.40128
-0.401777
-0.401726
-0.401266
-0.400522
-0.399599
-0.398625
-0.397703
-0.396991
-0.396632
-0.39676
-0.397484
-0.39884
-0.400758
-0.40308
-0.4056
-0.408079
-0.410279
-0.412003
-0.413081
-0.413396
-0.412844
-0.411376
-0.408922
-0.405477
-0.401037
-0.395692
-0.389621
-0.383116
-0.376655
-0.370825
-0.366317
-0.363779
-0.363734
-0.366427
-0.371786
-0.379364
-0.388485
-0.398303
-0.408022
-0.416968
-0.424647
-0.430752
-0.435167
-0.437887
-0.439017
-0.438727
-0.437253
-0.434896
-0.432001
-0.42897
-0.42617
-0.423905
-0.42235
-0.421516
-0.421269
-0.421348
-0.421432
-0.421226
-0.420485
-0.419042
-0.416805
-0.413762
-0.409948
-0.405468
-0.400499
-0.395292
-0.390139
-0.385418
-0.381516
-0.378818
-0.377611
-0.378056
-0.380132
-0.383642
-0.388249
-0.393541
-0.39907
-0.404479
-0.409438
-0.413722
-0.417198
-0.419799
-0.421558
-0.422576
-0.422961
-0.422834
-0.422289
-0.421368
-0.420005
-0.418056
-0.415319
-0.411617
-0.406889
-0.401302
-0.395284
-0.389473
-0.384534
-0.380794
-0.378142
-0.376051
-0.373893
-0.371338
-0.36849
-0.365869
-0.364157
-0.363779
-0.364758
-0.366665
-0.368924
-0.371013
-0.372638
-0.373702
-0.374283
-0.374542
-0.374628
-0.374617
-0.374515
-0.374261
-0.373776
-0.373024
-0.372011
-0.370816
-0.369553
-0.368372
-0.367422
-0.36676
-0.366434
-0.366382
-0.366503
-0.366635
-0.366592
-0.36618
-0.365164
-0.363365
-0.360663
-0.357029
-0.352684
-0.348104
-0.344067
-0.341485
-0.341148
-0.343356
-0.347762
-0.353548
-0.359738
-0.365477
-0.370224
-0.373689
-0.375812
-0.376645
-0.376293
-0.374871
-0.372514
-0.369354
-0.365557
-0.361343
-0.357013
-0.352928
-0.34961
-0.347547
-0.347112
-0.348434
-0.351335
-0.355311
-0.35974
-0.36404
-0.367761
-0.370617
-0.372508
-0.373454
-0.373569
-0.373027
-0.372001
-0.370716
-0.369355
-0.368103
-0.367141
-0.366582
-0.366544
-0.367087
-0.368233
-0.369941
-0.372106
-0.374605
-0.37727
-0.379958
-0.382436
-0.384557
-0.386152
-0.387094
-0.387292
-0.386676
-0.385207
-0.382876
-0.37972
-0.375819
-0.371312
-0.366424
-0.361445
-0.356765
-0.352838
-0.350156
-0.349141
-0.350114
-0.353183
-0.358202
-0.364828
-0.372506
-0.380596
-0.388485
-0.39561
-0.401509
-0.405848
-0.408365
-0.408877
-0.407286
-0.403577
-0.397844
-0.390322
-0.381482
-0.372007
-0.362872
-0.35522
-0.350221
-0.348804
-0.351355
-0.357624
-0.366695
-0.377357
-0.388403
-0.39884
-0.408005
-0.415552
-0.421327
-0.425363
-0.427747
-0.428627
-0.428141
-0.426401
-0.423511
-0.419545
-0.414576
-0.408705
-0.402123
-0.395135
-0.388235
-0.382058
-0.377239
-0.374273
-0.373313
-0.374106
-0.376119
-0.378764
-0.381532
-0.384133
-0.386416
-0.388417
-0.390205
-0.391907
-0.393641
-0.395541
-0.397702
-0.400199
-0.403053
-0.406246
-0.409723
-0.413397
-0.417178
-0.420956
-0.424636
-0.428115
-0.43129
-0.434076
-0.436373
-0.438091
-0.439085
-0.439226
-0.438381
-0.436418
-0.433286
-0.429032
-0.423902
-0.41836
-0.413065
-0.408694
-0.40574
-0.404307
-0.404125
-0.404692
-0.40556
-0.406504
-0.40757
-0.408966
-0.41098
-0.413793
-0.417458
-0.421837
-0.426643
-0.431535
-0.436128
-0.440062
-0.44299
-0.44458
-0.444528
-0.442572
-0.438517
-0.432476
-0.424955
-0.417093
-0.410449
-0.406489
-0.405831
-0.407887
-0.411184
-0.414201
-0.415923
-0.41607
-0.414835
-0.412729
-0.410324
-0.408147
-0.406582
-0.405875
-0.406085
-0.407158
-0.408916
-0.411093
-0.413432
-0.415713
-0.417833
-0.419766
-0.421618
-0.42354
-0.425706
-0.428215
-0.431099
-0.434294
-0.437624
-0.440905
-0.443933
-0.446555
-0.448666
-0.450243
-0.451306
-0.451888
-0.451991
-0.451582
-0.450539
-0.448715
-0.445969
-0.442177
-0.437352
-0.431666
-0.425531
-0.419541
-0.414395
-0.41069
-0.408788
-0.40868
-0.410047
-0.412372
-0.415068
-0.41757
-0.419423
-0.420282
-0.419936
-0.418283
-0.4153
-0.411057
-0.405726
-0.399628
-0.393437
-0.388198
-0.385205
-0.385498
-0.389327
-0.395889
-0.403728
-0.411348
-0.417678
-0.422226
-0.424929
-0.426014
-0.425822
-0.424743
-0.423171
-0.421441
-0.419826
-0.41847
-0.417442
-0.41669
-0.416135
-0.415693
-0.415264
-0.414779
-0.414198
-0.413495
-0.412637
-0.411608
-0.410459
-0.409281
-0.408234
-0.407498
-0.407238
-0.407556
-0.408445
-0.409787
-0.411404
-0.413077
-0.414596
-0.415805
-0.416579
-0.416835
-0.416512
-0.415586
-0.414018
-0.411835
-0.409053
-0.405734
-0.402007
-0.397984
-0.393887
-0.38989
-0.386228
-0.383132
-0.380769
-0.379278
-0.378733
-0.379124
-0.380354
-0.382289
-0.384736
-0.387502
-0.390373
-0.39317
-0.395748
-0.398004
-0.39988
-0.401361
-0.40248
-0.403321
-0.404003
-0.404657
-0.405421
-0.406421
-0.407727
-0.409361
-0.411275
-0.4134
-0.415624
-0.417841
-0.419947
-0.421888
-0.42361
-0.425077
-0.426313
-0.427324
-0.428138
-0.428809
-0.429381
-0.4299
-0.430411
-0.430962
-0.431591
-0.432335
-0.4332
-0.434185
-0.435259
-0.436398
-0.437546
-0.438664
-0.43966
-0.44047
-0.44104
-0.441289
-0.441145
-0.440568
-0.439551
-0.438117
-0.436353
-0.434483
-0.432806
-0.431644
-0.431302
-0.43194
-0.43349
-0.435699
-0.438172
-0.440503
-0.442311
-0.443293
-0.443235
-0.44195
-0.439278
-0.435189
-0.429828
-0.423795
-0.418156
-0.414437
-0.414005
-0.417411
-0.42398
-0.432189
-0.440383
-0.447314
-0.452408
-0.455646
-0.457377
-0.458105
-0.458357
-0.458555
-0.459011
-0.459878
-0.461223
-0.463052
-0.465356
-0.468156
-0.47143
-0.475087
-0.478938
-0.482575
-0.485468
-0.486961
-0.486412
-0.483333
-0.477464
-0.468925
-0.458291
-0.446655
-0.435546
-0.426784
-0.422075
-0.422396
-0.427646
-0.436629
-0.447589
-0.458845
-0.469223
-0.478106
-0.4853
-0.490896
-0.495096
-0.498136
-0.500274
-0.501734
-0.502699
-0.503305
-0.503665
-0.503854
-0.503897
-0.50381
-0.503616
-0.503312
-0.502907
-0.502391
-0.501777
-0.501064
-0.500257
-0.499368
-0.498418
-0.497414
-0.496368
-0.495278
-0.49414
-0.492965
-0.491735
-0.490452
-0.489133
-0.487801
-0.486509
-0.485272
-0.484148
-0.483162
-0.482342
-0.481676
-0.48114
-0.480695
-0.480308
-0.479943
-0.479596
-0.479272
-0.478981
-0.478771
-0.478687
-0.478755
-0.47899
-0.479383
-0.479909
-0.480524
-0.481165
-0.481793
-0.482354
-0.48281
-0.483137
-0.483334
-0.483431
-0.483436
-0.483403
-0.483367
-0.483394
-0.483507
-0.483727
-0.484062
-0.484526
-0.485091
-0.485731
-0.486403
-0.487059
-0.48762
-0.488013
-0.488108
-0.487766
-0.486789
-0.484984
-0.482143
-0.478108
-0.472848
-0.466501
-0.459487
-0.452361
-0.445717
-0.439943
-0.435117
-0.43111
-0.427725
-0.424814
-0.422223
-0.41973
-0.417067
-0.414284
-0.412093
-0.411802
-0.414584
-0.420633
-0.428934
-0.437835
-0.445941
-0.452512
-0.457419
-0.460904
-0.463305
-0.464906
-0.465913
-0.466452
-0.466593
-0.466383
-0.465858
-0.465067
-0.464057
-0.462883
-0.461616
-0.460345
-0.459121
-0.458009
-0.457031
-0.456191
-0.455462
-0.45479
-0.454094
-0.4533
-0.452312
-0.45106
-0.449504
-0.447612
-0.445423
-0.442996
-0.440472
-0.438041
-0.435946
-0.434431
-0.433729
-0.433979
-0.435235
-0.437403
-0.440303
-0.44369
-0.447306
-0.450994
-0.454571
-0.457947
-0.461046
-0.46384
-0.466323
-0.468491
-0.470344
-0.471916
-0.47322
-0.474323
-0.475283
-0.476169
-0.477059
-0.478016
-0.479098
-0.480339
-0.481729
-0.483216
-0.484715
-0.486093
-0.487172
-0.487784
-0.487719
-0.4868
-0.484918
-0.482098
-0.478547
-0.474715
-0.471286
-0.468994
-0.468407
-0.469701
-0.472618
-0.47651
-0.480688
-0.484545
-0.487686
-0.48997
-0.491417
-0.492179
-0.492469
-0.492544
-0.492639
-0.492957
-0.493595
-0.494573
-0.49579
-0.497065
-0.498202
-0.498954
-0.499106
-0.498438
-0.496717
-0.49372
-0.489179
-0.482851
-0.474535
-0.46425
-0.45244
-0.440246
-0.429566
-0.42266
-0.421166
-0.425223
-0.433293
-0.443081
-0.452559
-0.460451
-0.46621
-0.469676
-0.470716
-0.469109
-0.464551
-0.456876
-0.446622
-0.435457
-0.426261
-0.422071
-0.424424
-0.432443
-0.443669
-0.455584
-0.466611
-0.476112
-0.483974
-0.49029
-0.495227
-0.498971
-0.501682
-0.503549
-0.504728
-0.505344
-0.505484
-0.505189
-0.50446
-0.503246
-0.501488
-0.499091
-0.495991
-0.492172
-0.487704
-0.482789
-0.477749
-0.47299
-0.468903
-0.4657
-0.463364
-0.461643
-0.460102
-0.458353
-0.456158
-0.453502
-0.450558
-0.447617
-0.444928
-0.442556
-0.440393
-0.438144
-0.435574
-0.432824
-0.430609
-0.430109
-0.432442
-0.437949
-0.44586
-0.454684
-0.462889
-0.469437
-0.473896
-0.476358
-0.477173
-0.476814
-0.475699
-0.47412
-0.47227
-0.470167
-0.46773
-0.464849
-0.461383
-0.457224
-0.452309
-0.446552
-0.439913
-0.432415
-0.424212
-0.415616
-0.407204
-0.399708
-0.393967
-0.390714
-0.39042
-0.393086
-0.398276
-0.405117
-0.412602
-0.419785
-0.425945
-0.430689
-0.4339
-0.435704
-0.436346
-0.436139
-0.435339
-0.434106
-0.432499
-0.430503
-0.428099
-0.425347
-0.422475
-0.419883
-0.418021
-0.417269
-0.417769
-0.419355
-0.421599
-0.424054
-0.426254
-0.427923
-0.428943
-0.429297
-0.429062
-0.428354
-0.427283
-0.425971
-0.424512
-0.42301
-0.421555
-0.420248
-0.419152
-0.418353
-0.417885
-0.4178
-0.418083
-0.41869
-0.419552
-0.420574
-0.421665
-0.422738
-0.423712
-0.424534
-0.425162
-0.425569
-0.425745
-0.425669
-0.425326
-0.424715
-0.423773
-0.422467
-0.420702
-0.418411
-0.415496
-0.411917
-0.407726
-0.403124
-0.398532
-0.394567
-0.391954
-0.39125
-0.392662
-0.395913
-0.400395
-0.405345
-0.410094
-0.414214
-0.417505
-0.419947
-0.421621
-0.422656
-0.423202
-0.423409
-0.423355
-0.423115
-0.422733
-0.422192
-0.421454
-0.420457
-0.419087
-0.417169
-0.41449
-0.4108
-0.405823
-0.399375
-0.39155
-0.382925
-0.37466
-0.368361
-0.365449
-0.366581
-0.371392
-0.378902
-0.388043
-0.397894
-0.407802
-0.417217
-0.425719
-0.432974
-0.438798
-0.443133
-0.44603
-0.447622
-0.448123
-0.447784
-0.446882
-0.445675
-0.444396
-0.443194
-0.442164
-0.441345
-0.440701
-0.440172
-0.439656
-0.439066
-0.438347
-0.437456
-0.436372
-0.435094
-0.433659
-0.432086
-0.430419
-0.428726
-0.427044
-0.425424
-0.423922
-0.422502
-0.421146
-0.419759
-0.418208
-0.416391
-0.414239
-0.411773
-0.409196
-0.406825
-0.405092
-0.404342
-0.404763
-0.406236
-0.408457
-0.411011
-0.413523
-0.415791
-0.417764
-0.419494
-0.421089
-0.422664
-0.424278
-0.425964
-0.427682
-0.429382
-0.430986
-0.432412
-0.433603
-0.434443
-0.43487
-0.434757
-0.434004
-0.432481
-0.430047
-0.426566
-0.421985
-0.41637
-0.410034
-0.403607
-0.398018
-0.394273
-0.393106
-0.394695
-0.398536
-0.403735
-0.40942
-0.414941
-0.420013
-0.424583
-0.428761
-0.432678
-0.436429
-0.440049
-0.443494
-0.44671
-0.449583
-0.452005
-0.453873
-0.455112
-0.45567
-0.455551
-0.454782
-0.453447
-0.451627
-0.449415
-0.446879
-0.444029
-0.440883
-0.43743
-0.433751
-0.430065
-0.426702
-0.424141
-0.422892
-0.423376
-0.425838
-0.430246
-0.436285
-0.443453
-0.451143
-0.458753
-0.465788
-0.471849
-0.47666
-0.480075
-0.482082
-0.482734
-0.482177
-0.480615
-0.478221
-0.475144
-0.471412
-0.466954
-0.461659
-0.455366
-0.448013
-0.439631
-0.430479
-0.421092
-0.412341
-0.405309
-0.401113
-0.400576
-0.403931
-0.410691
-0.419823
-0.43004
-0.44011
-0.449022
-0.456192
-0.461443
-0.464963
-0.467248
-0.468957
-0.470696
-0.472903
-0.475715
-0.47904
-0.482582
-0.485981
-0.488963
-0.491275
-0.492775
-0.493422
-0.493246
-0.492298
-0.490733
-0.48874
-0.486543
-0.484359
-0.482366
-0.480649
-0.4792
-0.47788
-0.476492
-0.47479
-0.472519
-0.469463
-0.46545
-0.460418
-0.454489
-0.448008
-0.441565
-0.435912
-0.431784
-0.429668
-0.42967
-0.431563
-0.434866
-0.439059
-0.443706
-0.448435
-0.45301
-0.457205
-0.460885
-0.463914
-0.466191
-0.467661
-0.46826
-0.467985
-0.46684
-0.464863
-0.462109
-0.45861
-0.454404
-0.449509
-0.443949
-0.437767
-0.431091
-0.42414
-0.41734
-0.411238
-0.40647
-0.403586
-0.402959
-0.404651
-0.408395
-0.413722
-0.42001
-0.426645
-0.433059
-0.438845
-0.443699
-0.447453
-0.45003
-0.451438
-0.451757
-0.451095
-0.449595
-0.447398
-0.444681
-0.44159
-0.438275
-0.434852
-0.431445
-0.428183
-0.425164
-0.422519
-0.420352
-0.418767
-0.417838
-0.417599
-0.418036
-0.419067
-0.420578
-0.422388
-0.424333
-0.426208
-0.427893
-0.429219
-0.430123
-0.430524
-0.430364
-0.42955
-0.427967
-0.425417
-0.421609
-0.416214
-0.408934
-0.399746
-0.389274
-0.379123
-0.371821
-0.369845
-0.374159
-0.383563
-0.395411
-0.407101
-0.417002
-0.42454
-0.429818
-0.433232
-0.435274
-0.436363
-0.436825
-0.43688
-0.43669
-0.436321
-0.435816
-0.435215
-0.434553
-0.433838
-0.433049
-0.432111
-0.430876
-0.42911
-0.426446
-0.422505
-0.416865
-0.409251
-0.399641
-0.388503
-0.376859
-0.366241
-0.35835
-0.35448
-0.355139
-0.360004
-0.368169
-0.378465
-0.389709
-0.400854
-0.411042
-0.419727
-0.426642
-0.431751
-0.435173
-0.437117
-0.437809
-0.437452
-0.436225
-0.43428
-0.431761
-0.428818
-0.425616
-0.422394
-0.419425
-0.417004
-0.415393
-0.41479
-0.41523
-0.416586
-0.41861
-0.421032
-0.423542
-0.425921
-0.42803
-0.429779
-0.431173
-0.432227
-0.433018
-0.433589
-0.434042
-0.434426
-0.434786
-0.435211
-0.435713
-0.436333
-0.437109
-0.438056
-0.439182
-0.440496
-0.44197
-0.443584
-0.445316
-0.447118
-0.448926
-0.450663
-0.452237
-0.453513
-0.454304
-0.454358
-0.453372
-0.450992
-0.446831
-0.440543
-0.431889
-0.420831
-0.407638
-0.393043
-0.378221
-0.364793
-0.354591
-0.34917
-0.349314
-0.354627
-0.363749
-0.37484
-0.386205
-0.396605
-0.405377
-0.412271
-0.41741
-0.421064
-0.423572
-0.425294
-0.426521
-0.427479
-0.428312
-0.429076
-0.429786
-0.43041
-0.430879
-0.431157
-0.431206
-0.431019
-0.430577
-0.429888
-0.428974
-0.427837
-0.426499
-0.424925
-0.423097
-0.420952
-0.418458
-0.415586
-0.412303
-0.408672
-0.404756
-0.400686
-0.396655
-0.39286
-0.389531
-0.386833
-0.384866
-0.383624
-0.383014
-0.382884
-0.383055
-0.383376
-0.383723
-0.384037
-0.384264
-0.384369
-0.384325
-0.384108
-0.383682
-0.383034
-0.382144
-0.380991
-0.379574
-0.377922
-0.37606
-0.373998
-0.371802
-0.369462
-0.36699
-0.364367
-0.361537
-0.358444
-0.354989
-0.351122
-0.346776
-0.34199
-0.336878
-0.331666
-0.326666
-0.322278
-0.318899
-0.316868
-0.316342
-0.317287
-0.319458
-0.322495
-0.325979
-0.329495
-0.332749
-0.33552
-0.337702
-0.33926
-0.340208
-0.340634
-0.340563
-0.340098
-0.339296
-0.33823
-0.336943
-0.335497
-0.333922
-0.332274
-0.330588
-0.328889
-0.327226
-0.325632
-0.324141
-0.322742
-0.321449
-0.320225
-0.319029
-0.317809
-0.316482
-0.314968
-0.313246
-0.311325
-0.30929
-0.307285
-0.305475
-0.304055
-0.303098
-0.302587
-0.302441
-0.302485
-0.302542
-0.302481
-0.302202
-0.30165
-0.300781
-0.299571
-0.297959
-0.295877
-0.293348
-0.290425
-0.287318
-0.28432
-0.281851
-0.280342
-0.280152
-0.281486
-0.284329
-0.288434
-0.293451
-0.298957
-0.304568
-0.310007
-0.315059
-0.319588
-0.323477
-0.326612
-0.328866
-0.330084
-0.330056
-0.328606
-0.32557
-0.320909
-0.314834
-0.307926
-0.301166
-0.295889
-0.293368
-0.294297
-0.298514
-0.30511
-0.312916
-0.320884
-0.328374
-0.335056
-0.34089
-0.345961
-0.350389
-0.354293
-0.357782
-0.360949
-0.363867
-0.366575
-0.369138
-0.371563
-0.373872
-0.376082
-0.378189
-0.380182
-0.382054
-0.383739
-0.385173
-0.38629
-0.386983
-0.38715
-0.386695
-0.385587
-0.383882
-0.381803
-0.379761
-0.378318
-0.378002
-0.379136
-0.381585
-0.384709
-0.387522
-0.388923
-0.387935
-0.383932
-0.376879
-0.367569
-0.357655
-0.349327
-0.344398
-0.34331
-0.345062
-0.347834
-0.350104
-0.351066
-0.350768
-0.349796
-0.349053
-0.349416
-0.351454
-0.355249
-0.360393
-0.366262
-0.372333
-0.378359
-0.384413
-0.390706
-0.397399
-0.404505
-0.41182
-0.41904
-0.425821
-0.431854
-0.436932
-0.440975
-0.443993
-0.446066
-0.447341
-0.447997
-0.44819
-0.448077
-0.447712
-0.447114
-0.446213
-0.44492
-0.443108
-0.440698
-0.43769
-0.434176
-0.430318
-0.426326
-0.422283
-0.418207
-0.413965
-0.409389
-0.404455
-0.399368
-0.394624
-0.390889
-0.388774
-0.388577
-0.390153
-0.393025
-0.396575
-0.400264
-0.403709
-0.406789
-0.409491
-0.411926
-0.414209
-0.416443
-0.418682
-0.420926
-0.42311
-0.425135
