1.35655
1.35666
1.35678
1.35687
1.35691
1.35685
1.35666
1.35637
1.35607
1.35582
1.35568
1.35565
1.35568
1.35574
1.35581
1.35587
1.35592
1.35599
1.35606
1.35616
1.35627
1.35638
1.35652
1.35665
1.35674
1.35676
1.35669
1.35654
1.35633
1.35611
1.35593
1.35581
1.35577
1.35578
1.35582
1.35588
1.35594
1.35602
1.35611
1.3562
1.35628
1.35639
1.35649
1.35659
1.35669
1.35677
1.35681
1.35679
1.3567
1.35655
1.35637
1.35615
1.35592
1.35572
1.35555
1.35545
1.35545
1.35552
1.35563
1.35577
1.3559
1.35602
1.35613
1.35622
1.35629
1.35635
1.35642
1.35648
1.35652
1.35658
1.35661
1.35664
1.35666
1.35669
1.35674
1.35681
1.35692
1.35706
1.35722
1.35737
1.35742
1.35731
1.35699
1.3565
1.35596
1.35548
1.35518
1.35507
1.35513
1.35529
1.3555
1.35571
1.35589
1.35602
1.3561
1.35615
1.35618
1.3562
1.3562
1.35622
1.35624
1.35627
1.35631
1.35634
1.35638
1.35642
1.35646
1.3565
1.35653
1.35655
1.35656
1.35657
1.35659
1.35658
1.35657
1.35657
1.35655
1.35654
1.35651
1.35649
1.35645
1.3564
1.35635
1.35631
1.35626
1.35623
1.3562
1.35619
1.3562
1.3562
1.35623
1.35625
1.35628
1.3563
1.35631
1.35631
1.35631
1.3563
1.3563
1.3563
1.3563
1.35629
1.35629
1.35629
1.35629
1.35627
1.35624
1.3562
1.35617
1.35613
1.35609
1.35606
1.35604
1.35603
1.35602
1.35601
1.356
1.356
1.35601
1.35603
1.35605
1.35609
1.35615
1.35622
1.35631
1.35642
1.35652
1.35662
1.3567
1.35674
1.35674
1.3567
1.3566
1.35646
1.35631
1.35617
1.35608
1.35606
1.35612
1.35624
1.35641
1.35658
1.35671
1.35675
1.35667
1.35647
1.35621
1.35596
1.35578
1.3557
1.35573
1.35583
1.35599
1.35618
1.35638
1.35657
1.35674
1.35686
1.35689
1.35682
1.35666
1.35646
1.35629
1.35619
1.35615
1.35615
1.35618
1.35619
1.35618
1.35617
1.35613
1.35611
1.35608
1.35607
1.35607
1.35608
1.35609
1.35614
1.35619
1.35625
1.35631
1.35636
1.35643
1.35652
1.3566
1.35671
1.35681
1.3569
1.35694
1.35689
1.35674
1.35649
1.35619
1.35592
1.35577
1.35572
1.35577
1.35588
1.35601
1.35614
1.35625
1.35632
1.35637
1.3564
1.3564
1.35638
1.35635
1.35633
1.3563
1.3563
1.35631
1.35633
1.35635
1.35636
1.35636
1.35637
1.35636
1.35634
1.35632
1.35631
1.35629
1.3563
1.35631
1.35634
1.35637
1.3564
1.35642
1.35642
1.35642
1.35642
1.35641
1.3564
1.3564
1.35641
1.35641
1.35641
1.35639
1.35635
1.35632
1.35627
1.35624
1.35623
1.35621
1.35619
1.35619
1.35619
1.35619
1.35617
1.35615
1.35614
1.35612
1.35611
1.3561
1.35611
1.35613
1.35616
1.35619
1.35622
1.35627
1.35633
1.35637
1.3564
1.35642
1.35641
1.35639
1.35632
1.35625
1.35616
1.35606
1.35598
1.35591
1.35587
1.35587
1.35589
1.35593
1.356
1.3561
1.35619
1.35629
1.35641
1.35652
1.35664
1.35677
1.35687
1.35698
1.35707
1.35719
1.35731
1.35746
1.3576
1.35765
1.35754
1.3572
1.35667
1.35607
1.35556
1.35524
1.35515
1.35523
1.35542
1.35563
1.35583
1.35601
1.35615
1.35627
1.35634
1.35638
1.35642
1.35644
1.35646
1.35645
1.35644
1.35642
1.35638
1.35635
1.35631
1.35629
1.35628
1.3563
1.35634
1.35641
1.3565
1.35662
1.35674
1.35685
1.35693
1.35695
1.35688
1.35672
1.35651
1.35629
1.35612
1.35603
1.35602
1.35606
1.35615
1.35623
1.3563
1.35635
1.35638
1.3564
1.35639
1.35638
1.35635
1.35632
1.35628
1.35625
1.35623
1.35621
1.35621
1.35621
1.35622
1.35623
1.35626
1.35629
1.35633
1.35637
1.3564
1.35645
1.35648
1.3565
1.35653
1.35655
1.35656
1.35655
1.35653
1.3565
1.35646
1.35643
1.35642
1.35642
1.35644
1.35649
1.35654
1.3566
1.35665
1.3567
1.35675
1.35681
1.35687
1.35693
1.35692
1.35679
1.35655
1.35623
1.35595
1.35579
1.35578
1.35589
1.35606
1.35624
1.3564
1.35651
1.35658
1.35661
1.35661
1.3566
1.35658
1.35656
1.35656
1.35656
1.35656
1.35657
1.35657
1.35657
1.35655
1.35654
1.35652
1.3565
1.35649
1.35646
1.35645
1.35644
1.35643
1.35644
1.35644
1.35646
1.35647
1.35648
1.35648
1.3565
1.35652
1.35653
1.35654
1.35654
1.35653
1.35652
1.35652
1.3565
1.35648
1.35648
1.35647
1.35646
1.35646
1.35647
1.35648
1.35651
1.35653
1.35655
1.35658
1.3566
1.35663
1.35666
1.35668
1.3567
1.3567
1.3567
1.35668
1.35666
1.35662
1.35659
1.35655
1.3565
1.35646
1.35643
1.3564
1.35639
1.35637
1.35637
1.35636
1.35635
1.35634
1.35634
1.35634
1.35634
1.35634
1.35634
1.35637
1.35639
1.35643
1.35646
1.3565
1.35655
1.3566
1.35664
1.35669
1.35673
1.35678
1.35682
1.35686
1.35689
1.35692
1.35692
1.35692
1.35688
1.35683
1.35675
1.35665
1.35653
1.35638
1.35625
1.35613
1.35604
1.35599
1.35596
1.35598
1.35602
1.35608
1.35617
1.35625
1.35634
1.35642
1.3565
1.35655
1.3566
1.35662
1.35662
1.3566
1.35656
1.35651
1.35646
1.3564
1.35636
1.35633
1.35634
1.35636
1.35639
1.35643
1.35649
1.35655
1.35661
1.35667
1.35674
1.35681
1.35687
1.35691
1.35694
1.35696
1.35696
1.35693
1.35687
1.35675
1.35662
1.35644
1.35628
1.35614
1.35604
1.356
1.35601
1.35607
1.35616
1.35626
1.35636
1.35646
1.35654
1.35661
1.35665
1.35668
1.35669
1.35668
1.35664
1.3566
1.35655
1.35651
1.35647
1.35642
1.35639
1.35638
1.35638
1.35638
1.35639
1.3564
1.35641
1.35641
1.35642
1.35643
1.35643
1.35644
1.35645
1.35645
1.35646
1.35647
1.35649
1.35651
1.35654
1.35657
1.3566
1.35663
1.35666
1.35668
1.35669
1.3567
1.3567
1.35671
1.35674
1.3568
1.35691
1.35708
1.35728
1.35742
1.35744
1.35726
1.35689
1.35643
1.35604
1.35585
1.35583
1.35591
1.35604
1.35615
1.35625
1.35632
1.35638
1.35643
1.35649
1.35654
1.3566
1.35665
1.35668
1.35669
1.35667
1.35662
1.35655
1.35646
1.35638
1.35632
1.35629
1.3563
1.35632
1.35637
1.35644
1.35652
1.35662
1.35672
1.35683
1.35695
1.35704
1.35708
1.35707
1.357
1.35687
1.35672
1.35657
1.35643
1.35628
1.35614
1.35604
1.35597
1.35598
1.35606
1.3562
1.35638
1.35656
1.35672
1.35685
1.35693
1.35693
1.35687
1.35672
1.35655
1.35638
1.35624
1.35616
1.35613
1.35614
1.35619
1.35624
1.3563
1.35637
1.35644
1.35651
1.35657
1.35663
1.35669
1.35672
1.35674
1.35675
1.35673
1.3567
1.35663
1.35655
1.35646
1.35637
1.35629
1.35623
1.35618
1.35617
1.35616
1.35617
1.35618
1.35621
1.35623
1.35625
1.35626
1.35629
1.3563
1.35631
1.35631
1.35632
1.35633
1.35634
1.35633
1.35632
1.3563
1.35627
1.35626
1.35625
1.35626
1.35629
1.35633
1.35639
1.35648
1.35657
1.35669
1.3568
1.35692
1.357
1.35705
1.35704
1.35699
1.35691
1.35678
1.35664
1.3565
1.35636
1.35624
1.35616
1.35612
1.35612
1.35617
1.35623
1.35628
1.3563
1.35627
1.35621
1.35612
1.35606
1.35604
1.3561
1.35622
1.3564
1.35661
1.35683
1.35704
1.35723
1.35735
1.35739
1.35733
1.35716
1.35691
1.35666
1.35642
1.35627
1.35618
1.35614
1.35614
1.35614
1.35614
1.35613
1.35613
1.35614
1.35617
1.35621
1.35627
1.35635
1.35644
1.35654
1.35665
1.35677
1.3569
1.35701
1.35712
1.35717
1.35719
1.35716
1.35707
1.35694
1.3568
1.35668
1.35657
1.3565
1.35648
1.3565
1.35655
1.35663
1.35675
1.35688
1.35699
1.35706
1.35709
1.35705
1.35694
1.3568
1.35663
1.35651
1.35641
1.35637
1.35636
1.35636
1.35636
1.35636
1.35636
1.35637
1.35637
1.35639
1.35641
1.35645
1.35649
1.35655
1.35663
1.35674
1.35685
1.35698
1.35713
1.35729
1.35743
1.35755
1.35758
1.35748
1.35725
1.35693
1.35658
1.35625
1.35602
1.35589
1.35585
1.35588
1.35595
1.35602
1.3561
1.35617
1.35622
1.35627
1.35631
1.35633
1.35635
1.35637
1.35638
1.35639
1.3564
1.35642
1.35645
1.35649
1.35653
1.35659
1.35666
1.35673
1.35682
1.35694
1.35707
1.35719
1.35729
1.35736
1.35735
1.35724
1.35704
1.35675
1.35646
1.35621
1.35605
1.35598
1.35598
1.35605
1.35615
1.35628
1.3564
1.35652
1.35663
1.35675
1.35687
1.35697
1.35703
1.35704
1.35698
1.35686
1.35668
1.35648
1.35628
1.35612
1.35604
1.35601
1.35603
1.35608
1.35615
1.35623
1.35629
1.35634
1.35638
1.35643
1.35646
1.35651
1.35655
1.35659
1.35663
1.35663
1.35661
1.35657
1.35651
1.35645
1.35639
1.35636
1.35636
1.35639
1.35642
1.35647
1.35649
1.35649
1.35647
1.35643
1.35638
1.35635
1.35632
1.35631
1.35633
1.35637
1.35643
1.35651
1.35659
1.35669
1.35678
1.35687
1.35694
1.35701
1.35705
1.35703
1.35695
1.3568
1.35659
1.35634
1.35612
1.35594
1.35585
1.35585
1.35593
1.35605
1.35619
1.35633
1.35647
1.35658
1.35667
1.35673
1.35676
1.35677
1.35675
1.35672
1.35667
1.35663
1.35657
1.35651
1.35644
1.35637
1.35632
1.35629
1.35631
1.35638
1.35647
1.35658
1.35665
1.35671
1.35671
1.35665
1.35656
1.35644
1.35631
1.3562
1.35614
1.3561
1.35611
1.35615
1.35618
1.35624
1.3563
1.35636
1.35642
1.35648
1.35654
1.35659
1.35665
1.35668
1.3567
1.35669
1.35665
1.35658
1.35648
1.35639
1.35631
1.35631
1.35635
1.35645
1.35661
1.35681
1.35701
1.35717
1.35722
1.35712
1.35686
1.35653
1.35621
1.35602
1.35602
1.35615
1.35636
1.35661
1.35682
1.35694
1.35691
1.35672
1.35641
1.35606
1.35581
1.35571
1.35575
1.35588
1.35605
1.35621
1.35635
1.35647
1.35657
1.35664
1.35671
1.35676
1.35678
1.35678
1.35675
1.35669
1.35663
1.35654
1.35648
1.35645
1.35644
1.35647
1.35649
1.35653
1.35655
1.35656
1.35654
1.35652
1.35649
1.35645
1.35643
1.35641
1.35641
1.35641
1.35642
1.35643
1.35644
1.35646
1.35648
1.35651
1.35654
1.35657
1.35661
1.35662
1.35663
1.35662
1.3566
1.35657
1.35651
1.35645
1.3564
1.35637
1.35634
1.35635
1.35636
1.35639
1.35642
1.35646
1.3565
1.35653
1.35656
1.35661
1.35665
1.3567
1.35673
1.35676
1.35677
1.35673
1.35665
1.35652
1.35636
1.3562
1.35606
1.35598
1.35596
1.35598
1.35603
1.3561
1.35616
1.35623
1.35629
1.35633
1.35637
1.3564
1.35643
1.35644
1.35645
1.35645
1.35646
1.35647
1.35648
1.3565
1.3565
1.3565
1.35652
1.35653
1.35653
1.3565
1.35646
1.3564
1.35634
1.35629
1.35626
1.35625
1.35627
1.35632
1.35638
1.35646
1.35653
1.35662
1.3567
1.35675
1.35679
1.35678
1.35672
1.35661
1.35646
1.35629
1.35612
1.35597
1.35587
1.35581
1.3558
1.35582
1.35587
1.35594
1.35601
1.35609
1.35616
1.35624
1.35632
1.35641
1.35651
1.35662
1.35676
1.35692
1.35707
1.35718
1.3572
1.35709
1.35681
1.35644
1.35606
1.35575
1.35559
1.35555
1.3556
1.3557
1.35582
1.35591
1.35601
1.35608
1.35614
1.35618
1.35621
1.35625
1.35628
1.35631
1.35637
1.35642
1.35648
1.35655
1.35662
1.35668
1.35674
1.35677
1.35678
1.35677
1.35674
1.35667
1.35659
1.35651
1.35644
1.35638
1.35634
1.35631
1.3563
1.35629
1.35629
1.3563
1.35633
1.35637
1.35644
1.35653
1.35665
1.35678
1.35694
1.35709
1.35723
1.35732
1.35734
1.35726
1.35708
1.3568
1.35644
1.35609
1.35578
1.35555
1.35543
1.35542
1.35547
1.35558
1.35572
1.35588
1.35603
1.35617
1.35631
1.35643
1.35654
1.35664
1.35671
1.35676
1.35677
1.35675
1.3567
1.35666
1.35662
1.35662
1.35664
1.35666
1.35666
1.35661
1.35654
1.35644
1.35636
1.35631
1.35629
1.35629
1.35631
1.35632
1.35633
1.35634
1.35638
1.35643
1.35649
1.35654
1.35655
1.35652
1.35644
1.35631
1.35616
1.35603
1.35593
1.35588
1.3559
1.35594
1.356
1.35607
1.35615
1.35624
1.35633
1.35643
1.35654
1.35665
1.35677
1.35688
1.35697
1.357
1.35693
1.35678
1.35654
1.35626
1.35599
1.3558
1.35573
1.35576
1.35588
1.35603
1.35618
1.35629
1.35636
1.35637
1.35636
1.35631
1.35625
1.35619
1.35614
1.35613
1.35614
1.35616
1.35621
1.35629
1.35638
1.35647
1.35655
1.35661
1.35663
1.35662
1.35657
1.35652
1.35648
1.35649
1.35653
1.35657
1.3566
1.35659
1.35653
1.35642
1.35628
1.35612
1.35597
1.35586
1.35581
1.35584
1.35595
1.35611
1.35628
1.35645
1.35658
1.35664
1.35663
1.35654
1.35639
1.35622
1.35607
1.35595
1.35589
1.35588
1.3559
1.35594
1.35598
1.35603
1.35608
1.35614
1.3562
1.35626
1.35633
1.3564
1.35648
1.35656
1.35663
1.35667
1.3567
1.35669
1.35666
1.3566
1.35653
1.35646
1.35642
1.35639
1.35637
1.35635
1.35631
1.35627
1.35622
1.3562
1.35619
1.3562
1.35624
1.35629
1.35635
1.3564
1.35644
1.35647
1.35647
1.35645
1.35641
1.35636
1.3563
1.35624
1.35618
1.35612
1.35608
1.35605
1.35606
1.3561
1.35617
1.35626
1.35638
1.35652
1.35666
1.3568
1.35692
1.35699
1.357
1.35695
1.35682
1.35663
1.35638
1.3561
1.35586
1.3557
1.35566
1.35576
1.35597
1.35625
1.35655
1.35679
1.35691
1.35685
1.35663
1.3563
1.35597
1.35572
1.35558
1.35556
1.35563
1.35572
1.35582
1.35591
1.356
1.35608
1.35615
1.35622
1.35631
1.35641
1.35653
1.35667
1.35684
1.35701
1.35717
1.35728
1.35728
1.35715
1.3569
1.35663
1.35644
1.35638
1.35647
1.35662
1.35673
1.35672
1.35656
1.35629
1.35597
1.3557
1.35551
1.35544
1.35546
1.35553
1.35563
1.35574
1.35584
1.35594
1.35602
1.3561
1.35617
1.35623
1.35629
1.35634
1.35638
1.35642
1.35644
1.35646
1.35647
1.35648
1.35649
1.3565
1.35651
1.35653
1.35653
1.35655
1.35658
1.35659
1.3566
1.35661
1.35662
1.35662
1.35661
1.35659
1.35655
1.35651
1.35644
1.35637
1.35629
1.35621
1.35613
1.35608
1.35604
1.35601
1.356
1.35601
1.35604
1.35607
1.35611
1.35616
1.35622
1.35627
1.3563
1.35631
1.35628
1.35624
1.35619
1.35614
1.35612
1.35614
1.3562
1.35627
1.35636
1.35645
1.3565
1.35649
1.35645
1.35639
1.35632
1.35625
1.35623
1.35625
1.35631
1.35637
1.35645
1.35655
1.35664
1.35669
1.35672
1.35668
1.35659
1.35643
1.35625
1.35607
1.35593
1.35584
1.35582
1.35584
1.3559
1.35597
1.35604
1.35612
1.35619
1.35626
1.35632
1.35639
1.35648
1.35658
1.35668
1.3568
1.35691
1.357
1.35706
1.35706
1.35697
1.3568
1.35657
1.35631
1.35606
1.35584
1.3557
1.35562
1.35562
1.35567
1.35577
1.35591
1.35607
1.35625
1.35645
1.35663
1.35681
1.35695
1.35703
1.35704
1.35698
1.35686
1.35672
1.35655
1.35636
1.35619
1.35605
1.35596
1.35592
1.35593
1.35599
1.3561
1.35622
1.35634
1.35646
1.35655
1.35662
1.35668
1.35671
1.35673
1.35674
1.35673
1.35671
1.35667
1.35661
1.35654
1.35648
1.35641
1.35635
1.3563
1.35627
1.35624
1.35623
1.35624
1.35624
1.35626
1.35628
1.3563
1.35631
1.35633
1.35634
1.35635
1.35638
1.35638
1.35639
1.35637
1.35637
1.35635
1.35633
1.3563
1.35629
1.35627
1.35626
1.35625
1.35626
1.35625
1.35625
1.35626
1.35626
1.35625
1.35624
1.35624
1.35624
1.35623
1.35623
1.35624
1.35625
1.35628
1.3563
1.35632
1.35634
1.35636
1.35638
1.3564
1.35641
1.35643
1.35646
1.35648
1.3565
1.35651
1.35653
1.35653
1.35654
1.35654
1.35655
1.35654
1.35652
1.35646
1.35633
1.35616
1.35596
1.35579
1.35568
1.35567
1.35575
1.35587
1.35601
1.35617
1.35631
1.35642
1.3565
1.35654
1.35656
1.35655
1.35654
1.3565
1.35645
1.35641
1.35636
1.35632
1.35627
1.35623
1.35619
1.35616
1.35614
1.35611
1.35611
1.35612
1.35613
1.35614
1.35617
1.3562
1.35624
1.35627
1.35632
1.35635
1.35639
1.35643
1.35646
1.35651
1.35654
1.35657
1.35661
1.35664
1.35666
1.35667
1.35666
1.35665
1.35663
1.35659
1.35653
1.35647
1.3564
1.35634
1.35628
1.35624
1.35621
1.35621
1.35622
1.35624
1.35627
1.35631
1.35635
1.3564
1.35643
1.35648
1.35652
1.35656
1.35662
1.35666
1.35671
1.35674
1.35676
1.35674
1.35668
1.35658
1.35644
1.35629
1.35614
1.35603
1.35597
1.35597
1.35602
1.35609
1.35617
1.35627
1.35637
1.35644
1.35648
1.3565
1.35649
1.35646
1.35641
1.35637
1.35633
1.35631
1.3563
1.35631
1.35632
1.35635
1.35637
1.35642
1.35646
1.35649
1.35652
1.35654
1.35655
1.35656
1.35656
1.35655
1.35652
1.35646
1.35641
1.35634
1.35629
1.35624
1.3562
1.35619
1.35617
1.35617
1.35619
1.35622
1.35626
1.35629
1.35633
1.35638
1.35644
1.3565
1.35658
1.35666
1.35676
1.35685
1.35695
1.35705
1.35715
1.35722
1.35723
1.35716
1.35701
1.35677
1.35648
1.35618
1.35592
1.35576
1.35566
1.35565
1.3557
1.35579
1.3559
1.35599
1.35608
1.35617
1.35625
1.35631
1.35637
1.3564
1.35643
1.35646
1.35647
1.35647
1.35646
1.35644
1.3564
1.35636
1.35632
1.35629
1.35626
1.35624
1.35623
1.35622
1.35622
1.35623
1.35624
1.35626
1.35628
1.3563
1.35632
1.35636
1.35638
1.35641
1.35644
1.35646
1.35649
1.3565
1.35652
1.35651
1.35649
1.35646
1.35641
1.35637
1.35633
1.3563
1.35629
1.35628
1.3563
1.35633
1.35638
1.35644
1.3565
1.35655
1.35658
1.35659
1.35657
1.35651
1.35643
1.35631
1.35618
1.35606
1.35597
1.3559
1.35588
1.35591
1.35597
1.35607
1.35618
1.35631
1.35644
1.35658
1.35669
1.35678
1.35684
1.35686
1.35683
1.35676
1.35665
1.35654
1.35644
1.35635
1.35627
1.3562
1.35616
1.35613
1.35612
1.35613
1.35616
1.3562
1.35625
1.3563
1.35635
1.35639
1.35642
1.35644
1.35647
1.35649
1.35652
1.35655
1.35656
1.35658
1.35661
1.35666
1.35672
1.3568
1.3569
1.35703
1.35715
1.35724
1.35728
1.35718
1.35693
1.35654
1.35615
1.35584
1.35569
1.3557
1.35581
1.35597
1.35613
1.35627
1.35639
1.35649
1.35657
1.35663
1.35667
1.35671
1.35672
1.35674
1.35674
1.35672
1.35667
1.35662
1.35656
1.35651
1.35645
1.35641
1.35638
1.35637
1.35638
1.35641
1.35644
1.35648
1.35653
1.35657
1.35659
1.35658
1.35655
1.3565
1.35643
1.35636
1.35628
1.35622
1.35619
1.35617
1.35617
1.35619
1.35622
1.35625
1.3563
1.35635
1.35641
1.35645
1.35648
1.35652
1.35655
1.35657
1.35658
1.35657
1.35655
1.35651
1.35645
1.35638
1.35632
1.35627
1.35624
1.35622
1.35624
1.35632
1.35644
1.35663
1.35685
1.35708
1.35722
1.35721
1.35698
1.35658
1.35617
1.35592
1.35588
1.356
1.35622
1.35646
1.35668
1.35683
1.35687
1.35674
1.35646
1.3561
1.35581
1.35569
1.35574
1.35592
1.35614
1.35636
1.35654
1.35665
1.35669
1.35666
1.35655
1.35639
1.35623
1.35611
1.35605
1.35607
1.35615
1.35627
1.35639
1.35651
1.3566
1.35663
1.35663
1.35659
1.35651
1.35641
1.35632
1.35625
1.35622
1.35622
1.35623
1.35628
1.35634
1.3564
1.35646
1.35652
1.35656
1.35658
1.35661
1.35661
1.35661
1.3566
1.35657
1.35654
1.35649
1.35642
1.35637
1.35631
1.35627
1.35625
1.35624
1.35625
1.35628
1.35633
1.3564
1.35646
1.35651
1.35655
1.35657
1.35658
1.35655
1.35649
1.35642
1.35633
1.35626
1.35618
1.35615
1.35614
1.35616
1.35621
1.35628
1.35637
1.35645
1.35655
1.35664
1.35671
1.35674
1.35672
1.35665
1.35655
1.35644
1.35635
1.3563
1.35633
1.3564
1.35651
1.35665
1.35679
1.35691
1.35698
1.35701
1.35698
1.35689
1.35676
1.35663
1.3565
1.35639
1.3563
1.35623
1.35619
1.35619
1.3562
1.35624
1.35629
1.35631
1.35633
1.35633
1.35631
1.35629
1.35627
1.35625
1.35624
1.35626
1.35628
1.35631
1.35636
1.3564
1.35646
1.35652
1.35658
1.35664
1.35669
1.35673
1.35675
1.35676
1.35676
1.35672
1.35667
1.35661
1.35652
1.35643
1.35634
1.35626
1.3562
1.35616
1.35615
1.35615
1.35618
1.35622
1.35627
1.35632
1.35637
1.35643
1.35648
1.35652
1.35655
1.35657
1.35658
1.35658
1.35657
1.35655
1.35651
1.35647
1.35641
1.35632
1.35623
1.35613
1.35606
1.35603
1.35603
1.35609
1.35617
1.35625
1.35633
1.35639
1.35645
1.35649
1.35651
1.35651
1.35649
1.35645
1.35639
1.35631
1.35622
1.35613
1.35604
1.35595
1.3559
1.35587
1.35587
1.35589
1.35592
1.35597
1.35602
1.35608
1.35614
1.3562
1.35625
1.3563
1.35635
1.35639
1.35643
1.35646
1.35649
1.3565
1.35651
1.35653
1.35653
1.35652
1.3565
1.35645
1.35639
1.35632
1.35625
1.35618
1.35613
1.35609
1.35608
1.3561
1.35616
1.35625
1.35638
1.35655
1.35675
1.35695
1.35708
1.35708
1.35688
1.35649
1.35603
1.35567
1.35552
1.3556
1.35584
1.35616
1.35645
1.35668
1.35682
1.35684
1.35675
1.35658
1.35636
1.35613
1.35594
1.35582
1.35577
1.35579
1.35587
1.356
1.35614
1.35628
1.35642
1.35654
1.35663
1.35669
1.35668
1.35662
1.35652
1.3564
1.35625
1.3561
1.35599
1.35591
1.35588
1.35588
1.35589
1.35592
1.35595
1.35599
1.35602
1.35604
1.35607
1.35609
1.35611
1.35613
1.35615
1.35617
1.3562
1.35622
1.35623
1.35625
1.35628
1.3563
1.35633
1.35636
1.35639
1.35643
1.35646
1.35651
1.35653
1.35654
1.35655
1.35654
1.35652
1.35649
1.35645
1.35642
1.35638
1.35637
1.35635
1.35635
1.35634
1.35633
1.35631
1.35627
1.35621
1.35615
1.35609
1.35606
1.35604
1.35605
1.35608
1.35612
1.35616
1.35617
1.35617
1.35613
1.35606
1.35599
1.35592
1.35588
1.35585
1.35585
1.35585
1.35587
1.35589
1.35592
1.35595
1.35598
1.35601
1.35603
1.35607
1.3561
1.35613
1.35616
1.3562
1.35624
1.35628
1.35631
1.35635
1.35639
1.35641
1.35643
1.35644
1.35645
1.35645
1.35644
1.35643
1.35642
1.3564
1.35638
1.35637
1.35638
1.35638
1.35639
1.35639
1.35638
1.35638
1.35636
1.35633
1.3563
1.35627
1.35621
1.35613
1.35606
1.35598
1.35589
1.35583
1.35579
1.35577
1.35579
1.35583
1.35588
1.35596
1.35603
1.3561
1.35615
1.35619
1.35619
1.35616
1.35612
1.35606
1.35601
1.35597
1.35595
1.35595
1.35597
1.356
1.35604
1.35609
1.35614
1.35619
1.35623
1.35627
1.3563
1.35631
1.35632
1.35632
1.35633
1.35634
1.35636
1.35639
1.35641
1.35644
1.35644
1.35642
1.35637
1.35629
1.3562
1.35609
1.35599
1.35592
1.35589
1.3559
1.35595
1.35603
1.35612
1.35622
1.35632
1.35643
1.3565
1.35656
1.35657
1.35655
1.35647
1.35635
1.35618
1.35599
1.35581
1.35566
1.35558
1.35556
1.3556
1.35569
1.35581
1.35594
1.35606
1.35616
1.35624
1.3563
1.35632
1.35631
1.35627
1.35621
1.35615
1.35609
1.35605
1.35601
1.35598
1.35598
1.35598
1.356
1.35602
1.35605
1.35606
1.35608
1.35611
1.35613
1.35616
1.35621
1.35626
1.35633
1.35641
1.35652
1.35663
1.35675
1.35686
1.3569
1.35686
1.35669
1.35643
1.35611
1.35581
1.35559
1.35548
1.3555
1.35563
1.35581
1.35604
1.35629
1.35651
1.35665
1.35665
1.35651
1.35626
1.356
1.35582
1.35578
1.35585
1.35599
1.35613
1.35623
1.35629
1.35636
1.35643
1.35652
1.35661
1.35669
1.3567
1.35664
1.35655
1.35648
1.35649
1.35658
1.35673
1.35693
1.35712
1.35731
1.35747
1.35756
1.35753
1.35735
1.35699
1.35649
1.35593
1.35542
1.35505
1.35488
1.35488
1.35499
1.35518
1.35538
1.35557
1.35573
1.35583
1.35592
1.35598
1.35604
1.35609
1.35614
1.35617
1.35622
1.35627
1.35631
1.35635
1.35638
1.35641
1.35644
1.35648
1.35652
1.35656
1.35659
1.35663
1.35665
1.35667
1.35668
1.35669
1.35667
1.35665
1.35658
1.35649
1.35638
1.35625
1.3561
1.35597
1.35584
1.35575
1.35571
1.35571
1.35572
1.35576
1.35581
1.35586
1.35593
1.356
1.35607
1.35612
1.35618
1.35622
1.35625
1.35629
1.35633
1.35636
1.3564
1.35643
1.35647
1.35652
1.35656
1.3566
1.35665
1.35667
1.35669
1.35671
1.35671
1.35672
1.35675
1.3568
1.35688
1.35697
1.35699
1.35684
1.35641
1.35577
1.35512
1.35472
1.35469
1.35495
1.35536
1.35578
1.35615
1.35645
1.35665
1.35676
1.35673
1.35658
1.35633
1.35602
1.35571
1.35545
1.35531
1.35527
1.35534
1.35545
1.3556
1.35576
1.35592
1.35607
1.35622
1.35635
1.35646
1.35655
1.35659
1.35658
1.35652
1.35642
1.35631
1.35621
1.35616
1.35615
1.35618
1.35625
1.35637
1.35651
1.35668
1.35685
1.35698
1.35703
1.35694
1.35669
1.35632
1.35593
1.35562
1.35545
1.35542
1.35551
1.35565
1.3558
1.35595
1.35608
1.35619
1.3563
1.35639
1.35644
1.35648
1.35649
1.35648
1.35646
1.35642
1.35637
1.35634
1.35627
1.35621
1.35614
1.3561
1.35608
1.35609
1.35613
1.35618
1.35624
1.35629
1.35634
1.35635
1.35632
1.35624
1.35614
1.35602
1.35591
1.35584
1.35581
1.35584
1.35589
1.35598
1.3561
1.35624
1.35639
1.35657
1.35675
1.35694
1.3571
1.3572
1.35719
1.35702
1.3567
1.35631
1.35595
1.35568
1.35555
1.35555
1.35562
1.35572
1.35584
1.35593
1.35602
1.35609
1.35614
1.35617
1.3562
1.35621
1.35622
1.35621
1.35621
1.35622
1.35623
1.35622
1.35621
1.35619
1.35616
1.35613
1.35609
1.35604
1.35599
1.35596
1.35595
1.35596
1.35599
1.35601
1.35605
1.35609
1.35613
1.35619
1.35624
1.3563
1.35635
1.35641
1.35647
1.35655
1.35664
1.35675
1.35686
1.35698
1.35711
1.35721
1.35728
1.3573
1.35723
1.35706
1.35678
1.35641
1.35599
1.35559
1.35527
1.35509
1.35507
1.35518
1.35537
1.35558
1.35578
1.35595
1.35607
1.35616
1.35622
1.35625
1.35626
1.35625
1.35623
1.3562
1.35616
1.35614
1.35612
1.35611
1.35612
1.35614
1.35617
1.35622
1.35626
1.35632
1.35637
1.35641
1.35646
1.35648
1.3565
1.3565
1.35648
1.35644
1.3564
1.35634
1.35628
1.35622
1.35617
1.35612
1.3561
1.3561
1.35613
1.35619
1.3563
1.35642
1.35655
1.35667
1.35676
1.35681
1.35677
1.35668
1.35653
1.3563
1.35602
1.35572
1.35547
1.35532
1.35529
1.35538
1.35553
1.3557
1.35587
1.35601
1.35612
1.35621
1.35627
1.35631
1.35633
1.35634
1.35634
1.35633
1.35632
1.35631
1.35631
1.35629
1.35628
1.35625
1.35623
1.35621
1.35618
1.35614
1.35611
1.35607
1.35603
1.35601
1.35599
1.35598
1.35601
1.35605
1.3561
1.35616
1.35623
1.35631
1.3564
1.35648
1.35654
1.35657
1.35656
1.35648
1.35636
1.35621
1.35604
1.35591
1.35582
1.35578
1.3558
1.35586
1.35593
1.35601
1.35607
1.35611
1.35614
1.35616
1.35615
1.35614
1.35614
1.35613
1.35613
1.35615
1.35619
1.35625
1.35635
1.35646
1.35659
1.35677
1.35695
1.35712
1.35726
1.35729
1.35715
1.35684
1.3564
1.35595
1.35562
1.35545
1.35543
1.3555
1.35563
1.35575
1.35588
1.35599
1.35607
1.35614
1.35618
1.3562
1.3562
1.35619
1.35617
1.35614
1.35613
1.35611
1.35612
1.35614
1.35617
1.35622
1.35628
1.35633
1.35637
1.35641
1.35645
1.35647
1.35647
1.35648
1.35647
1.35647
1.35647
1.35647
1.35648
1.35649
1.3565
1.3565
1.35649
1.35648
1.35646
1.35644
1.35645
1.35647
1.35652
1.35659
1.35666
1.35673
1.35676
1.35673
1.35664
1.35648
1.35627
1.35603
1.35583
1.35568
1.35562
1.35561
1.35565
1.35572
1.3558
1.35588
1.35596
1.35603
1.35609
1.35614
1.35618
1.3562
1.35623
1.35625
1.35626
1.35627
1.35628
1.35628
1.35628
1.35627
1.35626
1.35625
1.35624
1.35624
1.35624
1.35623
1.35624
1.35624
1.35626
1.35628
1.35632
1.35636
1.35641
1.35648
1.35655
1.35661
1.35666
1.35667
1.35664
1.35658
1.35648
1.35637
1.35627
1.35618
1.35611
1.35606
1.35604
1.35601
1.35599
1.35597
1.35596
1.35596
1.35598
1.356
1.35601
1.35601
1.35602
1.35601
1.356
1.356
1.35601
1.35602
1.35605
1.35609
1.35614
1.35619
1.35625
1.3563
1.35636
1.35641
1.35645
1.35647
1.35649
1.35649
1.35648
1.35645
1.35641
1.35637
1.35633
1.35632
1.35633
1.35637
1.35641
1.35644
1.35643
1.35638
1.35632
1.35624
1.3562
1.35619
1.35621
1.35623
1.35626
1.35625
1.35621
1.35614
1.35605
1.35596
1.3559
1.35587
1.35588
1.35592
1.35597
1.35604
1.35611
1.35618
1.35624
1.3563
1.35638
1.35644
1.35649
1.35651
1.35653
1.35652
1.35649
1.35644
1.3564
1.35637
1.35636
1.35637
1.3564
1.35644
1.35647
1.35647
1.35643
1.35636
1.35626
1.35623
1.35629
1.35648
1.35677
1.3571
1.3573
1.35716
1.35662
1.35587
1.35527
1.35505
1.35519
1.35553
1.35588
1.35619
1.35642
1.35658
1.35666
1.35667
1.35666
1.35661
1.35654
1.35648
1.35642
1.35637
1.35634
1.35632
1.35632
1.35633
1.35634
1.35636
1.35637
1.3564
1.35641
1.35643
1.35645
1.35647
1.35649
1.35651
1.35652
1.35653
1.35654
1.35654
1.35652
1.35649
1.35646
1.35643
1.35639
1.35635
1.35632
1.3563
1.35627
1.35626
1.35627
1.35629
1.35631
1.35633
1.35636
1.35639
1.35642
1.35644
1.35647
1.35649
1.35652
1.35654
1.35656
1.35657
1.35658
1.35656
1.35653
1.35649
1.35644
1.35638
1.35633
1.35627
1.35623
1.35618
1.35615
1.35613
1.35612
1.35613
1.35616
1.35619
1.35622
1.35627
1.35634
1.35641
1.3565
1.35663
1.35677
1.35693
1.35709
1.3572
1.35722
1.3571
1.35683
1.35648
1.35616
1.35596
1.35593
1.35603
1.3562
1.35638
1.35654
1.35665
1.35674
1.35678
1.35681
1.35681
1.35678
1.35672
1.35661
1.35646
1.35627
1.35609
1.35593
1.35581
1.35575
1.35573
1.35576
1.35583
1.3559
1.356
1.35609
1.35618
1.35626
1.35631
1.35636
1.35638
1.35639
1.35637
1.35635
1.35632
1.3563
1.3563
1.35631
1.35636
1.35641
1.35646
1.35652
1.35659
1.35664
1.35668
1.35672
1.35675
1.35676
1.35676
1.35677
1.35677
1.35675
1.35671
1.35666
1.35656
1.35642
1.35626
1.35609
1.35595
1.35584
1.3558
1.35582
1.35588
1.35597
1.35609
1.35622
1.35634
1.35645
1.35655
1.3566
1.35664
1.35664
1.35663
1.3566
1.35658
1.35656
1.35657
1.35661
1.35669
1.35679
1.35691
1.35702
1.3571
1.35712
1.35707
1.35694
1.35672
1.35648
1.35622
1.35599
1.3558
1.35566
1.35559
1.3556
1.35568
1.3558
1.35597
1.35613
1.35629
1.35642
1.35651
1.3566
1.35664
1.35667
1.35668
1.35671
1.35674
1.35678
1.35683
1.35688
1.35693
1.35697
1.357
1.357
1.357
1.35698
1.35695
1.3569
1.35682
1.35673
1.35663
1.35651
1.3564
1.3563
1.35621
1.35615
1.35611
1.3561
1.35612
1.35614
1.35614
1.35613
1.35609
1.35606
1.35604
1.35603
1.35605
1.35607
1.35613
1.35619
1.35625
1.3563
1.35635
1.3564
1.35644
1.35647
1.3565
1.35653
1.35655
1.35657
1.35657
1.35657
1.35658
1.35657
1.35656
1.35655
1.35655
1.35654
1.35654
1.35654
1.35654
1.35654
1.35654
1.35654
1.35655
1.35656
1.35655
1.35655
1.35655
1.35655
1.35654
1.35653
1.3565
1.35647
1.35644
1.3564
1.35637
1.35636
1.35635
1.35635
1.35636
1.35639
1.3564
1.35642
1.35645
1.35647
1.3565
1.35652
1.35653
1.35655
1.35656
1.35657
1.35657
1.35655
1.35655
1.35652
1.35648
1.35643
1.35638
1.35634
1.35632
1.35632
1.35633
1.35636
1.3564
1.35644
1.35647
1.35651
1.35654
1.35656
1.35655
1.35653
1.35652
1.35649
1.35646
1.35643
1.3564
1.35639
1.35638
1.35638
1.35637
1.35637
1.35638
1.3564
1.35642
1.35645
1.35648
1.35651
1.35654
1.35657
1.3566
1.35664
1.35667
1.35671
1.35675
1.35679
1.35682
1.35684
1.35683
1.35678
1.3567
1.35657
1.35644
1.3563
1.35617
1.35604
1.35593
1.35584
1.35578
1.35573
1.35571
1.35572
1.35578
1.35584
1.35592
1.356
1.35608
1.35615
1.35621
1.35626
1.3563
1.35633
1.35637
1.3564
1.35642
1.35643
1.35645
1.35647
1.35649
1.3565
1.35651
1.35652
1.35653
1.35654
1.35654
1.35654
1.35654
1.35657
1.35659
1.35662
1.35666
1.35671
1.35675
1.35681
1.35686
1.35691
1.35693
1.35694
1.35694
1.3569
1.35685
1.35678
1.35669
1.35658
1.35646
1.35635
1.35623
1.35612
1.35603
1.35595
1.3559
1.35585
1.35582
1.3558
1.35578
1.35578
1.35579
1.35582
1.35586
1.35594
1.35605
1.35618
1.35631
1.35646
1.35662
1.35678
1.35695
1.35712
1.35728
1.35742
1.35751
1.35754
1.35748
1.35733
1.35708
1.35678
1.35647
1.35617
1.35591
1.3557
1.35555
1.35546
1.35545
1.35549
1.35557
1.3557
1.35584
1.35597
1.35611
1.35622
1.35632
1.35641
1.35646
1.35652
1.35655
1.35658
1.3566
1.35661
1.35662
1.35663
1.35664
1.35665
1.35665
1.35665
1.35665
1.35666
1.35666
1.35666
1.35667
1.35668
1.3567
1.35673
1.35677
1.35683
1.35687
1.35691
1.35692
1.35688
1.35679
1.35666
1.35652
1.35638
1.35627
1.3562
1.35616
1.35614
1.35615
1.35618
1.35622
1.35625
1.3563
1.35635
1.35639
1.35643
1.35646
1.35648
1.35648
1.35647
1.35645
1.35643
1.35641
1.3564
1.35639
1.35639
1.35639
1.35639
1.3564
1.3564
1.35642
1.35643
1.35644
1.35644
1.35644
1.35646
1.35645
1.35646
1.35645
1.35644
1.35643
1.35642
1.35641
1.35642
1.35642
1.35642
1.35642
1.35644
1.35646
1.3565
1.35656
1.35663
1.35674
1.35686
1.35697
1.35706
1.35708
1.35703
1.35688
1.3567
1.35651
1.35636
1.35628
1.35625
1.35624
1.35622
1.35622
1.35622
1.35622
1.35625
1.35629
1.35633
1.35639
1.35644
1.35648
1.35652
1.35654
1.35656
1.35655
1.35652
1.35647
1.35642
1.35635
1.35629
1.35625
1.35623
1.35623
1.35626
1.35629
1.35633
1.35638
1.35645
1.35652
1.35659
1.35665
1.35672
1.3568
1.35687
1.35692
1.35694
1.35693
1.35689
1.3568
1.35669
1.35658
1.35648
1.35641
1.35637
1.35635
1.35636
1.35635
1.35634
1.35632
1.35628
1.35624
1.3562
1.35617
1.35615
1.35614
1.35614
1.35615
1.35617
1.35619
1.35621
1.35624
1.35628
1.35632
1.35636
1.35642
1.3565
1.3566
1.35674
1.35694
1.35719
1.35752
1.35788
1.35816
1.35816
1.35771
1.3568
1.35578
1.35506
1.35482
1.35493
1.3552
1.35549
1.35576
1.35597
1.35615
1.35629
1.35641
1.35652
1.35659
1.35661
1.35657
1.3565
1.35643
1.35639
1.35639
1.35645
1.35656
1.35664
1.35664
1.35654
1.35634
1.3561
1.35592
1.35585
1.35589
1.35602
1.3562
1.35637
1.35654
1.35669
1.35682
1.35692
1.35699
1.35705
1.35707
1.35705
1.357
1.35691
1.35679
1.35666
1.35649
1.35634
1.3562
1.35609
1.35601
1.35594
1.35591
1.3559
1.35591
1.35596
1.35599
1.35605
1.35611
1.35617
1.35622
1.35625
1.35629
1.35632
1.35635
1.35636
1.35635
1.35636
1.35635
1.35634
1.35633
1.35631
1.3563
1.3563
1.3563
1.35632
1.35634
1.35637
1.35642
1.35649
1.35656
1.35664
1.35671
1.35677
1.35679
1.35677
1.35672
1.35663
1.35656
1.35648
1.35644
1.35644
1.35648
1.35652
1.35657
1.3566
1.35662
1.3566
1.35655
1.35648
1.35639
1.3563
1.35622
1.35616
1.35613
1.35613
1.35616
1.35621
1.35628
1.35637
1.35648
1.35661
1.35672
1.35682
1.35687
1.35685
1.35676
1.3566
1.35641
1.35624
1.35611
1.35604
1.35605
1.35608
1.35615
1.35623
1.35632
1.35642
1.35652
1.3566
1.3567
1.3568
1.35691
1.35702
1.35716
1.35733
1.35753
1.35775
1.35795
1.35805
1.35791
1.35745
1.35676
1.35607
1.35561
1.35547
1.35555
1.35574
1.35594
1.35611
1.35626
1.35638
1.3565
1.35659
1.35666
1.35668
1.35664
1.35654
1.35641
1.35627
1.35617
1.35614
1.35618
1.35628
1.35642
1.3566
1.35679
1.35699
1.35717
1.3573
1.35736
1.35728
1.35708
1.35679
1.35649
1.35626
1.35615
1.35615
1.35622
1.35633
1.35642
1.3565
1.35656
1.35659
1.3566
1.3566
1.35658
1.35656
1.35653
1.35652
1.35649
1.35648
1.35646
1.35644
1.35644
1.35645
1.35645
1.35646
1.35646
1.35648
1.35649
1.35653
1.35656
1.3566
1.35664
1.35667
1.3567
1.35673
1.35675
1.35676
1.35675
1.35671
1.35665
1.35657
1.35647
1.35635
1.35622
1.35613
1.35606
1.35602
1.35601
1.35601
1.35604
1.35607
1.35611
1.35615
1.35617
1.35622
1.35624
1.35626
1.3563
1.35632
1.35634
1.35636
1.35638
1.3564
1.35644
1.35646
1.35651
1.35654
1.35658
1.35663
1.35667
1.35671
1.35675
1.35679
1.3568
1.35679
1.35676
1.35672
1.35666
1.35658
1.3565
1.35641
1.35632
1.35624
1.35617
1.35611
1.35606
1.35603
1.35602
1.35602
1.35604
1.35607
1.35611
1.35614
1.35619
1.35623
1.35626
1.35629
1.35634
1.35636
1.3564
1.35644
1.35648
1.35651
1.35653
1.35656
1.35659
1.35661
1.35663
1.35665
1.35668
1.35672
1.35675
1.35678
1.35679
1.3568
1.3568
1.35679
1.35675
1.3567
1.35664
1.35657
1.35649
1.35641
1.35633
1.35627
1.35621
1.35616
1.35613
1.35612
1.35613
1.35617
1.3562
1.35624
1.35628
1.35632
1.35635
1.35637
1.35638
1.35639
1.35639
1.3564
1.3564
1.3564
1.3564
1.35641
1.35641
1.35642
1.35644
1.35646
1.35647
1.35648
1.35649
1.35651
1.35654
1.35657
1.35661
1.35664
1.35668
1.35671
1.35676
1.35679
1.35683
1.35684
1.35684
1.35682
1.35676
1.3567
1.35661
1.3565
1.3564
1.35631
1.35623
1.35619
1.35619
1.35618
1.3562
1.35624
1.35628
1.35632
1.35636
1.35638
1.3564
1.35642
1.35642
1.35643
1.35645
1.35646
1.35648
1.3565
1.35653
1.35657
1.35661
1.35666
1.3567
1.35672
1.35672
1.3567
1.35664
1.35654
1.35642
1.35631
1.35622
1.35616
1.35615
1.35617
1.35622
1.35627
1.35632
1.35637
1.35641
1.35645
1.35648
1.35648
1.35648
1.35649
1.3565
1.35649
1.35648
1.35647
1.35646
1.35647
1.35647
1.35649
1.35651
1.35653
1.35654
1.35656
1.35658
1.35657
1.35656
1.35652
1.35648
1.35642
1.35636
1.3563
1.35624
1.35621
1.3562
1.35621
1.35623
1.35627
1.35631
1.35635
1.35638
1.3564
1.35641
1.35639
1.35636
1.35631
1.35629
1.35626
1.35626
1.35628
1.35632
1.35638
1.35644
1.35651
1.35656
1.3566
1.3566
1.35659
1.35654
1.35648
1.35641
1.35631
1.35622
1.35614
1.35608
1.35603
1.356
1.35599
1.35598
1.35599
1.35603
1.35606
1.3561
1.35615
1.3562
1.35626
1.35632
1.35637
1.35644
1.35652
1.35662
1.3567
1.35679
1.35686
1.35692
1.35693
1.3569
1.35682
1.35669
1.35653
1.35636
1.3562
1.35607
1.35598
1.35592
1.35589
1.3559
1.35593
1.35598
1.35604
1.35611
1.3562
1.35629
1.35639
1.35646
1.35653
1.35658
1.35661
1.35662
1.35661
1.35658
1.35655
1.35651
1.35647
1.35646
1.3565
1.35659
1.35673
1.35688
1.35697
1.35693
1.35668
1.35627
1.35582
1.35548
1.35535
1.3554
1.35554
1.35572
1.35588
1.35601
1.3561
1.35618
1.35625
1.3563
1.35634
1.3564
1.35646
1.35653
1.3566
1.35668
1.35675
1.35682
1.35689
1.35693
1.35694
1.35691
1.35683
1.35674
1.35666
1.3566
1.35658
1.35661
1.35664
1.3566
1.35644
1.35616
1.35584
1.35559
1.35549
1.35555
1.35572
1.35595
1.35618
1.35639
1.35652
1.35661
1.35665
1.35663
1.35658
1.3565
1.35642
1.35634
1.35626
1.3562
1.35615
1.3561
1.35608
1.35606
1.35606
1.35606
1.35608
1.35612
1.35615
1.3562
1.35625
1.3563
1.35635
1.3564
1.35646
1.3565
1.35655
1.35659
1.35662
1.35665
1.35668
1.35671
1.35672
1.35673
1.35674
1.35675
1.35677
1.35678
1.35682
1.35686
1.35689
1.3569
1.3569
1.35688
1.3568
1.35667
1.35651
1.35632
1.35614
1.35598
1.35587
1.35584
1.35584
1.35588
1.35593
1.356
1.35606
1.35614
1.35621
1.35627
1.35633
1.3564
1.35644
1.35647
1.3565
1.35654
1.35658
1.35661
1.35667
1.35672
1.35679
1.35687
1.35697
1.35707
1.3572
1.3573
1.35737
1.35736
1.35721
1.35697
1.35663
1.35631
1.35614
1.35615
1.35634
1.35662
1.35692
1.35717
1.35729
1.35727
1.35707
1.35674
1.35635
1.35598
1.35572
1.35558
1.35556
1.35561
1.35572
1.35585
1.35597
1.3561
1.3562
1.35629
1.35636
1.35642
1.35646
1.3565
1.35654
1.3566
1.35668
1.35677
1.35689
1.35706
1.35724
1.35742
1.35756
1.35762
1.35753
1.35731
1.35696
1.35658
1.35624
1.356
1.35587
1.35583
1.35587
1.35598
1.35614
1.35631
1.35648
1.35664
1.35676
1.35682
1.3568
1.35671
1.35654
1.35634
1.35618
1.35606
1.35603
1.35606
1.35613
1.35621
1.3563
1.35637
1.35643
1.35649
1.35653
1.35656
1.3566
1.35664
1.35668
1.35672
1.35676
1.3568
1.35683
1.35684
1.35685
1.35685
1.35683
1.35681
1.35678
1.35676
1.35675
1.35674
1.35674
1.35675
1.35673
1.35672
1.35667
1.35659
1.35648
1.35635
1.35621
1.35608
1.35596
1.35589
1.35586
1.35589
1.35596
1.35609
1.35626
1.35645
1.35666
1.35685
1.35697
1.35698
1.35683
1.35655
1.35621
1.35593
1.35579
1.35579
1.3559
1.35605
1.3562
1.35634
1.35646
1.35655
1.35662
1.35667
1.35669
1.35668
1.35667
1.35661
1.35655
1.35645
1.35638
1.35634
1.35632
1.35636
1.35645
1.35659
1.35674
1.35686
1.3569
1.35682
1.35662
1.35635
1.35605
1.35579
1.35563
1.3556
1.35567
1.35582
1.35604
1.35627
1.35651
1.35672
1.35686
1.35696
1.35697
1.35691
1.35679
1.35661
1.35642
1.35623
1.3561
1.35602
1.35599
1.35602
1.35608
1.35615
1.35622
1.35627
1.3563
1.35631
1.3563
1.3563
1.3563
1.3563
1.3563
1.35632
1.35633
1.35634
1.35636
1.35638
1.35638
1.35639
1.3564
1.35641
1.35641
1.35641
1.3564
1.3564
1.35639
1.35639
1.35637
1.35637
1.35636
1.35637
1.35637
1.35638
1.35639
1.3564
1.35642
1.35643
1.35645
1.35646
1.35648
1.3565
1.35652
1.35653
1.35654
1.35655
1.35657
1.3566
1.35664
1.35666
1.3567
1.35672
1.35675
1.35675
1.35672
1.35665
1.35657
1.35646
1.35635
1.35625
1.35618
1.35613
1.3561
1.3561
1.35613
1.35618
1.35624
1.35631
1.35637
1.35642
1.35647
1.35648
1.3565
1.3565
1.35651
1.35651
1.35652
1.35656
1.35661
1.35667
1.35672
1.35676
1.35678
1.35674
1.35664
1.3565
1.35633
1.35619
1.35609
1.35606
1.35608
1.35613
1.35621
1.35629
1.35636
1.35644
1.35651
1.35657
1.35662
1.35667
1.3567
1.35672
1.35669
1.35667
1.35661
1.35653
1.35642
1.3563
1.3562
1.35612
1.35609
1.3561
1.35614
1.35621
1.35628
1.35637
1.35645
1.35651
1.35655
1.35657
1.35658
1.35656
1.35653
1.35649
1.35644
1.35638
1.35633
1.35628
1.35625
1.35622
1.35621
1.35622
1.35623
1.35627
1.3563
1.35634
1.35639
1.35643
1.3565
1.35657
1.35664
1.35672
1.35681
1.35691
1.35701
1.35709
1.35717
1.35719
1.35716
1.35708
1.35696
1.3568
1.35662
1.35646
1.35633
1.35622
1.35615
1.3561
1.35605
1.35601
1.35599
1.35598
1.356
1.35604
1.35609
1.35615
1.3562
1.35626
1.35631
1.35635
1.35638
1.35641
1.35644
1.35647
1.35649
1.35652
1.35655
1.35656
1.35657
1.35657
1.35657
1.35654
1.35651
1.35646
1.35641
1.35634
1.35628
1.35622
1.35618
1.35615
1.35615
1.35616
1.35619
1.35625
1.35632
1.3564
1.3565
1.35659
1.35669
1.35679
1.35687
1.3569
1.3569
1.35685
1.35672
1.35654
1.35635
1.35616
1.35601
1.35592
1.3559
1.35596
1.35607
1.35619
1.35633
1.35649
1.35664
1.35677
1.35688
1.35694
1.35694
1.35689
1.35676
1.3566
1.35639
1.35619
1.35604
1.35594
1.3559
1.35592
1.356
1.35609
1.35621
1.35632
1.35639
1.35643
1.35642
1.35638
1.35631
1.35625
1.3562
1.35621
1.35626
1.35635
1.35646
1.35658
1.35669
1.35677
1.35679
1.35676
1.35666
1.35652
1.35636
1.3562
1.35607
1.35596
1.35591
1.35588
1.35588
1.35591
1.35596
1.35602
1.35609
1.35617
1.35625
1.35633
1.35641
1.35648
1.35653
1.35656
1.35658
1.35658
1.35657
1.35655
1.35653
1.35651
1.3565
1.35649
1.35648
1.35647
1.35646
1.35645
1.35642
1.35639
1.35635
1.3563
1.35624
1.35619
1.35613
1.35609
1.35607
1.35607
1.35608
1.35611
1.35614
1.35617
1.35621
1.35626
1.35632
1.35639
1.35646
1.35654
1.35662
1.35669
1.35674
1.35677
1.35677
1.35674
1.35669
1.35661
1.35653
1.35647
1.3564
1.35638
1.35636
1.35637
1.3564
1.35645
1.35652
1.35658
1.35661
1.35663
1.35662
1.35657
1.35651
1.35643
1.35636
1.35631
1.35627
1.35624
1.35623
1.35622
1.35622
1.35622
1.35621
1.35619
1.35616
1.35615
1.35614
1.35614
1.35614
1.35615
1.35617
1.35621
1.35624
1.35628
1.35633
1.35638
1.35645
1.35652
1.35657
1.35663
1.35669
1.35673
1.35677
1.35678
1.35676
1.35673
1.35666
1.35659
1.3565
1.35644
1.35638
1.35634
1.35632
1.3563
1.35626
1.35624
1.3562
1.35618
1.35618
1.35618
1.3562
1.35623
1.35628
1.35632
1.35637
1.35644
1.35649
1.35655
1.35659
1.35662
1.3566
1.35654
1.35644
1.35632
1.35621
1.35612
1.35608
1.35609
1.35613
1.3562
1.35627
1.35634
1.35639
1.35642
1.35643
1.35643
1.35643
1.35643
1.35642
1.35643
1.35643
1.35643
1.35643
1.35645
1.35647
1.35648
1.35648
1.35645
1.3564
1.35632
1.35623
1.35614
1.35606
1.35603
1.35604
1.3561
1.35618
1.3563
1.35643
1.35655
1.35668
1.3568
1.3569
1.35697
1.35702
1.35701
1.35695
1.35679
1.35656
1.35628
1.35599
1.35575
1.3556
1.35554
1.35556
1.35562
1.35569
1.35576
1.35582
1.35588
1.35593
1.35599
1.35606
1.35612
1.3562
1.35629
1.35637
1.35644
1.35651
1.35656
1.35657
1.35654
1.35645
1.35633
1.3562
1.35611
1.35605
1.35604
1.35608
1.35615
1.35624
1.35634
1.35644
1.35653
1.35659
1.35663
1.35665
1.35664
1.35658
1.35648
1.35632
1.35614
1.35596
1.35584
1.35578
1.35578
1.35583
1.35594
1.35606
1.35618
1.35631
1.35642
1.35652
1.3566
1.35667
1.35672
1.35675
1.35676
1.35675
1.35674
1.35672
1.3567
1.35668
1.35666
1.35663
1.35659
1.35655
1.35648
1.35638
1.35624
1.35606
1.35588
1.35571
1.35558
1.35552
1.35552
1.35556
1.35562
1.35569
1.35576
1.35584
1.35591
1.35598
1.35604
1.3561
1.35615
1.35619
1.35625
1.3563
1.35636
1.35643
1.35648
1.35653
1.35655
1.35657
1.35657
1.35653
1.35649
1.35646
1.35644
1.35643
1.3545
1.35455
1.3546
1.35467
1.35472
1.35474
1.3547
1.35462
1.35446
1.35427
1.35406
1.35387
1.35371
1.35358
1.35351
1.35349
1.35352
1.35359
1.35368
1.35378
1.35388
1.35399
1.35409
1.35419
1.35427
1.35436
1.35442
1.35446
1.35447
1.35446
1.35443
1.35438
1.3543
1.3542
1.35409
1.35399
1.3539
1.35389
1.35396
1.3541
1.35431
1.35456
1.35484
1.35511
1.35531
1.35538
1.35527
1.35498
1.35455
1.35408
1.35371
1.3535
1.35344
1.35349
1.3536
1.35373
1.35386
1.35397
1.35406
1.35415
1.3542
1.35424
1.35427
1.35428
1.35427
1.35425
1.35424
1.35422
1.35423
1.35426
1.35431
1.35439
1.35448
1.35457
1.35464
1.35464
1.35455
1.3544
1.35423
1.35406
1.35396
1.35395
1.35401
1.35411
1.35419
1.35426
1.35426
1.35423
1.35417
1.3541
1.35402
1.35398
1.35396
1.35396
1.35398
1.35401
1.35404
1.35406
1.35409
1.35411
1.35414
1.35417
1.35421
1.35426
1.35431
1.35437
1.35445
1.35451
1.35456
1.35458
1.35454
1.35446
1.35434
1.35418
1.35402
1.3539
1.35383
1.35381
1.35383
1.35388
1.35394
1.354
1.35407
1.35414
1.3542
1.35426
1.3543
1.35433
1.35436
1.3544
1.35442
1.35444
1.35445
1.35446
1.35445
1.35444
1.35441
1.35437
1.35432
1.35425
1.35417
1.35409
1.354
1.35394
1.35388
1.35385
1.35384
1.35384
1.35386
1.3539
1.35393
1.35396
1.35401
1.35406
1.35409
1.35414
1.35419
1.35423
1.35427
1.35431
1.35436
1.35441
1.35446
1.3545
1.35453
1.35456
1.35458
1.35458
1.35457
1.35452
1.35444
1.3543
1.35414
1.35399
1.35386
1.35381
1.35381
1.35387
1.35397
1.35411
1.35428
1.35447
1.35467
1.35485
1.35497
1.35502
1.35496
1.35477
1.35445
1.35409
1.35373
1.35343
1.35326
1.35322
1.35328
1.35341
1.35356
1.35373
1.35389
1.35402
1.35415
1.35425
1.35432
1.35438
1.35444
1.35449
1.35452
1.35455
1.35459
1.35461
1.35462
1.35462
1.35461
1.35459
1.35457
1.35454
1.3545
1.35447
1.35446
1.35448
1.35452
1.35459
1.35469
1.35481
1.35491
1.35496
1.3549
1.35471
1.3544
1.35408
1.35383
1.3537
1.35369
1.35375
1.35384
1.35394
1.35403
1.35409
1.35414
1.35417
1.35421
1.35424
1.35427
1.35431
1.35435
1.35442
1.35449
1.35456
1.35464
1.35474
1.35483
1.35488
1.35489
1.35482
1.35468
1.35449
1.35426
1.35403
1.35387
1.35377
1.35373
1.35378
1.35387
1.35399
1.3541
1.35422
1.35432
1.35439
1.35444
1.35448
1.3545
1.35452
1.35453
1.35453
1.35451
1.35449
1.35445
1.35439
1.35433
1.35426
1.35421
1.35416
1.35413
1.3541
1.35409
1.3541
1.35412
1.35413
1.35416
1.3542
1.35424
1.35427
1.35432
1.35435
1.35439
1.35443
1.35447
1.35451
1.35454
1.35456
1.35456
1.35455
1.35452
1.35447
1.3544
1.35435
1.35433
1.35434
1.35437
1.35442
1.35447
1.3545
1.3545
1.35447
1.35441
1.35433
1.35425
1.35416
1.35406
1.35397
1.3539
1.35387
1.35386
1.35391
1.354
1.35411
1.35426
1.35441
1.35456
1.35467
1.35475
1.35478
1.35474
1.35466
1.35452
1.35439
1.35427
1.35418
1.35413
1.35412
1.35413
1.35416
1.35417
1.35421
1.35423
1.35426
1.35429
1.35433
1.35438
1.35445
1.35453
1.3546
1.35469
1.35478
1.35484
1.35489
1.35489
1.35485
1.35475
1.3546
1.35442
1.35424
1.35409
1.354
1.35395
1.35397
1.35404
1.35415
1.35429
1.35446
1.35464
1.35485
1.3551
1.35539
1.35569
1.35599
1.35625
1.35643
1.35648
1.35635
1.35604
1.35557
1.355
1.35439
1.35382
1.35335
1.35306
1.35295
1.35299
1.35313
1.35331
1.35349
1.35364
1.35375
1.35383
1.35387
1.35392
1.35396
1.35402
1.35409
1.35418
1.35429
1.35439
1.35449
1.35459
1.35468
1.35476
1.35483
1.35487
1.35488
1.35487
1.35485
1.35479
1.35475
1.3547
1.35468
1.35467
1.35468
1.35469
1.35471
1.35473
1.35477
1.35479
1.3548
1.35479
1.35478
1.35475
1.35472
1.35469
1.35466
1.35465
1.35465
1.35467
1.3547
1.35473
1.35474
1.35475
1.35474
1.3547
1.35464
1.35457
1.35452
1.35449
1.3545
1.35454
1.3546
1.35466
1.35471
1.35476
1.35476
1.35472
1.35468
1.35461
1.35453
1.35448
1.35442
1.35436
1.35431
1.35427
1.35423
1.35419
1.35418
1.35419
1.35422
1.35428
1.35435
1.35441
1.35449
1.35458
1.35467
1.35473
1.3548
1.35484
1.35485
1.35483
1.3548
1.35478
1.35476
1.35477
1.35479
1.35482
1.35484
1.35483
1.35479
1.35472
1.35463
1.35449
1.35436
1.35423
1.35414
1.35409
1.35409
1.35414
1.35422
1.3543
1.35438
1.35445
1.35452
1.35457
1.35461
1.35463
1.35464
1.35463
1.35461
1.35458
1.35455
1.3545
1.35445
1.35441
1.35436
1.35432
1.35429
1.35427
1.35426
1.35426
1.35429
1.35431
1.35434
1.35439
1.35446
1.35453
1.3546
1.35467
1.35474
1.3548
1.35484
1.35487
1.35489
1.35487
1.35481
1.35471
1.3546
1.35444
1.3543
1.35417
1.35406
1.354
1.354
1.35405
1.35413
1.35425
1.3544
1.35455
1.35469
1.35482
1.3549
1.35495
1.35496
1.35492
1.35486
1.35477
1.3547
1.35465
1.35462
1.35461
1.35463
1.35466
1.35471
1.35474
1.35478
1.35482
1.35484
1.35484
1.35482
1.35477
1.3547
1.3546
1.35447
1.35436
1.35426
1.35419
1.35414
1.35412
1.35411
1.35413
1.35414
1.35418
1.35421
1.35426
1.35432
1.35438
1.35447
1.35454
1.35463
1.35471
1.3548
1.35486
1.3549
1.3549
1.3549
1.35487
1.35481
1.35475
1.35467
1.3546
1.35454
1.35451
1.3545
1.35451
1.35452
1.35456
1.35461
1.35462
1.35466
1.35468
1.3547
1.3547
1.35469
1.35469
1.35466
1.35464
1.35462
1.35461
1.35462
1.35466
1.3547
1.35475
1.35479
1.35481
1.35479
1.35475
1.35469
1.35462
1.35457
1.35454
1.35453
1.35455
1.35458
1.35462
1.35466
1.35471
1.35478
1.35487
1.35498
1.35511
1.35528
1.35546
1.35559
1.35559
1.35537
1.3549
1.35427
1.3537
1.35335
1.35325
1.35333
1.3535
1.35369
1.35389
1.35408
1.35425
1.35441
1.35455
1.35468
1.35478
1.35486
1.35491
1.35493
1.35493
1.35491
1.35486
1.3548
1.35474
1.35468
1.35462
1.35459
1.35458
1.35459
1.35462
1.35466
1.35472
1.35478
1.35483
1.35488
1.35491
1.35492
1.35489
1.35483
1.35474
1.35464
1.35454
1.35445
1.3544
1.35438
1.35439
1.35444
1.35449
1.35456
1.35463
1.35472
1.35479
1.35486
1.35492
1.35497
1.35499
1.355
1.35498
1.35494
1.35488
1.35481
1.35473
1.35468
1.35466
1.35466
1.35471
1.35479
1.35489
1.355
1.3551
1.35516
1.35517
1.35512
1.35502
1.35488
1.35472
1.35455
1.35441
1.3543
1.35425
1.35424
1.35429
1.35437
1.35448
1.35456
1.35461
1.35462
1.3546
1.35458
1.35459
1.35463
1.35464
1.35461
1.35449
1.35431
1.35413
1.35404
1.35403
1.35411
1.35424
1.35438
1.3545
1.3546
1.35467
1.3547
1.35471
1.3547
1.35466
1.35462
1.35458
1.35454
1.35453
1.35452
1.35453
1.35455
1.35458
1.35462
1.35466
1.3547
1.35473
1.35474
1.35473
1.3547
1.35464
1.35456
1.35448
1.35442
1.35441
1.35444
1.35452
1.35465
1.3548
1.35491
1.35498
1.35496
1.35485
1.35467
1.35445
1.35427
1.35416
1.35414
1.35419
1.35429
1.3544
1.35453
1.35464
1.35472
1.35472
1.35467
1.35456
1.35441
1.35429
1.35422
1.35422
1.35427
1.35438
1.3545
1.35463
1.35473
1.35478
1.3548
1.35477
1.3547
1.35459
1.35445
1.35433
1.35422
1.35415
1.35412
1.35413
1.35415
1.35421
1.35426
1.35432
1.35438
1.35443
1.35446
1.35449
1.35452
1.35456
1.3546
1.35465
1.35472
1.35481
1.35491
1.35504
1.35517
1.35526
1.35528
1.35519
1.35496
1.35466
1.35442
1.35429
1.35428
1.35435
1.35441
1.35443
1.35441
1.35433
1.35426
1.3542
1.35415
1.35412
1.35411
1.35411
1.35414
1.35419
1.35425
1.35432
1.35438
1.35444
1.35448
1.3545
1.35452
1.35452
1.35451
1.35449
1.35446
1.35444
1.35444
1.35443
1.35444
1.35447
1.3545
1.35454
1.35456
1.35454
1.35449
1.35441
1.35431
1.35422
1.35416
1.35415
1.35422
1.35435
1.35455
1.35483
1.35514
1.35544
1.35562
1.35557
1.35521
1.35462
1.35402
1.35366
1.35361
1.35378
1.35403
1.35426
1.35442
1.35452
1.35457
1.35459
1.3546
1.35462
1.35463
1.35464
1.35461
1.35452
1.35439
1.35422
1.35403
1.35387
1.35375
1.35369
1.3537
1.35375
1.35384
1.35395
1.35405
1.35415
1.35423
1.35432
1.35439
1.35446
1.35452
1.35458
1.35464
1.3547
1.35477
1.35482
1.35488
1.35494
1.35494
1.35491
1.35483
1.35471
1.35456
1.35442
1.35429
1.35421
1.35416
1.35415
1.35416
1.35418
1.35419
1.35421
1.35422
1.35426
1.35429
1.35432
1.35437
1.35441
1.35446
1.35451
1.35455
1.35459
1.35462
1.35465
1.35468
1.35471
1.35475
1.35479
1.35483
1.35487
1.35489
1.35492
1.35493
1.35491
1.35488
1.35481
1.35473
1.35464
1.35453
1.35443
1.35431
1.35421
1.35413
1.35409
1.35407
1.35409
1.35413
1.35419
1.35426
1.35434
1.35442
1.35448
1.35453
1.35455
1.35455
1.35454
1.35451
1.35448
1.35444
1.35439
1.35436
1.35435
1.35435
1.35437
1.35441
1.35446
1.35451
1.35458
1.35464
1.3547
1.35475
1.3548
1.35484
1.35487
1.35489
1.35492
1.35493
1.35493
1.35488
1.35477
1.35459
1.35437
1.35416
1.35401
1.35396
1.35401
1.35413
1.35427
1.35442
1.35455
1.35465
1.35473
1.35478
1.35481
1.35484
1.35484
1.35483
1.35483
1.3548
1.35474
1.35465
1.35454
1.35441
1.35429
1.35418
1.35412
1.35412
1.35415
1.35421
1.35429
1.35434
1.35437
1.35436
1.35433
1.35428
1.35423
1.35419
1.35417
1.35417
1.35418
1.35421
1.35425
1.35429
1.35431
1.35434
1.35437
1.3544
1.35443
1.35445
1.35447
1.35448
1.35448
1.35448
1.35447
1.35445
1.35443
1.3544
1.35437
1.35435
1.35434
1.35433
1.35433
1.35432
1.35432
1.35432
1.35433
1.35434
1.35434
1.35435
1.35434
1.35434
1.35434
1.35433
1.35433
1.35432
1.35433
1.35431
1.35431
1.35432
1.35431
1.3543
1.35429
1.3543
1.3543
1.35431
1.35432
1.35435
1.35437
1.35441
1.35444
1.35447
1.35448
1.35446
1.35443
1.35437
1.35428
1.35418
1.35409
1.35401
1.35397
1.35396
1.35397
1.35402
1.35407
1.35412
1.35418
1.35422
1.35425
1.35428
1.3543
1.35432
1.35434
1.35437
1.35439
1.35443
1.35445
1.35448
1.3545
1.35453
1.35453
1.35452
1.35452
1.35452
1.35452
1.35452
1.35453
1.35454
1.35455
1.35458
1.35459
1.35461
1.35462
1.3546
1.35457
1.35452
1.35447
1.35442
1.35437
1.35435
1.35432
1.3543
1.35425
1.35419
1.35411
1.35403
1.35399
1.35396
1.35397
1.35399
1.35403
1.35408
1.35413
1.35418
1.35423
1.35427
1.35432
1.35434
1.35436
1.35438
1.3544
1.35441
1.35442
1.35444
1.35444
1.35443
1.35442
1.35442
1.3544
1.35439
1.35437
1.35435
1.35433
1.35432
1.35432
1.35434
1.35438
1.35445
1.35456
1.35472
1.35493
1.35515
1.35534
1.35541
1.35528
1.35486
1.35423
1.35361
1.35319
1.35306
1.35314
1.35333
1.35358
1.35381
1.35401
1.3542
1.35439
1.35458
1.35477
1.35499
1.35521
1.35539
1.35553
1.35553
1.35534
1.35493
1.35433
1.35374
1.35332
1.35313
1.35315
1.3533
1.35351
1.35371
1.3539
1.35405
1.35416
1.35426
1.35433
1.35439
1.35445
1.35451
1.35458
1.35469
1.35483
1.35499
1.35519
1.35536
1.35545
1.35536
1.35502
1.35449
1.35393
1.3535
1.35332
1.35333
1.35346
1.35362
1.35378
1.35389
1.35399
1.35405
1.35411
1.35415
1.35419
1.35423
1.35428
1.35431
1.35434
1.35435
1.35433
1.35429
1.35424
1.35418
1.35412
1.35407
1.35403
1.35401
1.354
1.35401
1.35403
1.35405
1.35406
1.35409
1.35411
1.35412
1.35416
1.35419
1.35422
1.35426
1.3543
1.35435
1.3544
1.35447
1.35455
1.35465
1.35477
1.35491
1.35504
1.35517
1.35525
1.35524
1.35512
1.35488
1.35456
1.35423
1.35394
1.35375
1.35365
1.35364
1.3537
1.35381
1.35394
1.35408
1.35421
1.35433
1.35444
1.35453
1.3546
1.35463
1.35465
1.35462
1.35456
1.35445
1.35432
1.35417
1.35404
1.35393
1.35385
1.35381
1.35381
1.35383
1.35388
1.35394
1.35399
1.35404
1.3541
1.35416
1.35422
1.35427
1.35432
1.35437
1.3544
1.35444
1.35446
1.35447
1.35447
1.35446
1.35443
1.35439
1.35435
1.35431
1.35429
1.35427
1.35425
1.35427
1.35428
1.35431
1.35433
1.35433
1.35433
1.35433
1.35432
1.35431
1.35432
1.35434
1.35441
1.3545
1.35462
1.35475
1.35487
1.35493
1.35492
1.35483
1.35467
1.35449
1.35434
1.35424
1.3542
1.3542
1.35421
1.35422
1.35423
1.35422
1.35424
1.35426
1.3543
1.35434
1.35436
1.35434
1.35428
1.35419
1.35409
1.35402
1.35399
1.35402
1.35408
1.35413
1.35419
1.35423
1.35424
1.35424
1.35422
1.35419
1.35417
1.35414
1.35411
1.35409
1.35407
1.35408
1.35408
1.35412
1.35417
1.35424
1.35434
1.35445
1.35456
1.35468
1.35481
1.35493
1.35504
1.35512
1.35514
1.35509
1.355
1.35484
1.35463
1.35438
1.35411
1.35386
1.35366
1.35353
1.35348
1.3535
1.35356
1.35365
1.35375
1.35385
1.35394
1.35403
1.35413
1.35422
1.35433
1.35445
1.35459
1.35474
1.3549
1.35504
1.35514
1.35517
1.35509
1.3549
1.35464
1.35437
1.35416
1.35402
1.35394
1.3539
1.35388
1.35386
1.35386
1.35387
1.35389
1.35396
1.35405
1.35414
1.35424
1.35434
1.35443
1.3545
1.35455
1.35456
1.35455
1.35451
1.35446
1.35438
1.35429
1.35422
1.35417
1.35413
1.35412
1.35413
1.35414
1.35415
1.35417
1.35417
1.35416
1.35416
1.35415
1.35415
1.35417
1.35421
1.35425
1.35431
1.35437
1.35443
1.3545
1.35457
1.35463
1.3547
1.35474
1.35475
1.35474
1.35466
1.35454
1.35439
1.35423
1.35411
1.35404
1.35403
1.35408
1.35417
1.35429
1.35444
1.35458
1.35472
1.35481
1.35485
1.35484
1.35475
1.35462
1.35449
1.35437
1.3543
1.35428
1.35428
1.35429
1.35431
1.35431
1.35429
1.35429
1.35429
1.35429
1.3543
1.3543
1.3543
1.35427
1.35423
1.35418
1.35416
1.35415
1.35418
1.35423
1.3543
1.3544
1.35451
1.35461
1.35469
1.35473
1.35473
1.35468
1.35458
1.35447
1.35435
1.35425
1.35417
1.35412
1.35411
1.35411
1.35412
1.35413
1.35415
1.35419
1.35422
1.35427
1.35432
1.35436
1.35439
1.35443
1.35446
1.3545
1.35455
1.35459
1.35462
1.35464
1.35467
1.35467
1.35466
1.35464
1.3546
1.35455
1.3545
1.35444
1.35439
1.35434
1.35431
1.35429
1.35427
1.35427
1.35428
1.3543
1.35433
1.35437
1.35443
1.35452
1.35462
1.35473
1.35486
1.35497
1.35505
1.35507
1.35498
1.35478
1.35447
1.35409
1.35374
1.35351
1.35341
1.35345
1.35358
1.35376
1.35396
1.35419
1.35442
1.35465
1.35486
1.35503
1.35513
1.35509
1.3549
1.35455
1.35417
1.35387
1.3537
1.35368
1.35377
1.35389
1.35402
1.35414
1.35424
1.35432
1.35437
1.35442
1.35445
1.35448
1.35451
1.35453
1.35455
1.35455
1.35456
1.35455
1.35453
1.35449
1.35443
1.35437
1.35431
1.35424
1.35419
1.35416
1.35415
1.35417
1.3542
1.35423
1.35426
1.35428
1.35431
1.35434
1.35437
1.3544
1.35444
1.3545
1.35457
1.35467
1.35479
1.3549
1.35498
1.35498
1.3549
1.35473
1.35452
1.35433
1.35421
1.35418
1.35421
1.35428
1.35436
1.35443
1.35445
1.35444
1.35438
1.35428
1.35416
1.35404
1.35393
1.35387
1.35384
1.35384
1.35387
1.35391
1.35396
1.354
1.35404
1.3541
1.35416
1.35422
1.35428
1.35433
1.35439
1.35446
1.35452
1.35458
1.35464
1.35469
1.35474
1.35477
1.3548
1.35479
1.35478
1.35475
1.35472
1.35467
1.35462
1.35457
1.35454
1.3545
1.35446
1.35442
1.35438
1.35434
1.35431
1.35428
1.35428
1.3543
1.35433
1.35437
1.35441
1.35443
1.35443
1.3544
1.35437
1.35433
1.35429
1.35427
1.35425
1.35426
1.35429
1.35433
1.3544
1.35449
1.35459
1.35468
1.35475
1.35477
1.35477
1.35476
1.35475
1.35476
1.35476
1.35475
1.3547
1.35457
1.35441
1.35426
1.35415
1.35409
1.35408
1.35412
1.35415
1.35419
1.35423
1.35426
1.35427
1.35428
1.35429
1.3543
1.35431
1.35433
1.35435
1.35437
1.35441
1.35443
1.35447
1.3545
1.35454
1.35457
1.35462
1.35465
1.35469
1.35472
1.35473
1.35473
1.35472
1.35468
1.35462
1.35455
1.35446
1.35437
1.35429
1.35422
1.35417
1.35415
1.35415
1.35421
1.35431
1.35444
1.35461
1.35478
1.35496
1.3551
1.35518
1.35517
1.35505
1.35485
1.35461
1.3544
1.35422
1.35411
1.35404
1.35401
1.35402
1.35405
1.35411
1.3542
1.35425
1.35426
1.35425
1.35422
1.35419
1.35417
1.35419
1.35426
1.35439
1.35462
1.35492
1.35528
1.35561
1.35576
1.35555
1.35492
1.35408
1.35342
1.35316
1.35327
1.35357
1.3539
1.35417
1.35438
1.35452
1.35459
1.35462
1.35462
1.3546
1.35455
1.35452
1.35445
1.3544
1.35436
1.35433
1.3543
1.35429
1.35428
1.35429
1.35429
1.3543
1.3543
1.3543
1.35432
1.35432
1.35432
1.35433
1.35434
1.35437
1.35439
1.35444
1.3545
1.35457
1.35465
1.35474
1.35484
1.35493
1.355
1.35505
1.35503
1.35493
1.35477
1.35454
1.35432
1.35413
1.35403
1.354
1.35405
1.35413
1.35424
1.35434
1.35443
1.35451
1.35456
1.3546
1.3546
1.35457
1.3545
1.35439
1.35427
1.35416
1.35409
1.35406
1.35408
1.35412
1.35418
1.35422
1.35425
1.35426
1.35426
1.35426
1.35428
1.35431
1.35439
1.35452
1.3547
1.35493
1.35517
1.35534
1.35534
1.35506
1.35455
1.35397
1.35355
1.3534
1.35349
1.35371
1.35395
1.35417
1.35435
1.35448
1.35459
1.35466
1.35472
1.35475
1.35478
1.35479
1.3548
1.3548
1.3548
1.35478
1.35475
1.35471
1.35467
1.35462
1.35458
1.35454
1.35451
1.35448
1.35446
1.35444
1.35441
1.3544
1.35439
1.35439
1.35438
1.35438
1.35437
1.35436
1.35436
1.35436
1.35435
1.35436
1.35439
1.35441
1.35443
1.35447
1.35451
1.35454
1.35459
1.35462
1.35466
1.35469
1.35473
1.35476
1.35476
1.35476
1.35476
1.35473
1.3547
1.35468
1.35465
1.35463
1.35461
1.35458
1.35456
1.35454
1.35453
1.35455
1.3546
1.35466
1.35473
1.35478
1.35479
1.35471
1.35456
1.35436
1.35416
1.35405
1.35401
1.35407
1.3542
1.35434
1.3545
1.35465
1.3548
1.35491
1.35499
1.35506
1.35507
1.35504
1.35498
1.3549
1.35481
1.35475
1.35471
1.35472
1.35478
1.35485
1.35491
1.35491
1.35485
1.35471
1.35453
1.35437
1.35426
1.35419
1.35418
1.35419
1.35422
1.35424
1.35426
1.35427
1.35428
1.3543
1.35431
1.35432
1.35433
1.35434
1.35434
1.35435
1.35436
1.35436
1.35437
1.35439
1.3544
1.35442
1.35444
1.35448
1.35451
1.35455
1.35459
1.35465
1.35472
1.3548
1.35489
1.35498
1.35506
1.35512
1.35514
1.3551
1.35498
1.35479
1.35456
1.35437
1.35424
1.35423
1.3543
1.35441
1.35451
1.35459
1.35463
1.35461
1.35457
1.35452
1.35451
1.35454
1.35464
1.35481
1.35505
1.35534
1.35563
1.35586
1.35593
1.35576
1.35529
1.35459
1.35382
1.35318
1.35281
1.35272
1.35287
1.35316
1.35353
1.35391
1.35426
1.35456
1.35482
1.35504
1.35519
1.35529
1.35531
1.35526
1.35511
1.35491
1.3547
1.35452
1.35441
1.35439
1.35441
1.35447
1.35454
1.3546
1.35466
1.35469
1.35471
1.35472
1.35472
1.35472
1.35473
1.35473
1.35473
1.35474
1.35474
1.35473
1.35471
1.3547
1.3547
1.35469
1.35469
1.35468
1.35469
1.3547
1.35474
1.35477
1.35482
1.35489
1.35495
1.35503
1.35508
1.35513
1.35514
1.35509
1.35499
1.35484
1.35465
1.35447
1.35434
1.35427
1.35426
1.35431
1.35439
1.35449
1.3546
1.35471
1.3548
1.35485
1.35487
1.35486
1.35483
1.35476
1.35468
1.3546
1.35453
1.35448
1.35445
1.35444
1.35445
1.35446
1.35448
1.35449
1.35449
1.35449
1.35449
1.35448
1.35447
1.35448
1.35448
1.35448
1.35449
1.3545
1.35451
1.35451
1.35452
1.35453
1.35453
1.35454
1.35456
1.35459
1.35461
1.35464
1.35467
1.35471
1.35475
1.35478
1.35481
1.35484
1.35484
1.35484
1.3548
1.35476
1.35471
1.35468
1.35467
1.35467
1.35469
1.35469
1.35466
1.35459
1.3545
1.35438
1.35428
1.3542
1.35417
1.35416
1.35418
1.3542
1.35423
1.35425
1.35428
1.35433
1.35438
1.35445
1.35453
1.35462
1.35471
1.35479
1.35484
1.35485
1.35482
1.35473
1.35461
1.35448
1.35438
1.3543
1.35428
1.3543
1.35435
1.35439
1.35445
1.3545
1.35455
1.35458
1.35461
1.35462
1.35465
1.35469
1.35473
1.35477
1.35483
1.35489
1.35493
1.35497
1.35497
1.35493
1.35484
1.35471
1.35458
1.35446
1.35436
1.3543
1.3543
1.35433
1.35438
1.35444
1.3545
1.35455
1.35459
1.35461
1.35462
1.35464
1.35466
1.35468
1.35468
1.3547
1.3547
1.35471
1.35471
1.35469
1.35466
1.35462
1.35458
1.35453
1.35448
1.35442
1.35439
1.35437
1.35435
1.35435
1.35435
1.35437
1.35439
1.35442
1.35445
1.35447
1.35449
1.35452
1.35454
1.35456
1.35458
1.35458
1.35459
1.35461
1.35462
1.35463
1.35462
1.35461
1.35462
1.35461
1.3546
1.3546
1.3546
1.3546
1.3546
1.3546
1.35461
1.35459
1.35458
1.35456
1.35452
1.35447
1.35443
1.35437
1.35433
1.35429
1.35428
1.3543
1.35438
1.3545
1.3547
1.35494
1.35521
1.35545
1.35557
1.35546
1.35505
1.35451
1.35405
1.35384
1.3539
1.35415
1.35447
1.35478
1.35503
1.35521
1.35531
1.35531
1.35525
1.3551
1.35488
1.35462
1.35433
1.35407
1.35386
1.35372
1.35366
1.35366
1.3537
1.35378
1.35388
1.354
1.35411
1.35423
1.35434
1.35446
1.35459
1.3547
1.35483
1.35494
1.35504
1.35511
1.35516
1.35516
1.35513
1.35508
1.35501
1.35496
1.35492
1.3549
1.3549
1.35495
1.35498
1.35502
1.35506
1.35504
1.355
1.35491
1.35477
1.35462
1.35446
1.35431
1.35419
1.35412
1.35409
1.35412
1.35418
1.35427
1.35435
1.35444
1.35452
1.35457
1.35458
1.35456
1.35451
1.35444
1.35437
1.35432
1.35428
1.35429
1.35431
1.35436
1.35443
1.35452
1.35462
1.35472
1.35483
1.35495
1.35508
1.35519
1.35528
1.35535
1.35536
1.35531
1.35517
1.35497
1.35472
1.35448
1.35429
1.35418
1.35414
1.35416
1.35424
1.35434
1.35448
1.35465
1.35482
1.35499
1.35514
1.35524
1.35528
1.35524
1.35511
1.35491
1.35469
1.3545
1.35435
1.35424
1.35417
1.35412
1.35409
1.3541
1.35412
1.35414
1.35418
1.35423
1.35428
1.35433
1.35438
1.35443
1.35449
1.35454
1.35459
1.35465
1.35469
1.35472
1.35475
1.35478
1.3548
1.35482
1.35481
1.35481
1.35478
1.35474
1.3547
1.35464
1.35459
1.35454
1.3545
1.35449
1.3545
1.35452
1.35459
1.35468
1.35477
1.35489
1.35499
1.35505
1.35507
1.35503
1.35495
1.35482
1.35466
1.35448
1.35431
1.35415
1.35403
1.35397
1.35397
1.35403
1.35416
1.35431
1.35446
1.35458
1.35467
1.35472
1.35472
1.35467
1.3546
1.35453
1.3545
1.35448
1.3545
1.35452
1.35455
1.35456
1.35456
1.35455
1.35453
1.35448
1.35443
1.35439
1.35435
1.35432
1.35431
1.3543
1.3543
1.35431
1.35432
1.35435
1.35438
1.35441
1.35444
1.35449
1.35453
1.35457
1.35462
1.35466
1.35471
1.35477
1.35481
1.35488
1.35495
1.35501
1.35507
1.35511
1.3551
1.35501
1.35483
1.35455
1.35424
1.35395
1.35374
1.35367
1.35371
1.35383
1.354
1.35417
1.35433
1.35446
1.35454
1.35456
1.35454
1.35449
1.35439
1.35428
1.35419
1.35412
1.3541
1.35412
1.35419
1.35428
1.35441
1.35456
1.35473
1.35491
1.35509
1.35525
1.35535
1.35538
1.35531
1.35511
1.35483
1.35451
1.3542
1.35398
1.35385
1.35382
1.35387
1.35396
1.35407
1.35416
1.35425
1.35432
1.35437
1.35441
1.35444
1.35447
1.35449
1.35453
1.35456
1.35458
1.35461
1.35463
1.35463
1.35464
1.35464
1.35464
1.35463
1.35463
1.35463
1.35465
1.35466
1.35468
1.35469
1.35472
1.35473
1.35474
1.35475
1.35474
1.35471
1.35467
1.35458
1.35447
1.35435
1.35423
1.35415
1.35408
1.35405
1.35405
1.35408
1.35412
1.35418
1.35425
1.35433
1.35438
1.35445
1.35452
1.35459
1.35466
1.35474
1.35484
1.35494
1.35505
1.35516
1.35524
1.35526
1.35518
1.35499
1.35472
1.35441
1.35415
1.35398
1.3539
1.35389
1.35391
1.35395
1.35398
1.35403
1.35406
1.35411
1.35417
1.35424
1.35431
1.35438
1.35446
1.35452
1.35456
1.35459
1.35459
1.35456
1.35452
1.35445
1.35442
1.35441
1.35446
1.35457
1.35473
1.3549
1.35506
1.35514
1.35504
1.35478
1.3544
1.35402
1.35374
1.35361
1.3536
1.35366
1.35375
1.35385
1.35395
1.35404
1.35412
1.3542
1.35427
1.35435
1.35441
1.35448
1.35455
1.35461
1.35467
1.3547
1.35473
1.35473
1.3547
1.35464
1.35455
1.35445
1.35436
1.35428
1.35422
1.35419
1.35418
1.35418
1.35418
1.35418
1.35418
1.35417
1.35415
1.35414
1.35413
1.35413
1.35414
1.35415
1.35417
1.35419
1.35421
1.35423
1.35425
1.35427
1.35429
1.3543
1.3543
1.3543
1.35432
1.35431
1.3543
1.35429
1.35427
1.35425
1.35423
1.35422
1.35421
1.35421
1.35422
1.35422
1.35424
1.35424
1.35426
1.35427
1.35428
1.35429
1.35427
1.35427
1.35426
1.35423
1.35421
1.35418
1.35415
1.35412
1.3541
1.35409
1.35408
1.3541
1.35412
1.35416
1.35421
1.35426
1.35431
1.35436
1.35441
1.35444
1.35445
1.35443
1.35438
1.35432
1.35425
1.35419
1.35414
1.3541
1.35408
1.35407
1.35407
1.35408
1.35408
1.35407
1.35407
1.35407
1.35409
1.35412
1.35417
1.35423
1.35427
1.35428
1.35426
1.3542
1.35411
1.35401
1.35392
1.35384
1.35381
1.35383
1.35387
1.35394
1.35403
1.35414
1.35424
1.35435
1.35446
1.35455
1.35463
1.35469
1.35471
1.35469
1.35466
1.3546
1.35455
1.35453
1.35455
1.35465
1.35487
1.35522
1.35569
1.35612
1.35618
1.3555
1.35414
1.35277
1.35209
1.35218
1.35268
1.35323
1.35369
1.35402
1.35426
1.35443
1.35456
1.35465
1.35471
1.35473
1.35471
1.35465
1.35455
1.35443
1.35432
1.35424
1.35418
1.35417
1.35418
1.35423
1.35429
1.35435
1.35442
1.35448
1.35456
1.35465
1.35473
1.35482
1.35489
1.35492
1.35492
1.3549
1.35487
1.35484
1.35482
1.35482
1.35481
1.3548
1.35474
1.35463
1.35449
1.35431
1.35414
1.35398
1.35386
1.35378
1.35374
1.35373
1.35375
1.35377
1.35381
1.35385
1.35391
1.35396
1.35402
1.35407
1.35412
1.35417
1.3542
1.35422
1.35424
1.35426
1.35428
1.35431
1.35435
1.35441
1.35448
1.35456
1.35464
1.35469
1.3547
1.35462
1.35449
1.3543
1.35413
1.35401
1.35396
1.35398
1.35406
1.35418
1.35432
1.35447
1.35463
1.35476
1.35483
1.3548
1.35466
1.35444
1.35417
1.35391
1.35372
1.35363
1.3536
1.35364
1.3537
1.35381
1.35393
1.35409
1.35427
1.35444
1.35458
1.35468
1.35472
1.35466
1.35451
1.35431
1.35411
1.35392
1.35381
1.35374
1.35372
1.35374
1.35378
1.35382
1.35385
1.35389
1.35393
1.35399
1.35405
1.35412
1.35421
1.3543
1.35439
1.35448
1.35456
1.35463
1.35466
1.35466
1.35461
1.35456
1.35447
1.35438
1.35431
1.35425
1.35423
1.35422
1.35422
1.35423
1.35424
1.35425
1.35424
1.35423
1.35422
1.3542
1.35418
1.35415
1.35413
1.35414
1.35413
1.35414
1.35415
1.35419
1.35424
1.3543
1.35438
1.35447
1.35458
1.35469
1.35479
1.35487
1.3549
1.35489
1.35482
1.35473
1.35464
1.35455
1.35448
1.35445
1.35442
1.35439
1.35436
1.35429
1.35417
1.35404
1.3539
1.35379
1.3537
1.35367
1.35366
1.35369
1.35374
1.35382
1.35388
1.35395
1.354
1.35406
1.35411
1.35415
1.35419
1.35421
1.35424
1.35426
1.35428
1.35429
1.35429
1.3543
1.3543
1.3543
1.35429
1.3543
1.35429
1.35429
1.35428
1.35427
1.35426
1.35425
1.35424
1.35421
1.35419
1.35418
1.35416
1.35415
1.35414
1.35413
1.35412
1.35411
1.35411
1.35411
1.35413
1.35415
1.35417
1.35419
1.35422
1.35424
1.35425
1.35427
1.35428
1.35429
1.3543
1.35431
1.35431
1.3543
1.35428
1.35427
1.35425
1.3542
1.35415
1.35408
1.354
1.35394
1.35392
1.35392
1.35394
1.35399
1.35404
1.35404
1.35403
1.35399
1.35394
1.35391
1.35391
1.35396
1.35404
1.35414
1.35426
1.35436
1.35448
1.35458
1.35468
1.35476
1.35483
1.35487
1.35487
1.3548
1.35467
1.35447
1.35422
1.35396
1.35374
1.3536
1.35356
1.35358
1.35367
1.35379
1.35393
1.35408
1.35424
1.35437
1.35447
1.35454
1.35455
1.35452
1.35445
1.35434
1.35423
1.35414
1.3541
1.3541
1.35415
1.35425
1.35437
1.35449
1.35462
1.35472
1.35479
1.35481
1.35477
1.35466
1.35447
1.35424
1.35401
1.35383
1.35373
1.3537
1.35374
1.35385
1.35398
1.35412
1.35427
1.35442
1.35455
1.35467
1.35479
1.3549
1.35502
1.35514
1.35527
1.35539
1.35547
1.35543
1.35521
1.35479
1.35424
1.35371
1.3533
1.35308
1.35307
1.35319
1.35339
1.35361
1.35383
1.35402
1.35418
1.35432
1.35444
1.35455
1.35464
1.35472
1.35479
1.35485
1.3549
1.35492
1.35493
1.35491
1.35485
1.35476
1.35465
1.35452
1.3544
1.35431
1.35424
1.3542
1.35418
1.35419
1.3542
1.35421
1.35422
1.35422
1.35422
1.35422
1.35423
1.35425
1.35427
1.35431
1.35436
1.35441
1.35448
1.35454
1.3546
1.35466
1.35469
1.3547
1.3547
1.35469
1.35468
1.35467
1.35468
1.3547
1.35472
1.35472
1.35467
1.35455
1.35439
1.35419
1.354
1.35388
1.35381
1.35381
1.35385
1.35391
1.35399
1.35407
1.35415
1.35422
1.35427
1.35433
1.35437
1.3544
1.35443
1.35445
1.35446
1.35447
1.35448
1.35449
1.35449
1.35449
1.35449
1.35451
1.3545
1.3545
1.3545
1.35451
1.35451
1.35452
1.35453
1.35456
1.35459
1.35465
1.35473
1.35482
1.3549
1.35497
1.355
1.35498
1.35489
1.35476
1.3546
1.35447
1.35436
1.35429
1.35425
1.35425
1.35423
1.35423
1.35423
1.35423
1.35424
1.35427
1.35428
1.35432
1.35434
1.35437
1.3544
1.35442
1.35443
1.35445
1.35446
1.35447
1.35448
1.3545
1.35454
1.35458
1.3546
1.35461
1.3546
1.35457
1.35451
1.35444
1.35439
1.35435
1.35433
1.35434
1.35436
1.3544
1.35445
1.3545
1.35453
1.35456
1.35456
1.35455
1.35453
1.35451
1.35446
1.35442
1.35437
1.35432
1.35428
1.35426
1.35427
1.35427
1.35431
1.35436
1.35443
1.35451
1.35463
1.35475
1.35488
1.355
1.35508
1.35507
1.35494
1.35468
1.35436
1.35407
1.35387
1.35381
1.35384
1.35394
1.35406
1.35418
1.35429
1.35438
1.35446
1.35454
1.3546
1.35468
1.35476
1.35483
1.35489
1.35493
1.35491
1.35485
1.35472
1.35455
1.35437
1.3542
1.3541
1.35405
1.35405
1.35409
1.35414
1.35418
1.35422
1.35424
1.35426
1.35428
1.35428
1.3543
1.35431
1.35433
1.35434
1.35438
1.35444
1.35451
1.35462
1.35475
1.35491
1.35509
1.3553
1.3555
1.35565
1.35571
1.3556
1.35529
1.35485
1.35438
1.354
1.35378
1.35372
1.35377
1.3539
1.35402
1.35416
1.35427
1.35434
1.35434
1.35428
1.35416
1.35401
1.35391
1.35384
1.35384
1.35389
1.35398
1.35408
1.35418
1.35429
1.3544
1.35449
1.35458
1.35466
1.35474
1.3548
1.35484
1.35487
1.35486
1.35483
1.35476
1.35466
1.35455
1.35445
1.35436
1.35431
1.3543
1.35432
1.35437
1.35443
1.35452
1.35459
1.35467
1.35474
1.35479
1.35482
1.35485
1.35485
1.35484
1.35483
1.3548
1.35478
1.35476
1.35471
1.35462
1.35449
1.35433
1.35417
1.35404
1.35397
1.35396
1.354
1.35409
1.35418
1.35426
1.35431
1.35433
1.35434
1.35434
1.35433
1.35432
1.35433
1.35436
1.35439
1.35443
1.35449
1.35455
1.35463
1.35473
1.35485
1.35496
1.35505
1.35506
1.35497
1.35476
1.35448
1.35418
1.35396
1.35385
1.35386
1.35393
1.35405
1.35416
1.35426
1.35434
1.35441
1.35445
1.35449
1.35451
1.35453
1.35452
1.35451
1.35448
1.35443
1.35437
1.35431
1.35424
1.35418
1.35415
1.35414
1.35416
1.3542
1.35425
1.35431
1.35439
1.35449
1.35458
1.35468
1.35478
1.35488
1.35496
1.35501
1.35504
1.35501
1.35492
1.35475
1.35452
1.35426
1.35399
1.35373
1.35354
1.35341
1.35338
1.35343
1.35353
1.35367
1.35384
1.35402
1.35418
1.35434
1.35447
1.35458
1.35465
1.3547
1.3547
1.35466
1.35459
1.35452
1.35445
1.3544
1.35438
1.35439
1.35443
1.3545
1.35457
1.35465
1.35473
1.35479
1.35486
1.3549
1.3549
1.35488
1.35482
1.35472
1.35458
1.35443
1.35426
1.3541
1.35397
1.35388
1.35383
1.35384
1.35387
1.35392
1.35399
1.35407
1.35417
1.35426
1.35432
1.35438
1.35442
1.35447
1.35451
1.35456
1.35463
1.35472
1.35483
1.35493
1.35499
1.35501
1.35497
1.35485
1.35473
1.35464
1.35462
1.35466
1.35471
1.35471
1.35466
1.35454
1.3544
1.35428
1.35421
1.35421
1.35425
1.3543
1.35435
1.3544
1.35442
1.35443
1.35444
1.35445
1.35447
1.3545
1.35453
1.35455
1.35456
1.35456
1.35455
1.35451
1.35448
1.35445
1.35442
1.35441
1.35441
1.35444
1.35448
1.35455
1.35463
1.35472
1.35481
1.35487
1.35485
1.35475
1.35457
1.35432
1.35406
1.35387
1.35377
1.35377
1.35385
1.35396
1.3541
1.35423
1.35436
1.35447
1.35457
1.35466
1.35474
1.35479
1.35483
1.35481
1.35478
1.35468
1.35452
1.35434
1.35418
1.35403
1.35394
1.35393
1.35397
1.35404
1.35413
1.35422
1.35432
1.3544
1.35445
1.3545
1.35451
1.35451
1.3545
1.35446
1.35442
1.35438
1.35432
1.35426
1.3542
1.35415
1.35413
1.35414
1.35414
1.35417
1.35422
1.35428
1.35435
1.35443
1.3545
1.35458
1.35467
1.35475
1.35482
1.35488
1.3549
1.35489
1.35484
1.35475
1.35459
1.35441
1.3542
1.35399
1.35382
1.35368
1.3536
1.35359
1.35364
1.35374
1.35389
1.35406
1.35425
1.35446
1.35467
1.35488
1.35506
1.35523
1.35534
1.35537
1.3553
1.35509
1.35478
1.35439
1.354
1.35366
1.35343
1.35333
1.35334
1.35343
1.35359
1.35375
1.35393
1.3541
1.35426
1.35441
1.35453
1.35466
1.35477
1.35487
1.35497
1.35506
1.35512
1.35514
1.3551
1.35498
1.35482
1.35462
1.35442
1.35426
1.35417
1.35412
1.35413
1.35415
1.35419
1.35421
1.35422
1.35423
1.35423
1.35421
1.35419
1.35416
1.35413
1.3541
1.35407
1.35406
1.35405
1.35406
1.35407
1.35409
1.35414
1.35418
1.35424
1.35429
1.35437
1.35446
1.35456
1.35467
1.35479
1.35489
1.35496
1.35497
1.35491
1.35478
1.35463
1.35449
1.35438
1.35434
1.35432
1.35432
1.35429
1.35424
1.35417
1.35408
1.354
1.35394
1.35391
1.35392
1.35396
1.35404
1.35416
1.35431
1.3545
1.3547
1.35492
1.35509
1.3552
1.35516
1.35496
1.35465
1.35433
1.35411
1.35406
1.35415
1.35431
1.35446
1.35459
1.35466
1.35468
1.35464
1.35457
1.35447
1.35439
1.35431
1.35425
1.35422
1.35421
1.35423
1.35424
1.35426
1.35427
1.35426
1.35423
1.3542
1.35416
1.35414
1.35414
1.35415
1.35418
1.35422
1.35427
1.35432
1.35437
1.35442
1.35447
1.35453
1.3546
1.3547
1.35481
1.35491
1.355
1.35507
1.35509
1.35504
1.35493
1.35477
1.35458
1.35442
1.3543
1.35424
1.35423
1.35427
1.35435
1.35447
1.3546
1.35474
1.35488
1.355
1.35509
1.35514
1.35511
1.35497
1.35469
1.35434
1.35401
1.35379
1.35373
1.35381
1.35397
1.35416
1.35434
1.35449
1.35459
1.35466
1.3547
1.35471
1.35469
1.35466
1.35462
1.3546
1.35459
1.35458
1.35457
1.35459
1.3546
1.35461
1.35462
1.35464
1.35465
1.35465
1.35463
1.35459
1.35454
1.35448
1.35442
1.35438
1.35436
1.35436
1.35438
1.35442
1.35446
1.35452
1.35458
1.35464
1.35471
1.35477
1.35482
1.35488
1.3549
1.35493
1.35492
1.35491
1.35487
1.35481
1.35473
1.35463
1.35453
1.35444
1.35436
1.3543
1.35426
1.35423
1.35422
1.35423
1.35426
1.3543
1.35434
1.35438
1.35442
1.35444
1.35445
1.35444
1.35442
1.35439
1.35435
1.35432
1.3543
1.35428
1.35428
1.35429
1.35431
1.35432
1.35433
1.35436
1.35438
1.35441
1.35443
1.35445
1.35446
1.35446
1.35446
1.35446
1.35446
1.35445
1.35443
1.35442
1.35442
1.35442
1.35443
1.35442
1.35444
1.35447
1.3545
1.35454
1.35459
1.35465
1.35469
1.35472
1.35475
1.35476
1.35472
1.35466
1.35457
1.35446
1.35438
1.35433
1.35432
1.35435
1.35442
1.35452
1.35463
1.35476
1.35491
1.35504
1.35515
1.35516
1.35506
1.3548
1.35443
1.35404
1.35377
1.35369
1.35375
1.35391
1.35411
1.35429
1.35442
1.35449
1.35452
1.35451
1.35447
1.35442
1.35436
1.35431
1.35427
1.35421
1.35416
1.35414
1.35414
1.3542
1.3543
1.35446
1.35469
1.35495
1.35523
1.35548
1.35565
1.35568
1.35555
1.35525
1.35477
1.35425
1.35378
1.35348
1.35335
1.35339
1.35351
1.35368
1.35386
1.35401
1.35414
1.35425
1.35433
1.35438
1.35441
1.35444
1.35446
1.35446
1.35447
1.35449
1.3545
1.35452
1.35453
1.35454
1.35454
1.35455
1.35456
1.35457
1.35458
1.35458
1.35459
1.35459
1.3546
1.3546
1.3546
1.35461
1.35462
1.35463
1.35461
1.3546
1.35459
1.35457
1.35455
1.35453
1.35452
1.35451
1.3545
1.3545
1.35449
1.35448
1.35448
1.35448
1.35447
1.35445
1.35443
1.35441
1.3544
1.35439
1.3544
1.3544
1.35441
1.35443
1.35445
1.35447
1.35447
1.35448
1.35448
1.35448
1.35447
1.35445
1.35444
1.35444
1.35443
1.35442
1.35441
1.35442
1.35442
1.35444
1.35446
1.3545
1.35455
1.35463
1.35473
1.35484
1.35496
1.35506
1.35516
1.3552
1.35519
1.35512
1.35503
1.35495
1.35488
1.35482
1.35477
1.35476
1.35476
1.35479
1.35478
1.35466
1.35441
1.35406
1.35376
1.35361
1.35362
1.35374
1.3539
1.35407
1.3542
1.35429
1.35435
1.35441
1.35445
1.35448
1.35451
1.35453
1.35455
1.35456
1.35457
1.35459
1.35458
1.35458
1.35456
1.35454
1.35452
1.35451
1.3545
1.35451
1.35452
1.35454
1.35458
1.35461
1.35464
1.35466
1.35468
1.35468
1.35467
1.35462
1.35456
1.35447
1.35438
1.35428
1.3542
1.35413
1.35409
1.35409
1.35409
1.3541
1.35411
1.35414
1.35417
1.3542
1.35423
1.35426
1.35428
1.35431
1.35432
1.35433
1.35434
1.35434
1.35434
1.35433
1.35431
1.3543
1.35429
1.35429
1.3543
1.35435
1.3544
1.35448
1.35457
1.35467
1.35475
1.3548
1.3548
1.35472
1.35457
1.35438
1.35421
1.35407
1.354
1.354
1.35404
1.35412
1.35421
1.35428
1.35434
1.35437
1.35438
1.35437
1.35434
1.35431
1.35427
1.35425
1.35426
1.35428
1.35433
1.3544
1.35448
1.3546
1.35474
1.35491
1.3551
1.3553
1.35548
1.3556
1.35557
1.35532
1.35485
1.35427
1.35376
1.35345
1.35338
1.35347
1.35366
1.35388
1.3541
1.35435
1.35463
1.35493
1.35524
1.35544
1.35542
1.35507
1.35446
1.3538
1.35334
1.35313
1.35315
1.35329
1.35345
1.35361
1.35376
1.35389
1.35401
1.35411
1.35419
1.35425
1.3543
1.35434
1.35438
1.35442
1.35448
1.35453
1.35459
1.35466
1.35472
1.35478
1.35481
1.35481
1.35478
1.3547
1.35461
1.35453
1.35448
1.35448
1.35451
1.35455
1.35458
1.3546
1.35458
1.35455
1.35452
1.35451
1.35452
1.35456
1.35456
1.35447
1.35424
1.35392
1.35361
1.35343
1.35341
1.35353
1.35372
1.35393
1.35412
1.35427
1.35436
1.35442
1.35446
1.35449
1.35452
1.35456
1.3546
1.35466
1.35474
1.35482
1.3549
1.355
1.35508
1.35513
1.35515
1.35511
1.35499
1.35478
1.35452
1.35421
1.35393
1.3537
1.35358
1.35356
1.35362
1.35375
1.35389
1.35404
1.35416
1.35427
1.35434
1.35439
1.35442
1.35446
1.3545
1.35453
1.35455
1.35454
1.35449
1.35441
1.35429
1.35417
1.35408
1.35404
1.35403
1.35407
1.35414
1.35421
1.35427
1.35433
1.35437
1.3544
1.35441
1.35443
1.35443
1.35442
1.35439
1.35437
1.35433
1.35431
1.35427
1.35424
1.35421
1.35418
1.35417
1.35417
1.35417
1.35418
1.3542
1.35422
1.35425
1.35427
1.3543
1.35434
1.35436
1.35441
1.35444
1.3545
1.35455
1.35462
1.35469
1.35475
1.35477
1.35475
1.35466
1.35449
1.35429
1.35408
1.35393
1.35384
1.35382
1.35386
1.35393
1.35401
1.35409
1.35415
1.35421
1.35427
1.35429
1.35431
1.35433
1.35435
1.35436
1.3544
1.35443
1.35447
1.35453
1.35462
1.35473
1.35487
1.35502
1.35515
1.35519
1.35509
1.35483
1.35445
1.35404
1.35372
1.35351
1.35338
1.35333
1.35335
1.35342
1.35353
1.35367
1.35382
1.35397
1.35411
1.35424
1.35434
1.35441
1.35446
1.35448
1.35446
1.35445
1.35444
1.35442
1.35441
1.3544
1.35439
1.3544
1.35442
1.35443
1.35446
1.35448
1.35449
1.3545
1.35451
1.3545
1.3545
1.3545
1.35449
1.35449
1.35448
1.35448
1.35451
1.35454
1.35457
1.3546
1.35459
1.35455
1.35447
1.35436
1.35425
1.35416
1.35411
1.35409
1.35411
1.35415
1.35417
1.35419
1.3542
1.35419
1.35419
1.35417
1.35417
1.35417
1.35419
1.35422
1.35424
1.35429
1.35433
1.3544
1.35447
1.35456
1.35465
1.35476
1.35487
1.35497
1.35501
1.35499
1.35486
1.35464
1.35437
1.35411
1.35392
1.35384
1.35382
1.35386
1.35391
1.35396
1.354
1.35402
1.35403
1.35404
1.35407
1.35409
1.35413
1.35418
1.35424
1.3543
1.35437
1.35443
1.3545
1.35455
1.3546
1.35464
1.35467
1.3547
1.35472
1.35475
1.35477
1.35475
1.3547
1.35459
1.35444
1.35425
1.35406
1.35387
1.35373
1.35365
1.35362
1.35366
1.35374
1.35384
1.35397
1.35412
1.35425
1.35438
1.35449
1.35458
1.35467
1.35473
1.3548
1.35488
1.35497
1.35508
1.35518
1.35528
1.35534
1.35533
1.35522
1.355
1.35468
1.35431
1.35393
1.35362
1.35344
1.3534
1.35345
1.3536
1.3538
1.35398
1.35414
1.35424
1.35427
1.35425
1.35419
1.35414
1.3541
1.3541
1.35414
1.35418
1.35425
1.35433
1.35442
1.35449
1.35456
1.35462
1.35466
1.35467
1.35466
1.35464
1.35461
1.35459
1.35458
1.3546
1.35464
1.35472
1.35481
1.35491
1.35501
1.35508
1.35511
1.35507
1.35496
1.35477
1.35456
1.35436
1.35418
1.35407
1.35401
1.35398
1.35399
1.35402
1.35407
1.35413
1.3542
1.35429
1.35437
1.35446
1.35454
1.35462
1.3547
1.35476
1.35483
1.3549
1.35498
1.35505
1.35512
1.35515
1.35517
1.35513
1.35504
1.35487
1.35466
1.35442
1.35419
1.35401
1.35388
1.35381
1.35379
1.35384
1.35392
1.35402
1.35413
1.35425
1.35437
1.35447
1.35456
1.35463
1.3547
1.35475
1.35478
1.35479
1.35479
1.35479
1.35477
1.35474
1.3547
1.35464
1.35458
1.35451
1.35445
1.35438
1.35433
1.35428
1.35426
1.35425
1.35427
1.35428
1.35433
1.35437
1.35442
1.35448
1.35455
1.35463
1.35474
1.35488
1.35506
1.35526
1.35543
1.3555
1.35537
1.35496
1.35434
1.35373
1.35333
1.35321
1.35332
1.35354
1.35378
1.35399
1.35416
1.35428
1.35436
1.35441
1.35445
1.35446
1.35446
1.35447
1.35449
1.35449
1.3545
1.35451
1.35453
1.35458
1.35464
1.35475
1.35489
1.35509
1.35529
1.35549
1.35561
1.35561
1.35544
1.35509
1.35465
1.3542
1.35382
1.35354
1.35338
1.35334
1.35339
1.35353
1.3537
1.35388
1.35405
1.35422
1.35436
1.35447
1.35457
1.35465
1.35472
1.35477
1.3548
1.35482
1.35481
1.35477
1.3547
1.35462
1.35451
1.35439
1.3543
1.35426
1.35423
1.35423
1.35426
1.35429
1.35432
1.35436
1.35439
1.35441
1.35444
1.35444
1.35444
1.35444
1.35442
1.35441
1.3544
1.35438
1.35436
1.35434
1.35432
1.35431
1.35431
1.3543
1.35429
1.35429
1.35431
1.35433
1.35437
1.35442
1.35451
1.35463
1.35479
1.35499
1.35522
1.35547
1.3557
1.3559
1.35599
1.35595
1.35573
1.35533
1.3548
1.35423
1.35377
1.35346
1.35335
1.35338
1.35351
1.35368
1.35388
1.35404
1.35417
1.35428
1.35434
1.35438
1.3544
1.35441
1.35442
1.35442
1.35442
1.35444
1.35447
1.3545
1.35452
1.35454
1.35456
1.35458
1.3546
1.35461
1.35464
1.35465
1.35469
1.35473
1.35476
1.35481
1.35483
1.35486
1.35487
1.35485
1.35482
1.35476
1.35469
1.35462
1.35456
1.35451
1.35447
1.35444
1.35443
1.35444
1.35445
1.35445
1.35446
1.35448
1.3545
1.35453
1.35455
1.35457
1.3546
1.35464
1.35466
1.35468
1.35471
1.35471
1.35472
1.35474
1.35476
1.35479
1.35482
1.35487
1.35491
1.35496
1.35501
1.35504
1.35503
1.35499
1.35491
1.3548
1.35466
1.35451
1.35437
1.35427
1.3542
1.35417
1.35418
1.35422
1.35428
1.35434
1.3544
1.35447
1.35451
1.35456
1.35459
1.35462
1.35464
1.35466
1.35467
1.35468
1.35469
1.35468
1.35469
1.35468
1.35467
1.35465
1.35464
1.35463
1.35464
1.35465
1.35466
1.35468
1.3547
1.35472
1.35473
1.35474
1.35472
1.35471
1.35466
1.35461
1.35457
1.35454
1.35453
1.35453
1.35455
1.35457
1.3546
1.35464
1.35467
1.35471
1.35477
1.35481
1.35485
1.35484
1.35481
1.35472
1.3546
1.35446
1.35431
1.35417
1.35406
1.35399
1.35395
1.35397
1.35399
1.35404
1.35409
1.35415
1.35424
1.35434
1.35444
1.35458
1.35473
1.35489
1.35505
1.35517
1.3552
1.35513
1.35493
1.3546
1.35424
1.35394
1.35376
1.35369
1.35372
1.35379
1.35388
1.35397
1.35404
1.35409
1.35413
1.35417
1.3542
1.35422
1.35425
1.35425
1.35426
1.35428
1.35429
1.3543
1.35432
1.35433
1.35435
1.35438
1.35442
1.35447
1.35452
1.35459
1.35465
1.3547
1.35472
1.35469
1.35459
1.35447
1.35432
1.3542
1.35417
1.35425
1.35444
1.35471
1.35502
1.35531
1.35547
1.35543
1.35518
1.35479
1.35444
1.35423
1.35421
1.35431
1.35445
1.35456
1.35459
1.35452
1.35437
1.35419
1.35403
1.35392
1.35387
1.35386
1.35387
1.35386
1.35383
1.35378
1.35373
1.35372
1.35374
1.3538
1.35389
1.354
1.35411
1.3542
1.35429
1.35436
1.35441
1.35446
1.35448
1.35451
1.35454
1.35458
1.35462
1.35468
1.35475
1.35481
1.35485
1.35488
1.35488
1.35489
1.3549
1.35492
1.35496
1.35498
1.35498
1.35491
1.35478
1.35461
1.35442
1.35426
1.35415
1.35411
1.3541
1.35413
1.35416
1.3542
1.35423
1.35424
1.35425
1.35426
1.35426
1.35428
1.3543
