1.19858
1.19639
1.19342
1.18969
1.1855
1.18138
1.17811
1.17643
1.17674
1.17894
1.18244
1.18655
1.19066
1.19445
1.19781
1.20074
1.20327
1.20541
1.20711
1.20827
1.20876
1.20846
1.20729
1.20524
1.20246
1.19929
1.19623
1.19388
1.19276
1.19311
1.19486
1.19762
1.20092
1.20434
1.20757
1.21045
1.2129
1.21488
1.21637
1.21735
1.21775
1.21755
1.21666
1.21507
1.21279
1.20991
1.20662
1.20325
1.2002
1.19788
1.19665
1.19677
1.19834
1.20136
1.20565
1.21081
1.21631
1.22163
1.22635
1.23023
1.23321
1.23534
1.23672
1.23746
1.23764
1.23733
1.23658
1.23541
1.23387
1.232
1.22983
1.22742
1.22481
1.22199
1.21893
1.21551
1.21155
1.20678
1.20098
1.19409
1.18645
1.17891
1.17277
1.16932
1.16936
1.17285
1.17901
1.18661
1.19443
1.2015
1.20726
1.21159
1.2146
1.2166
1.21789
1.21876
1.2194
1.21993
1.2204
1.22081
1.2211
1.22124
1.22117
1.22085
1.22025
1.21938
1.21823
1.21683
1.21522
1.21343
1.21154
1.20957
1.20759
1.20563
1.20371
1.20185
1.20006
1.19835
1.19675
1.19529
1.19405
1.19309
1.19245
1.19216
1.19222
1.19257
1.19314
1.19382
1.19453
1.19519
1.19572
1.19611
1.19635
1.19644
1.19642
1.19633
1.19618
1.19602
1.19585
1.19567
1.19547
1.19523
1.19497
1.1947
1.19446
1.19431
1.19432
1.19454
1.19502
1.19576
1.19674
1.19792
1.19925
1.20069
1.20219
1.20374
1.20533
1.20694
1.20855
1.2101
1.21154
1.21277
1.21369
1.21418
1.21413
1.21345
1.21208
1.21002
1.20734
1.20419
1.20082
1.19758
1.19483
1.19291
1.19201
1.19212
1.19303
1.19432
1.19552
1.19614
1.1958
1.19433
1.19183
1.18871
1.18565
1.18346
1.18276
1.18382
1.1864
1.18989
1.19358
1.19682
1.19917
1.20038
1.20032
1.19894
1.19632
1.19268
1.18848
1.18437
1.18102
1.1789
1.17809
1.17825
1.17891
1.17966
1.18032
1.18088
1.18141
1.18201
1.18273
1.18363
1.1847
1.18592
1.18723
1.18853
1.18971
1.19068
1.19136
1.1917
1.19165
1.1912
1.1903
1.1889
1.18693
1.18432
1.18102
1.17707
1.17268
1.16828
1.16453
1.16216
1.16166
1.16308
1.16595
1.16954
1.1731
1.17611
1.17828
1.17958
1.18008
1.17997
1.17943
1.17866
1.17785
1.17715
1.17662
1.17631
1.17616
1.17612
1.1761
1.17601
1.17581
1.17548
1.17505
1.17457
1.17411
1.17376
1.17355
1.17351
1.17359
1.17373
1.17383
1.1738
1.17358
1.17316
1.17257
1.1719
1.17121
1.17056
1.16996
1.16941
1.16885
1.16825
1.16764
1.16703
1.16652
1.16619
1.16611
1.16631
1.16678
1.16745
1.16825
1.16911
1.16999
1.17088
1.1718
1.17279
1.17387
1.17506
1.17636
1.17774
1.17918
1.18062
1.18201
1.18328
1.18434
1.18512
1.18558
1.18569
1.18548
1.18501
1.18439
1.18374
1.18323
1.183
1.1832
1.18394
1.18529
1.18725
1.18973
1.19258
1.19561
1.19861
1.20139
1.20378
1.20565
1.2069
1.20747
1.20728
1.20632
1.20455
1.20198
1.19864
1.19459
1.18986
1.18445
1.17827
1.17119
1.16317
1.15449
1.14594
1.13882
1.13458
1.13416
1.13758
1.14383
1.15148
1.15914
1.16589
1.1713
1.1753
1.17803
1.17972
1.1806
1.18088
1.18073
1.18028
1.17963
1.17889
1.17811
1.17739
1.1768
1.17641
1.17627
1.17639
1.17673
1.1772
1.17768
1.178
1.17798
1.17746
1.17628
1.17433
1.1716
1.16822
1.16448
1.16086
1.15797
1.15632
1.15617
1.15737
1.1595
1.162
1.16437
1.1663
1.16767
1.16849
1.16886
1.16891
1.16879
1.16863
1.16855
1.16863
1.16894
1.16948
1.17027
1.17125
1.17238
1.17359
1.17481
1.17597
1.17703
1.17793
1.17864
1.17915
1.17944
1.17949
1.17932
1.17892
1.1783
1.1775
1.17655
1.1755
1.17445
1.17347
1.17265
1.17206
1.17172
1.17157
1.17151
1.17141
1.17114
1.17058
1.16968
1.16846
1.16693
1.16509
1.1629
1.16028
1.15723
1.15399
1.15117
1.14957
1.14992
1.15238
1.15643
1.16111
1.1655
1.16894
1.17119
1.17228
1.17243
1.17194
1.17107
1.17008
1.16913
1.16831
1.16762
1.16703
1.16649
1.16595
1.16539
1.16482
1.16426
1.16377
1.16337
1.16308
1.16293
1.1629
1.163
1.16318
1.16343
1.1637
1.16397
1.16421
1.16437
1.16445
1.16443
1.16428
1.16403
1.16366
1.1632
1.16266
1.16209
1.16151
1.16095
1.16045
1.16002
1.1597
1.15947
1.15933
1.15926
1.15922
1.15918
1.15908
1.15889
1.15856
1.15807
1.15738
1.15648
1.15538
1.15407
1.1526
1.15099
1.14932
1.14763
1.14602
1.14455
1.14329
1.14227
1.14152
1.14103
1.1408
1.14076
1.1409
1.14115
1.14149
1.14191
1.14237
1.14289
1.14345
1.14405
1.14467
1.14529
1.14588
1.14641
1.14683
1.14711
1.1472
1.14706
1.14667
1.146
1.14504
1.14377
1.14219
1.14031
1.13813
1.13566
1.13292
1.12995
1.12679
1.1235
1.12018
1.11696
1.11399
1.11145
1.10952
1.10837
1.10811
1.10876
1.11029
1.11253
1.1153
1.11833
1.12138
1.12424
1.12674
1.12876
1.13024
1.13115
1.1315
1.13132
1.13069
1.1297
1.12847
1.12715
1.12588
1.12481
1.12406
1.12369
1.12371
1.12408
1.12469
1.12542
1.12613
1.12671
1.12704
1.12705
1.1267
1.12594
1.12475
1.12315
1.12112
1.11869
1.11588
1.11276
1.10941
1.10596
1.10259
1.09953
1.09707
1.09546
1.09491
1.09552
1.09721
1.09974
1.10277
1.10592
1.10885
1.11132
1.1132
1.11443
1.11505
1.11511
1.1147
1.11394
1.11294
1.11183
1.11074
1.10978
1.10904
1.10861
1.10849
1.1087
1.10917
1.10986
1.11068
1.11157
1.11247
1.11334
1.11416
1.11492
1.11561
1.11625
1.11683
1.11738
1.11788
1.11835
1.11878
1.11915
1.11945
1.11965
1.11972
1.11964
1.11936
1.11887
1.11816
1.11723
1.11613
1.1149
1.11362
1.11235
1.11109
1.10974
1.1081
1.10585
1.10263
1.0982
1.09258
1.08633
1.08057
1.07669
1.0757
1.07763
1.08157
1.08627
1.09073
1.09446
1.09737
1.09958
1.10124
1.10248
1.10333
1.10382
1.10391
1.10361
1.10294
1.10198
1.10089
1.09985
1.09907
1.09875
1.09899
1.09981
1.10109
1.10268
1.10436
1.10595
1.10728
1.10822
1.10867
1.10852
1.10769
1.10613
1.1038
1.1008
1.0973
1.09365
1.09023
1.08745
1.08557
1.08469
1.08482
1.08591
1.08795
1.09084
1.09433
1.09802
1.10145
1.10417
1.10589
1.10644
1.10582
1.1042
1.10185
1.0992
1.09675
1.09502
1.09435
1.09486
1.09642
1.09873
1.1014
1.10413
1.10667
1.10889
1.1107
1.11207
1.11298
1.11343
1.11344
1.11302
1.11223
1.11113
1.10982
1.10841
1.10706
1.10594
1.10519
1.10496
1.1053
1.10625
1.10776
1.10972
1.11202
1.11451
1.11707
1.1196
1.12205
1.12436
1.12653
1.12858
1.13051
1.13234
1.13408
1.13573
1.1373
1.1388
1.14024
1.14166
1.14309
1.14459
1.1462
1.14795
1.14981
1.15176
1.15372
1.15558
1.15722
1.15851
1.15931
1.1595
1.15901
1.15778
1.15581
1.1532
1.15013
1.14688
1.14377
1.14112
1.13919
1.13816
1.13808
1.13896
1.1407
1.14314
1.14601
1.149
1.15183
1.15431
1.15639
1.15822
1.16006
1.16221
1.16488
1.16807
1.17155
1.17492
1.17772
1.17953
1.18007
1.17918
1.17684
1.17319
1.1685
1.16324
1.15804
1.15359
1.1505
1.14909
1.14933
1.15087
1.15324
1.15602
1.15894
1.1619
1.16488
1.1679
1.17097
1.17406
1.17709
1.17994
1.18246
1.18452
1.186
1.18679
1.18684
1.18608
1.18452
1.18217
1.17912
1.17554
1.17168
1.16789
1.16452
1.1619
1.16019
1.15942
1.15947
1.16009
1.16101
1.16196
1.16267
1.16289
1.16244
1.1612
1.15915
1.15643
1.15332
1.1502
1.14754
1.14571
1.14488
1.14499
1.14581
1.14706
1.14847
1.14989
1.15128
1.15264
1.15399
1.15535
1.1567
1.15802
1.15925
1.16031
1.1611
1.16155
1.16152
1.16092
1.1596
1.15743
1.15428
1.15007
1.1448
1.13863
1.13198
1.12549
1.12001
1.11631
1.11488
1.11573
1.11848
1.12245
1.127
1.13158
1.13586
1.13966
1.14295
1.14574
1.14812
1.15015
1.15192
1.15349
1.15492
1.15622
1.15743
1.15854
1.15954
1.16041
1.16113
1.16165
1.16194
1.16193
1.16155
1.16072
1.15931
1.15723
1.15436
1.15066
1.14614
1.141
1.13563
1.13061
1.1266
1.1242
1.12373
1.12511
1.12792
1.13155
1.13538
1.13891
1.14185
1.14403
1.14541
1.14599
1.14575
1.14471
1.14289
1.14036
1.13727
1.13389
1.1306
1.12786
1.1261
1.12563
1.12654
1.12866
1.13162
1.13495
1.13825
1.14123
1.14374
1.14574
1.14728
1.14843
1.14925
1.14978
1.15002
1.14997
1.14959
1.14892
1.14798
1.1469
1.1458
1.14488
1.14427
1.14408
1.14427
1.14475
1.14533
1.14583
1.14611
1.14612
1.1459
1.14556
1.14526
1.14514
1.14529
1.14573
1.1464
1.14717
1.14788
1.1484
1.14859
1.14834
1.14758
1.14625
1.14431
1.14177
1.13866
1.13506
1.13111
1.12709
1.12334
1.12032
1.11849
1.11821
1.11956
1.12232
1.12599
1.12998
1.13375
1.13689
1.13919
1.14054
1.14098
1.14059
1.13949
1.13787
1.13592
1.13383
1.13179
1.12992
1.1283
1.12697
1.12598
1.12539
1.12528
1.1257
1.12658
1.12774
1.12888
1.12972
1.13001
1.12964
1.12863
1.12716
1.12553
1.12409
1.12317
1.12303
1.12376
1.12528
1.12739
1.12984
1.13238
1.1348
1.13697
1.13881
1.14028
1.14136
1.14205
1.14236
1.1423
1.14187
1.1411
1.14002
1.13874
1.13741
1.13622
1.1354
1.13513
1.13552
1.13647
1.13773
1.13894
1.13966
1.13947
1.13806
1.13528
1.13125
1.12644
1.12172
1.11815
1.11659
1.11726
1.11964
1.12272
1.12546
1.12707
1.12712
1.12561
1.12292
1.11982
1.11739
1.11664
1.11811
1.1216
1.12631
1.13124
1.13562
1.13902
1.14131
1.14255
1.14288
1.14248
1.14147
1.14
1.13818
1.13613
1.13401
1.13199
1.13026
1.12898
1.12821
1.12793
1.12799
1.12821
1.12837
1.12834
1.12807
1.12758
1.12699
1.1264
1.12593
1.12565
1.12557
1.12568
1.12591
1.12622
1.12653
1.12681
1.12703
1.12718
1.12723
1.12717
1.12698
1.12662
1.12608
1.12535
1.12444
1.12341
1.12235
1.12138
1.12061
1.12015
1.12004
1.12028
1.12079
1.12148
1.12222
1.1229
1.12345
1.12379
1.12391
1.12378
1.12339
1.12273
1.12179
1.12056
1.11901
1.11717
1.11507
1.11284
1.1107
1.10895
1.10793
1.10789
1.10895
1.11102
1.11383
1.11701
1.12024
1.12324
1.12588
1.12809
1.12987
1.13126
1.13232
1.1331
1.13365
1.13402
1.13426
1.1344
1.13448
1.1345
1.13449
1.13443
1.13432
1.13414
1.13388
1.13353
1.13314
1.13277
1.13253
1.13254
1.13289
1.13364
1.13475
1.13614
1.13765
1.13911
1.14034
1.14121
1.14159
1.14143
1.1407
1.13943
1.1377
1.13566
1.13355
1.13164
1.13025
1.12969
1.13017
1.13176
1.1344
1.13787
1.14188
1.14612
1.1503
1.15421
1.15771
1.16072
1.16321
1.16519
1.16667
1.16764
1.16806
1.16788
1.16697
1.16521
1.16246
1.15867
1.15396
1.14874
1.14376
1.14002
1.13844
1.13944
1.14277
1.14767
1.15321
1.15866
1.16358
1.16777
1.17121
1.17398
1.17619
1.17795
1.17936
1.18048
1.18138
1.18204
1.18245
1.18256
1.18232
1.18169
1.18062
1.1791
1.17714
1.17481
1.17219
1.16944
1.16671
1.1642
1.16205
1.16038
1.15925
1.15864
1.15849
1.15871
1.15919
1.15985
1.16062
1.16142
1.16219
1.16283
1.1632
1.16316
1.16256
1.16125
1.15909
1.15597
1.15185
1.14677
1.14092
1.13465
1.1285
1.12315
1.11934
1.11764
1.11834
1.12134
1.12617
1.13216
1.13862
1.14492
1.15063
1.15549
1.15936
1.16223
1.16412
1.16507
1.16515
1.16444
1.16302
1.16102
1.15862
1.15602
1.15344
1.15109
1.14905
1.1473
1.1457
1.14408
1.14235
1.14055
1.13888
1.13761
1.13692
1.13684
1.13722
1.13782
1.13846
1.13902
1.13949
1.13988
1.14015
1.14023
1.14001
1.13941
1.13845
1.13724
1.13605
1.13524
1.13513
1.13595
1.13771
1.14023
1.1432
1.1463
1.14925
1.15185
1.15401
1.15565
1.15673
1.15724
1.15713
1.15634
1.15482
1.15251
1.14941
1.14566
1.1415
1.1374
1.13395
1.1318
1.1314
1.13286
1.13587
1.13981
1.14392
1.14755
1.1503
1.15205
1.1529
1.15312
1.15301
1.15289
1.153
1.15348
1.15436
1.15561
1.1571
1.15867
1.16015
1.16136
1.16213
1.16235
1.16196
1.16099
1.15952
1.15775
1.15591
1.15422
1.15283
1.15171
1.1507
1.14954
1.14809
1.14636
1.14454
1.14296
1.14195
1.14178
1.14263
1.14453
1.14734
1.15073
1.15421
1.15727
1.15945
1.1605
1.16038
1.15923
1.15741
1.15541
1.15374
1.15289
1.15314
1.15451
1.15682
1.15971
1.16285
1.16596
1.16886
1.17148
1.17378
1.17574
1.17735
1.17859
1.17941
1.17979
1.17968
1.17904
1.17788
1.17623
1.17417
1.17184
1.16942
1.16714
1.16516
1.16362
1.16255
1.16186
1.16145
1.16124
1.16119
1.16133
1.16172
1.1624
1.16335
1.16445
1.16557
1.16651
1.16715
1.1674
1.16724
1.16674
1.16601
1.16519
1.16442
1.16385
1.16356
1.16364
1.16411
1.16499
1.16625
1.16783
1.16962
1.17149
1.17324
1.17465
1.1755
1.17562
1.17486
1.17315
1.17051
1.16705
1.16299
1.15862
1.15434
1.1506
1.14789
1.14667
1.14722
1.14955
1.15329
1.15773
1.16196
1.16515
1.16665
1.16618
1.16386
1.16027
1.1564
1.15341
1.15226
1.15337
1.15651
1.16098
1.16597
1.17083
1.17517
1.17884
1.18182
1.18417
1.18598
1.18729
1.18811
1.18841
1.18811
1.1871
1.18523
1.18235
1.17836
1.17324
1.16721
1.16078
1.15476
1.15
1.14702
1.14567
1.14517
1.14455
1.14311
1.14075
1.138
1.13576
1.13493
1.13608
1.13924
1.14394
1.1495
1.15525
1.16071
1.16561
1.16984
1.17339
1.17628
1.17857
1.18029
1.1815
1.18225
1.18261
1.18264
1.1824
1.18194
1.18132
1.18057
1.17973
1.17881
1.17784
1.1768
1.1757
1.1745
1.17319
1.17174
1.17015
1.16843
1.16658
1.16466
1.16268
1.16072
1.15881
1.15703
1.15544
1.15413
1.15321
1.15273
1.15276
1.15332
1.15438
1.15588
1.15773
1.15982
1.16203
1.16425
1.16638
1.16832
1.16997
1.17127
1.17218
1.17274
1.17302
1.17317
1.17338
1.17384
1.17465
1.17581
1.1772
1.1786
1.17976
1.18048
1.18065
1.18027
1.17948
1.17851
1.17764
1.1771
1.17703
1.17741
1.17809
1.17883
1.1794
1.17957
1.17922
1.17828
1.17676
1.17475
1.17244
1.17015
1.16825
1.16718
1.16725
1.16858
1.17105
1.17433
1.17801
1.1817
1.18512
1.18811
1.1906
1.19258
1.19408
1.19511
1.19567
1.19576
1.19531
1.19427
1.19255
1.19008
1.18685
1.18291
1.17843
1.17375
1.16933
1.16571
1.16339
1.16274
1.16384
1.16653
1.17045
1.17514
1.18012
1.18495
1.1893
1.19286
1.19543
1.19685
1.19702
1.1959
1.19354
1.19011
1.18591
1.18136
1.17692
1.17304
1.17005
1.16815
1.16744
1.16791
1.16945
1.17182
1.17469
1.17765
1.18032
1.18241
1.18376
1.1843
1.18408
1.18318
1.18172
1.17981
1.17758
1.17514
1.1726
1.17007
1.16763
1.16539
1.16344
1.16185
1.16071
1.16003
1.1598
1.15997
1.16045
1.16114
1.16193
1.16273
1.16349
1.16416
1.16472
1.16515
1.16546
1.16565
1.16572
1.1657
1.16559
1.16542
1.16522
1.16502
1.16485
1.16477
1.16479
1.16494
1.16522
1.16562
1.1661
1.16664
1.16719
1.16772
1.16822
1.16869
1.16914
1.16957
1.17002
1.17049
1.17098
1.17149
1.17199
1.17246
1.17286
1.17316
1.17334
1.17338
1.17328
1.17304
1.17265
1.17212
1.17145
1.17065
1.16971
1.16867
1.16753
1.16633
1.16509
1.16383
1.16254
1.1612
1.1598
1.15834
1.15694
1.15582
1.15532
1.15582
1.15757
1.16058
1.16453
1.1689
1.17309
1.17666
1.17931
1.18096
1.18164
1.1815
1.18073
1.17953
1.17809
1.17661
1.17522
1.17404
1.17312
1.17251
1.17222
1.17224
1.17255
1.17315
1.17401
1.17509
1.17635
1.17775
1.17921
1.18069
1.18211
1.18342
1.18458
1.18554
1.18628
1.18679
1.18705
1.18707
1.18684
1.18636
1.18565
1.18469
1.1835
1.18209
1.18045
1.17862
1.17662
1.17449
1.1723
1.17014
1.16809
1.16627
1.16478
1.16369
1.16304
1.16284
1.16303
1.16353
1.16425
1.16508
1.16592
1.16668
1.16728
1.16767
1.16781
1.16767
1.16725
1.16654
1.16554
1.16424
1.16265
1.16074
1.15851
1.15599
1.15326
1.15048
1.14792
1.14587
1.14463
1.14437
1.14514
1.14677
1.14897
1.15138
1.15366
1.15552
1.1568
1.15743
1.15743
1.15689
1.15597
1.15483
1.15365
1.15258
1.15173
1.15116
1.15086
1.15078
1.15083
1.15092
1.15098
1.15092
1.15071
1.15031
1.14969
1.14886
1.14782
1.14659
1.14522
1.14376
1.14228
1.14089
1.13968
1.13874
1.13814
1.13794
1.13814
1.13871
1.13957
1.14066
1.14187
1.14313
1.14436
1.14549
1.14647
1.14724
1.14776
1.148
1.1479
1.14742
1.14651
1.1451
1.14312
1.14052
1.13723
1.13321
1.12852
1.12327
1.11773
1.11234
1.10764
1.10422
1.10256
1.10289
1.10509
1.10878
1.11339
1.11834
1.12316
1.12754
1.1313
1.13438
1.13681
1.13864
1.13995
1.14083
1.14134
1.14154
1.14151
1.14131
1.14098
1.14061
1.14025
1.13998
1.13985
1.13991
1.14019
1.1407
1.14142
1.14231
1.14333
1.14441
1.14552
1.1466
1.14762
1.14855
1.14936
1.15004
1.15056
1.1509
1.15106
1.15102
1.15077
1.15032
1.14967
1.14886
1.14796
1.14704
1.14619
1.1455
1.14505
1.14489
1.14502
1.14539
1.14593
1.14651
1.14703
1.14735
1.14738
1.14705
1.14634
1.14527
1.14392
1.14244
1.141
1.13983
1.13915
1.13918
1.14002
1.14171
1.14416
1.14716
1.15046
1.15378
1.15683
1.15938
1.16127
1.16236
1.1626
1.16197
1.16053
1.15839
1.15573
1.1528
1.14991
1.14736
1.14539
1.14415
1.14367
1.1439
1.14472
1.14601
1.14764
1.14951
1.1515
1.15349
1.15537
1.15704
1.15845
1.15957
1.16039
1.16094
1.16124
1.16135
1.16128
1.16106
1.1607
1.16022
1.15961
1.15886
1.15792
1.15676
1.15528
1.15339
1.15094
1.14779
1.14384
1.13914
1.13398
1.12902
1.1252
1.12352
1.1245
1.12794
1.13299
1.13857
1.14381
1.14817
1.15149
1.15379
1.15521
1.1559
1.15602
1.15568
1.155
1.15405
1.15293
1.1517
1.15046
1.1493
1.14831
1.14758
1.14718
1.14716
1.14752
1.14821
1.14917
1.15027
1.15139
1.15242
1.15324
1.1538
1.15406
1.15405
1.15384
1.15355
1.15333
1.15333
1.15369
1.1545
1.15577
1.15747
1.15947
1.16165
1.16386
1.16598
1.16792
1.1696
1.171
1.17211
1.17291
1.1734
1.17361
1.17354
1.17324
1.17275
1.17215
1.17154
1.17104
1.17076
1.17081
1.17128
1.17219
1.17352
1.1752
1.17707
1.17892
1.18045
1.18131
1.18114
1.17958
1.17647
1.17204
1.16706
1.16286
1.16076
1.16143
1.16441
1.16845
1.17222
1.17483
1.1759
1.17542
1.17364
1.17114
1.16887
1.16795
1.16922
1.1727
1.17759
1.18269
1.18699
1.18991
1.19128
1.19126
1.19021
1.18857
1.18689
1.18571
1.18543
1.18624
1.18801
1.19038
1.19286
1.19502
1.19653
1.19723
1.19711
1.19631
1.19505
1.19363
1.19237
1.19153
1.19128
1.19167
1.1926
1.1939
1.19534
1.19671
1.19784
1.19862
1.199
1.19897
1.19856
1.19782
1.19681
1.19561
1.1943
1.19295
1.19166
1.19049
1.18954
1.18889
1.18857
1.18862
1.18903
1.18975
1.19069
1.19175
1.19278
1.19367
1.1943
1.19458
1.19446
1.19395
1.19309
1.19198
1.19078
1.18966
1.18881
1.18841
1.18857
1.18931
1.19058
1.19223
1.19405
1.19582
1.19736
1.19849
1.19908
1.19906
1.19839
1.19709
1.19525
1.19305
1.19077
1.18874
1.1873
1.1866
1.18664
1.18716
1.18779
1.18811
1.18781
1.18665
1.18457
1.18161
1.17795
1.17391
1.16987
1.16626
1.16338
1.16139
1.16029
1.15998
1.16034
1.16128
1.16263
1.16421
1.16579
1.16718
1.16829
1.16912
1.16975
1.17032
1.17096
1.17174
1.1727
1.17381
1.17499
1.17617
1.17723
1.1781
1.1787
1.17897
1.17888
1.17841
1.17754
1.17628
1.17465
1.17269
1.17047
1.16808
1.16566
1.16333
1.16128
1.15963
1.1585
1.15796
1.158
1.15858
1.1596
1.16093
1.16243
1.16395
1.16536
1.16653
1.16739
1.16789
1.16801
1.16774
1.16712
1.16619
1.16502
1.16367
1.16222
1.16072
1.15925
1.15785
1.1566
1.1556
1.15497
1.15484
1.1553
1.15636
1.15793
1.15981
1.16174
1.16348
1.16482
1.16566
1.16596
1.16575
1.16513
1.1642
1.16308
1.1619
1.16078
1.15983
1.15919
1.15898
1.15931
1.16026
1.16184
1.16398
1.16656
1.16943
1.17239
1.17529
1.17801
1.18045
1.18256
1.18431
1.18569
1.18671
1.1874
1.18775
1.1878
1.18757
1.18708
1.18634
1.1854
1.18428
1.18302
1.18167
1.18029
1.17896
1.17776
1.1768
1.17616
1.17593
1.17617
1.17689
1.17805
1.17953
1.1812
1.18285
1.18425
1.18516
1.1853
1.18444
1.18235
1.17895
1.17438
1.16925
1.16465
1.16194
1.16211
1.16516
1.17001
1.17511
1.17909
1.18118
1.1812
1.1794
1.17633
1.17266
1.16916
1.16648
1.1651
1.16523
1.16677
1.1694
1.17263
1.17596
1.17896
1.18128
1.18272
1.18316
1.1826
1.18115
1.17896
1.17629
1.17344
1.17077
1.16863
1.16729
1.16693
1.16756
1.16904
1.17117
1.17368
1.17632
1.17892
1.18135
1.18356
1.18554
1.18729
1.18883
1.19017
1.19135
1.19236
1.19322
1.19394
1.19452
1.19496
1.19527
1.19544
1.19546
1.19532
1.19502
1.19453
1.19383
1.19291
1.19174
1.19034
1.18869
1.18684
1.18483
1.18276
1.18072
1.17879
1.17706
1.17554
1.17424
1.1731
1.17206
1.17108
1.17011
1.16915
1.16824
1.16744
1.16686
1.16658
1.16669
1.16719
1.168
1.16899
1.17001
1.17089
1.17155
1.17197
1.17225
1.17254
1.17302
1.17385
1.17514
1.17692
1.17911
1.18158
1.1842
1.18681
1.18932
1.19166
1.1938
1.19573
1.19745
1.19899
1.20034
1.20151
1.20248
1.20325
1.2038
1.20411
1.20416
1.20396
1.20349
1.20277
1.20183
1.20068
1.19938
1.19797
1.19649
1.19498
1.19347
1.192
1.1906
1.18928
1.18804
1.18687
1.18575
1.18465
1.18355
1.18244
1.18134
1.18029
1.17933
1.1785
1.17785
1.17743
1.17731
1.17756
1.17827
1.17949
1.18123
1.18344
1.18599
1.18873
1.19147
1.19404
1.19628
1.1981
1.19944
1.2003
1.20077
1.20097
1.20107
1.20125
1.20166
1.20242
1.20355
1.20499
1.20663
1.20833
1.20995
1.21138
1.21253
1.21334
1.21381
1.21394
1.21376
1.21334
1.21274
1.21203
1.21126
1.21047
1.20966
1.20879
1.20781
1.20668
1.20536
1.20386
1.20228
1.20073
1.1994
1.1985
1.19819
1.19857
1.19964
1.20128
1.20329
1.20542
1.2074
1.20899
1.21003
1.2104
1.21006
1.20904
1.20744
1.20539
1.20308
1.20076
1.19875
1.19737
1.19695
1.19771
1.1997
1.20279
1.20667
1.21091
1.2151
1.21888
1.222
1.22433
1.22586
1.22664
1.22681
1.22652
1.226
1.22544
1.22504
1.22495
1.22527
1.22601
1.22713
1.22854
1.23012
1.23179
1.23343
1.23499
1.23644
1.23775
1.23892
1.23993
1.24079
1.24148
1.24197
1.24222
1.24216
1.24169
1.24073
1.23914
1.23683
1.23374
1.22991
1.22558
1.22121
1.21747
1.21513
1.21478
1.21658
1.22021
1.22497
1.23004
1.23467
1.23828
1.2405
1.24112
1.24017
1.23799
1.23526
1.23295
1.23199
1.23282
1.23522
1.23841
1.24149
1.24386
1.24533
1.24602
1.24617
1.24594
1.24532
1.24417
1.24239
1.24004
1.23739
1.23489
1.23289
1.23142
1.23018
1.22865
1.22632
1.22286
1.2181
1.21203
1.20478
1.19666
1.18828
1.18052
1.17452
1.17137
1.17179
1.17583
1.18285
1.19173
1.20123
1.21035
1.21841
1.22515
1.23056
1.23484
1.23823
1.24093
1.24312
1.24489
1.2463
1.24738
1.24813
1.24858
1.24874
1.24863
1.24826
1.24763
1.24674
1.24559
1.24418
1.24251
1.24058
1.23839
1.23596
1.23331
1.23046
1.22745
1.22436
1.22127
1.21832
1.21567
1.2135
1.21202
1.21137
1.21166
1.21289
1.21496
1.21771
1.2209
1.22431
1.22771
1.23093
1.23384
1.23637
1.23849
1.24019
1.24149
1.2424
1.24297
1.24321
1.24314
1.2428
1.24218
1.24131
1.24017
1.23877
1.23709
1.23514
1.23288
1.23034
1.22752
1.22446
1.22121
1.21783
1.21437
1.21083
1.20717
1.20324
1.19887
1.19391
1.18852
1.18344
1.18016
1.18044
1.18518
1.19359
1.20353
1.21268
1.21955
1.2236
1.22492
1.22397
1.22133
1.21768
1.21376
1.21037
1.20828
1.20808
1.21001
1.21386
1.21908
1.22491
1.23065
1.2358
1.24004
1.24326
1.24543
1.24655
1.24667
1.24584
1.24414
1.24174
1.2389
1.23593
1.23323
1.23109
1.2297
1.22904
1.22894
1.22912
1.22926
1.22909
1.22835
1.22679
1.22419
1.22043
1.21558
1.21003
1.20457
1.20018
1.19783
1.19804
1.20063
1.20487
1.20979
1.21453
1.21852
1.22151
1.22344
1.2244
1.22451
1.22391
1.22274
1.22114
1.21924
1.21719
1.21511
1.21311
1.21131
1.20979
1.20862
1.20787
1.20758
1.20774
1.20828
1.20908
1.20994
1.21067
1.21111
1.21112
1.2107
1.20993
1.20898
1.2081
1.20759
1.20769
1.20854
1.21014
1.21233
1.21487
1.21744
1.21975
1.22156
1.22267
1.22291
1.22214
1.22025
1.21711
1.2127
1.20708
1.20054
1.19369
1.18743
1.18276
1.1805
1.18086
1.18341
1.18733
1.19171
1.19589
1.1995
1.20238
1.20454
1.20607
1.20707
1.20765
1.20794
1.20803
1.208
1.20791
1.2078
1.20767
1.20753
1.20738
1.20723
1.20712
1.2071
1.20725
1.20764
1.20831
1.2093
1.21058
1.21209
1.21375
1.21545
1.21709
1.2186
1.21989
1.22093
1.22168
1.22211
1.22222
1.22199
1.2214
1.22042
1.21902
1.21715
1.21474
1.21171
1.20798
1.20348
1.19817
1.19208
1.18538
1.17836
1.1715
1.16542
1.1608
1.1583
1.15843
1.16137
1.1668
1.17396
1.18181
1.18937
1.19595
1.20121
1.2051
1.20776
1.2094
1.21028
1.21063
1.21066
1.21057
1.2105
1.21056
1.21081
1.21125
1.21186
1.21258
1.21334
1.21404
1.21462
1.21499
1.2151
1.21491
1.21439
1.21353
1.21235
1.21086
1.20914
1.20726
1.20532
1.20344
1.20173
1.2003
1.19922
1.19853
1.19824
1.19833
1.19873
1.19934
1.20002
1.20063
1.20095
1.20078
1.19994
1.19827
1.19574
1.19247
1.18872
1.1849
1.18144
1.1788
1.17739
1.17763
1.1798
1.18387
1.18935
1.19546
1.20138
1.2065
1.2105
1.21334
1.21512
1.21602
1.21622
1.21591
1.21525
1.21437
1.21339
1.21237
1.21138
1.21046
1.20961
1.20884
1.20816
1.20756
1.20706
1.20667
1.20645
1.20641
1.20661
1.20708
1.20782
1.20884
1.21007
1.21146
1.21289
1.21427
1.2155
1.21646
1.21707
1.21725
1.21694
1.21609
1.21473
1.21289
1.21072
1.20846
1.20642
1.20498
1.20447
1.20505
1.20667
1.20909
1.21193
1.21482
1.21745
1.21967
1.2214
1.22269
1.22362
1.22431
1.22486
1.22539
1.22594
1.22654
1.2272
1.22786
1.22844
1.22886
1.22897
1.22861
1.22761
1.22577
1.22289
1.21883
1.21354
1.20716
1.20019
1.19351
1.18827
1.18557
1.18589
1.18894
1.19375
1.19923
1.20452
1.2091
1.21279
1.21561
1.21764
1.21904
1.21994
1.22049
1.22083
1.22109
1.22139
1.22181
1.22238
1.22309
1.22388
1.22466
1.22534
1.22581
1.22601
1.22588
1.22541
1.22462
1.22356
1.22229
1.22088
1.2194
1.2179
1.21641
1.21494
1.21347
1.21196
1.21037
1.20869
1.20692
1.20509
1.20328
1.20155
1.19995
1.19847
1.19706
1.19556
1.19382
1.19169
1.18908
1.18598
1.18253
1.179
1.17581
1.17344
1.17234
1.17277
1.1747
1.1778
1.18161
1.18564
1.18953
1.19305
1.19609
1.1986
1.20061
1.20214
1.20326
1.20401
1.20446
1.20466
1.20467
1.20454
1.20432
1.20404
1.20374
1.20345
1.20319
1.20297
1.20281
1.20271
1.20266
1.20268
1.20274
1.20283
1.20293
1.20299
1.20299
1.20287
1.20256
1.20198
1.20108
1.19977
1.19803
1.19585
1.19332
1.1906
1.18793
1.18558
1.1838
1.18273
1.18241
1.18274
1.18357
1.18477
1.18623
1.18788
1.18967
1.19156
1.19348
1.19539
1.19723
1.19897
1.20061
1.20218
1.20371
1.20526
1.20684
1.20846
1.21008
1.21164
1.21308
1.21431
1.21527
1.21592
1.21622
1.21617
1.21576
1.21501
1.21397
1.21268
1.21122
1.20969
1.20821
1.20689
1.20583
1.20508
1.20462
1.20432
1.20402
1.20354
1.20277
1.20173
1.2006
1.19961
1.199
1.19889
1.19921
1.19974
1.20024
1.20054
1.20061
1.20058
1.20069
1.20118
1.20222
1.20387
1.20605
1.20856
1.21117
1.21366
1.21585
1.21764
1.21895
1.21977
1.2201
1.21994
1.21932
1.21827
1.21684
1.21513
1.21324
1.21132
1.20953
1.20798
1.20673
1.20576
1.20495
1.20416
1.20322
1.20205
1.20065
1.19914
1.19776
1.19678
1.19639
1.19648
1.1966
1.19601
1.19385
1.18956
1.18337
1.17679
1.17235
1.17232
1.17707
1.18477
1.19279
1.19921
1.20325
1.20502
1.20498
1.20367
1.20162
1.19923
1.19684
1.1947
1.19294
1.19164
1.19079
1.1903
1.19009
1.19005
1.19006
1.19007
1.19
1.18985
1.18958
1.1892
1.1887
1.18809
1.18737
1.18653
1.18558
1.18453
1.18339
1.18219
1.18098
1.1798
1.17872
1.17778
1.17706
1.17658
1.17636
1.17641
1.17669
1.17718
1.1778
1.17851
1.17924
1.17993
1.18054
1.18105
1.18142
1.18165
1.18172
1.18163
1.18138
1.18097
1.18039
1.17965
1.17878
1.17781
1.17679
1.17579
1.17491
1.17422
1.17382
1.17378
1.17413
1.17489
1.17604
1.17751
1.17924
1.18114
1.18313
1.18511
1.18703
1.18879
1.19033
1.19158
1.19246
1.19287
1.19269
1.19179
1.19
1.1872
1.18332
1.17852
1.17323
1.16825
1.16457
1.16301
1.16376
1.1663
1.16962
1.17271
1.17489
1.17588
1.17571
1.17459
1.17277
1.17051
1.168
1.1654
1.16287
1.16063
1.15895
1.15811
1.15837
1.15986
1.1625
1.16607
1.17023
1.17464
1.17898
1.18301
1.18658
1.1896
1.19204
1.19389
1.19521
1.19605
1.19653
1.19676
1.1969
1.19706
1.19736
1.19784
1.19847
1.19918
1.19983
1.2003
1.20047
1.20027
1.19966
1.19864
1.19724
1.19552
1.19353
1.19133
1.18899
1.18656
1.18407
1.18158
1.17916
1.17692
1.175
1.17363
1.17305
1.17345
1.17493
1.17746
1.18083
1.1847
1.18871
1.19252
1.19584
1.1985
1.20039
1.20149
1.20182
1.2015
1.20066
1.19949
1.1982
1.19695
1.19589
1.19504
1.19434
1.19366
1.19278
1.19148
1.18958
1.18692
1.18348
1.17938
1.1749
1.1705
1.16673
1.16412
1.16304
1.16366
1.16596
1.16975
1.1747
1.18039
1.1863
1.19195
1.19692
1.20095
1.20389
1.20576
1.20667
1.20678
1.20631
1.20546
1.20437
1.20316
1.20184
1.20039
1.19872
1.19676
1.19446
1.19181
1.18885
1.18565
1.18232
1.17896
1.17566
1.17252
1.16965
1.16717
1.16519
1.16383
1.1632
1.16331
1.16417
1.16566
1.16764
1.16993
1.17233
1.17468
1.17693
1.1791
1.1813
1.18364
1.1862
1.18897
1.19186
1.19474
1.19746
1.19992
1.20203
1.20375
1.20506
1.20598
1.20654
1.20679
1.20675
1.20649
1.20603
1.20543
1.20471
1.20392
1.20307
1.20219
1.2013
1.20042
1.19956
1.19873
1.19793
1.19716
1.19642
1.1957
1.19499
1.19429
1.19358
1.19286
1.19212
1.19136
1.19059
1.18982
1.18907
1.18835
1.18772
1.18721
1.18684
1.18666
1.18668
1.18688
1.18723
1.18768
1.18817
1.18863
1.189
1.18924
1.1893
1.18919
1.1889
1.18845
1.18785
1.18712
1.1863
1.1854
1.18445
1.18349
1.18254
1.18168
1.18097
1.18048
1.18026
1.18032
1.18064
1.18116
1.18177
1.18237
1.18284
1.1831
1.1831
1.18281
1.18226
1.18149
1.18059
1.17964
1.17872
1.17791
1.17725
1.17678
1.17649
1.17637
1.17639
1.17653
1.17675
1.177
1.17725
1.17744
1.17753
1.17747
1.17723
1.17678
1.17612
1.17526
1.1742
1.17294
1.17146
1.16975
1.16774
1.16543
1.1628
1.15991
1.15685
1.15379
1.15094
1.14853
1.14676
1.1458
1.14573
1.14655
1.14819
1.15058
1.15363
1.15723
1.16124
1.16547
1.16973
1.1738
1.17752
1.18077
1.18349
1.18567
1.18734
1.18856
1.18938
1.18985
1.19004
1.18999
1.18974
1.18933
1.18877
1.18809
1.18731
1.18644
1.18549
1.18448
1.18341
1.18231
1.18117
1.18001
1.17881
1.17757
1.17626
1.17483
1.17324
1.17142
1.16931
1.16689
1.1641
1.16097
1.15751
1.15381
1.14997
1.14613
1.14245
1.13909
1.13618
1.13386
1.1322
1.13128
1.13114
1.13178
1.13317
1.13524
1.13788
1.14097
1.14439
1.14805
1.15189
1.15587
1.15994
1.16403
1.16799
1.17168
1.17492
1.17756
1.17944
1.18047
1.18055
1.17962
1.17763
1.17455
1.17034
1.16503
1.15871
1.15157
1.14399
1.13646
1.12962
1.12411
1.12042
1.1188
1.11927
1.12164
1.12559
1.13077
1.13675
1.1431
1.14937
1.15521
1.16035
1.16463
1.16799
1.17046
1.17212
1.17309
1.17347
1.17338
1.17294
1.17221
1.17129
1.1702
1.16901
1.16772
1.16637
1.16496
1.16351
1.16201
1.16048
1.15893
1.15736
1.15578
1.1542
1.1526
1.15095
1.14922
1.14733
1.14522
1.14281
1.14006
1.13702
1.13381
1.13069
1.12795
1.12593
1.12484
1.12475
1.12553
1.12697
1.12884
1.13091
1.13301
1.13503
1.13686
1.13845
1.13975
1.14073
1.14141
1.1418
1.14198
1.142
1.14195
1.14191
1.14194
1.14208
1.14236
1.14276
1.14327
1.14385
1.14447
1.14508
1.14565
1.14617
1.14662
1.147
1.14731
1.14757
1.14777
1.14794
1.14809
1.14823
1.14838
1.14855
1.14875
1.14899
1.14928
1.14963
1.15005
1.15051
1.151
1.15147
1.15185
1.15203
1.1519
1.1513
1.15009
1.14814
1.14541
1.14199
1.13815
1.13438
1.13123
1.12918
1.12842
1.12882
1.13003
1.13169
1.13351
1.13539
1.13727
1.13914
1.14095
1.14263
1.14409
1.14527
1.14612
1.14663
1.14682
1.14674
1.14646
1.14605
1.14563
1.14531
1.14521
1.14543
1.14606
1.14711
1.14851
1.15017
1.15193
1.15366
1.15522
1.15651
1.15745
1.158
1.15812
1.15779
1.15699
1.1557
1.15393
1.15168
1.14903
1.14609
1.14305
1.14016
1.13768
1.13582
1.13471
1.13432
1.13451
1.13509
1.13585
1.13668
1.13753
1.13843
1.13945
1.14066
1.14211
1.14383
1.14577
1.14788
1.15007
1.15227
1.15441
1.15643
1.15831
1.16002
1.16154
1.16287
1.16396
1.16479
1.16529
1.16537
1.16489
1.16364
1.16132
1.15755
1.15186
1.14389
1.1337
1.12235
1.11227
1.1067
1.10777
1.11493
1.12545
1.13642
1.14605
1.15377
1.15965
1.16399
1.16705
1.16906
1.17017
1.17051
1.17028
1.16974
1.16922
1.16904
1.16937
1.17019
1.17119
1.17194
1.17208
1.17152
1.17058
1.16992
1.17028
1.17215
1.17546
1.17965
1.18393
1.18763
1.19032
1.19185
1.19222
1.19155
1.18998
1.18765
1.18473
1.18137
1.17776
1.17409
1.17062
1.16759
1.16525
1.1638
1.16336
1.16397
1.16558
1.16806
1.17123
1.17489
1.17884
1.18288
1.18685
1.19063
1.19412
1.19726
1.20005
1.20246
1.20453
1.20627
1.20773
1.20895
1.21
1.21091
1.21176
1.21259
1.21345
1.21436
1.21536
1.21645
1.21762
1.21884
1.22006
1.22124
1.2223
1.22315
1.22371
1.2239
1.22364
1.22289
1.22163
1.21995
1.21799
1.216
1.21423
1.21292
1.21219
1.21202
1.21224
1.2126
1.21288
1.2129
1.2126
1.21199
1.21122
1.21044
1.20987
1.20969
1.21005
1.21099
1.21249
1.21445
1.2167
1.21906
1.22135
1.22337
1.22495
1.22596
1.22626
1.22579
1.22452
1.22252
1.22003
1.2174
1.21512
1.21368
1.2134
1.21437
1.21637
1.21903
1.22191
1.22468
1.22707
1.22896
1.23027
1.23095
1.23101
1.23043
1.2292
1.22732
1.22475
1.22143
1.21727
1.2121
1.20569
1.19784
1.18849
1.17801
1.16756
1.15901
1.15436
1.15451
1.15865
1.16488
1.17132
1.17684
1.18102
1.18393
1.18575
1.18666
1.18679
1.18625
1.18519
1.18383
1.18252
1.18166
1.1816
1.18249
1.18422
1.18646
1.18872
1.19055
1.19156
1.19151
1.19022
1.1876
1.18369
1.17867
1.17297
1.16728
1.16249
1.15937
1.15828
1.159
1.16085
1.16306
1.16501
1.1664
1.16714
1.16731
1.16705
1.16653
1.16588
1.1652
1.16456
1.16401
1.16357
1.16326
1.16308
1.16301
1.16305
1.16316
1.16333
1.16353
1.16371
1.16385
1.16392
1.16387
1.16367
1.16329
1.16271
1.1619
1.16085
1.15956
1.15803
1.1563
1.15441
1.15244
1.15049
1.14871
1.14724
1.14625
1.14589
1.14628
1.14743
1.1493
1.15174
1.15457
1.1576
1.16066
1.16361
1.16637
1.1689
1.1712
1.17326
1.17511
1.17677
1.17824
1.17955
1.18071
1.1817
1.18254
1.18321
1.1837
1.18399
1.18408
1.18393
1.18353
1.18286
1.18191
1.18068
1.17919
1.17747
1.17557
1.17357
1.17155
1.16963
1.16791
1.16651
1.16553
1.16505
1.16514
1.16582
1.1671
1.16893
1.17124
1.17393
1.17686
1.17993
1.18299
1.18596
1.18876
1.19133
1.19365
1.19568
1.19744
1.19893
1.20014
1.2011
1.20179
1.20224
1.20245
1.20243
1.20217
1.20171
1.20104
1.20018
1.19913
1.19791
1.1965
1.1949
1.19311
1.19111
1.18891
1.18654
1.18405
1.1815
1.17898
1.17659
1.17446
1.17268
1.17134
1.17052
1.17024
1.17052
1.17131
1.17255
1.17414
1.17597
1.17792
1.17987
1.18171
1.18336
1.18478
1.18594
1.18686
1.18756
1.18809
1.1885
1.18884
1.18915
1.18945
1.18976
1.19007
1.19037
1.19065
1.19088
1.19106
1.19116
1.19118
1.19111
1.19094
1.19065
1.19024
1.18968
1.18895
1.18805
1.18692
1.18556
1.18394
1.18204
1.17987
1.17747
1.17488
1.17222
1.16962
1.16723
1.16524
1.16378
1.16298
1.16286
1.16339
1.16445
1.1659
1.16755
1.16925
1.17084
1.17225
1.17341
1.17432
1.175
1.17548
1.1758
1.176
1.17611
1.17614
1.17608
1.17592
1.17564
1.1752
1.17457
1.17372
1.17261
1.17124
1.1696
1.16776
1.16581
1.16393
1.16235
1.16129
1.16094
1.16134
1.16243
1.16399
1.16578
1.16753
1.16907
1.17028
1.17113
1.17163
1.17182
1.17177
1.17153
1.17117
1.17072
1.17023
1.16972
1.16924
1.16878
1.16837
1.168
1.16764
1.16726
1.16682
1.16626
1.16555
1.16467
1.16362
1.16245
1.16121
1.16001
1.15896
1.15817
1.15775
1.15775
1.15819
1.15902
1.16015
1.16146
1.16281
1.16407
1.16513
1.16592
1.16642
1.16664
1.16666
1.16659
1.16655
1.16668
1.16704
1.16767
1.16851
1.16943
1.1703
1.17096
1.17128
1.17118
1.17064
1.16971
1.16847
1.16707
1.16568
1.1645
1.1637
1.16338
1.16362
1.16442
1.16574
1.16752
1.16966
1.17206
1.17463
1.17725
1.17982
1.18225
1.18447
1.18641
1.18804
1.18931
1.19021
1.19071
1.19078
1.19039
1.1895
1.18807
1.18608
1.18351
1.18041
1.17688
1.17311
1.16939
1.16604
1.16343
1.16182
1.16135
1.16198
1.16358
1.16592
1.16876
1.17186
1.17504
1.17813
1.18099
1.1835
1.18558
1.18713
1.18812
1.18853
1.18838
1.18773
1.18667
1.18532
1.18382
1.18234
1.18099
1.17988
1.17906
1.17849
1.17805
1.17752
1.17657
1.17486
1.17216
1.16855
1.16469
1.16174
1.16104
1.16335
1.16839
1.17504
1.18198
1.18826
1.19343
1.19746
1.20052
1.20283
1.2046
1.20596
1.20698
1.2077
1.2081
1.20815
1.20779
1.20697
1.20564
1.20376
1.20136
1.19846
1.19521
1.19176
1.18838
1.18529
1.1827
1.18069
1.17913
1.1778
1.17641
1.17483
1.17328
1.17236
1.17291
1.17551
1.1801
1.18594
1.19195
1.19718
1.20105
1.20337
1.20425
1.20397
1.20288
1.20136
1.19978
1.19844
1.19755
1.19723
1.19749
1.19831
1.19959
1.20125
1.20321
1.2054
1.20772
1.21012
1.21252
1.21484
1.21701
1.21898
1.22068
1.22208
1.22314
1.22386
1.22422
1.22424
1.22393
1.22329
1.22237
1.2212
1.2198
1.21823
1.21652
1.21472
1.21285
1.21094
1.20898
1.20694
1.20478
1.20248
1.19998
1.19729
1.19443
1.1915
1.18867
1.18621
1.18441
1.18358
1.18395
1.18558
1.18836
1.19203
1.19625
1.20066
1.20496
1.20896
1.21251
1.21557
1.21811
1.22017
1.22178
1.22298
1.22383
1.22436
1.22461
1.2246
1.22436
1.22387
1.22312
1.22207
1.22068
1.21887
1.21655
1.21363
1.21002
1.20565
1.2005
1.19472
1.18868
1.18306
1.17873
1.17647
1.17649
1.17824
1.18058
1.18226
1.18235
1.18043
1.17661
1.17147
1.16593
1.1611
1.158
1.1573
1.15916
1.16316
1.16856
1.17451
1.18034
1.1856
1.19006
1.19365
1.19641
1.19844
1.19983
1.20072
1.20119
1.20134
1.20119
1.20075
1.19998
1.19879
1.19704
1.19454
1.19111
1.18653
1.18072
1.17375
1.16603
1.15828
1.1515
1.14661
1.14417
1.14416
1.14613
1.14939
1.15324
1.15709
1.16045
1.16299
1.16448
1.16484
1.16409
1.16239
1.16006
1.15756
1.15545
1.15425
1.15429
1.15557
1.1578
1.16052
1.16329
1.16576
1.16774
1.16916
1.17006
1.17049
1.17051
1.17019
1.16958
1.16871
1.16759
1.16625
1.16466
1.16285
1.16081
1.15858
1.15619
1.15371
1.15121
1.14877
1.14646
1.14431
1.14231
1.14044
1.13863
1.13683
1.13502
1.13322
1.1315
1.13002
1.12894
1.12847
1.12878
1.12999
1.13212
1.13506
1.13862
1.14251
1.1464
1.14996
1.15287
1.15484
1.15562
1.15505
1.1531
1.15003
1.14643
1.14324
1.14148
1.14182
1.14426
1.14816
1.15254
1.15658
1.15975
1.16188
1.16302
1.16329
1.16287
1.16191
1.16055
1.15893
1.15718
1.15548
1.15401
1.15292
1.15234
1.1523
1.15271
1.15335
1.1539
1.154
1.15332
1.15168
1.14913
1.14602
1.143
1.14086
1.1403
1.14171
1.145
1.14969
1.15507
1.16034
1.16482
1.16805
1.16976
1.1699
1.1686
1.1661
1.16276
1.159
1.15533
1.15225
1.15016
1.14931
1.14971
1.15119
1.15341
1.156
1.15859
1.16092
1.16283
1.16429
1.16535
1.16614
1.16679
1.1674
1.16803
1.1687
1.16936
1.16998
1.17053
1.17097
1.17132
1.17157
1.17175
1.17186
1.1719
1.17187
1.17178
1.17164
1.17146
1.17129
1.17116
1.1711
1.17113
1.17124
1.17143
1.17167
1.17192
1.17217
1.17236
1.17248
1.1725
1.1724
1.17217
1.1718
1.17129
1.17066
1.1699
1.16904
1.16808
1.16703
1.16587
1.1646
1.16318
1.1616
1.15982
1.15784
1.15567
1.15338
1.15107
1.1489
1.14704
1.14568
1.14495
1.14492
1.14556
1.1468
1.14847
1.15041
1.1524
1.15429
1.15592
1.15719
1.15806
1.15852
1.15861
1.15841
1.158
1.15747
1.15689
1.1563
1.1557
1.15504
1.15424
1.15321
1.15183
1.15005
1.14791
1.14554
1.14324
1.14139
1.14034
1.14035
1.1414
1.14329
1.14564
1.14808
1.15031
1.15215
1.15348
1.1543
1.15461
1.15446
1.15387
1.15291
1.15162
1.15008
1.14838
1.14663
1.14498
1.14359
1.14266
1.14237
1.1428
1.14397
1.14573
1.14785
1.15006
1.1521
1.15378
1.15496
1.1556
1.15574
1.15543
1.15477
1.15388
1.15291
1.15197
1.15121
1.15073
1.15059
1.15086
1.15151
1.15251
1.15381
1.15531
1.15693
1.15857
1.16016
1.16164
1.16293
1.16399
1.16477
1.16523
1.16533
1.16502
1.16423
1.1629
1.16099
1.15846
1.15528
1.15151
1.14726
1.14269
1.13809
1.13379
1.13014
1.12744
1.12586
1.12542
1.12596
1.12728
1.12916
1.13145
1.13408
1.13699
1.14013
1.14338
1.14661
1.14966
1.15242
1.15481
1.1568
1.15841
1.15968
1.16064
1.16135
1.16183
1.16209
1.16215
1.16201
1.16167
1.16114
1.16046
1.15964
1.15875
1.15785
1.15703
1.15637
1.15596
1.1559
1.15623
1.15699
1.15814
1.15962
1.16134
1.16317
1.16498
1.16663
1.168
1.16898
1.16948
1.16941
1.16873
1.16739
1.16541
1.16285
1.15985
1.15667
1.15364
1.1512
1.14976
1.14961
1.15083
1.15324
1.15647
1.16003
1.16347
1.16638
1.16849
1.16962
1.16971
1.16875
1.16683
1.1641
1.16079
1.15724
1.15384
1.15102
1.14916
1.14853
1.14925
1.15118
1.15405
1.15745
1.16093
1.16413
1.16675
1.16864
1.16978
1.17028
1.17034
1.17025
1.1703
1.17073
1.17162
1.17288
1.17427
1.17549
1.17624
1.17627
1.1755
1.17394
1.17177
1.16924
1.16671
1.16459
1.1632
1.16281
1.16349
1.16517
1.16766
1.1707
1.17403
1.17742
1.18069
1.18368
1.18629
1.18843
1.19005
1.19113
1.19165
1.19164
1.19116
1.19028
1.1891
1.18775
1.18635
1.18501
1.18379
1.18275
1.18187
1.18113
1.1805
1.17993
1.17942
1.17898
1.17864
1.17843
1.1784
1.17861
1.17913
1.17999
1.18124
1.18285
1.18476
1.18686
1.18904
1.19122
1.1933
1.19524
1.19698
1.19847
1.19966
1.20049
1.2009
1.20085
1.20028
1.19921
1.19766
1.1957
1.19345
1.1911
1.18883
1.18686
1.18532
1.18431
1.18383
1.18378
1.18405
1.18445
1.18482
1.18499
1.18484
1.18429
1.18337
1.18214
1.18076
1.17939
1.17821
1.17738
1.17698
1.17704
1.17751
1.17831
1.17931
1.18043
1.18159
1.18276
1.18394
1.18515
1.18643
1.18781
1.18931
1.1909
1.19255
1.1942
1.19578
1.19723
1.19848
1.19949
1.20021
1.20062
1.20069
1.2004
1.19972
1.19864
1.19715
1.19525
1.19299
1.19043
1.18768
1.18489
1.18225
1.17994
1.17809
1.17678
1.17599
1.17564
1.17563
1.17587
1.17631
1.17694
1.17778
1.17882
1.18005
1.1814
1.18277
1.18408
1.18522
1.18615
1.1868
1.18714
1.18713
1.18674
1.18594
1.18479
1.18338
1.18191
1.18066
1.1799
1.17987
1.18061
1.18199
1.18377
1.18562
1.18727
1.18856
1.18941
1.18984
1.18992
1.18976
1.18945
1.18909
1.18874
1.18842
1.18814
1.18788
1.18761
1.18729
1.18687
1.18634
1.18566
1.18487
1.18401
1.1832
1.18261
1.18244
1.18283
1.18386
1.18548
1.18747
1.18957
1.19147
1.19288
1.19358
1.19345
1.19242
1.19047
1.18767
1.18411
1.17994
1.17537
1.17067
1.1662
1.16243
1.1599
1.15909
1.1602
1.16309
1.16728
1.17214
1.17712
1.18186
1.18619
1.19009
1.19357
1.19669
1.19946
1.20187
1.2039
1.20552
1.20666
1.20729
1.20737
1.2069
1.20591
1.20451
1.20291
1.20138
1.20024
1.19974
1.20005
1.20111
1.20272
1.20456
1.2063
1.20767
1.2085
1.2087
1.20825
1.20718
1.20559
1.20356
1.20127
1.19891
1.19677
1.19516
1.19442
1.19478
1.19632
1.19888
1.20209
1.20553
1.20875
1.21143
1.21338
1.21449
1.21477
1.21426
1.21305
1.21124
1.20894
1.20626
1.20333
1.20025
1.19712
1.19401
1.19099
1.18809
1.18533
1.18274
1.18032
1.1781
1.17612
1.17449
1.17339
1.17307
1.17379
1.17572
1.17885
1.18299
1.18779
1.19286
1.19785
1.20249
1.20663
1.21023
1.21326
1.21577
1.21779
1.21937
1.22054
1.22133
1.22174
1.22178
1.22144
1.22071
1.2196
1.21811
1.21629
1.21422
1.21202
1.20981
1.20773
1.20588
1.20427
1.20286
1.20151
1.19861
1.19686
1.19472
1.19213
1.18916
1.18597
1.18284
1.18011
1.17815
1.17729
1.17772
1.1795
1.18251
1.18649
1.19113
1.19607
1.20098
1.20558
1.20967
1.21311
1.21583
1.21779
1.21899
1.21948
1.21931
1.21857
1.21737
1.21583
1.21412
1.21238
1.21075
1.20937
1.20839
1.208
1.20832
1.20941
1.21112
1.21312
1.21495
1.21609
1.21605
1.21446
1.2111
1.20593
1.19918
1.19143
1.18367
1.17714
1.17302
1.17195
1.17377
1.17765
1.18252
1.18745
1.19185
1.19546
1.19822
1.20019
1.20147
1.20218
1.20244
1.20236
1.20206
1.20165
1.20124
1.2009
1.20067
1.20052
1.20039
1.20013
1.19959
1.1986
1.19704
1.19487
1.19219
1.18931
1.18667
1.1848
1.18405
1.1845
1.18586
1.18765
1.18934
1.19059
1.19126
1.19144
1.19137
1.19135
1.19164
1.19238
1.19361
1.19523
1.19708
1.199
1.20086
1.20256
1.20408
1.20539
1.2065
1.2074
1.2081
1.20858
1.2088
1.20872
1.2083
1.20749
1.20625
1.20458
1.20255
1.20032
1.19815
1.19636
1.19532
1.19527
1.19629
1.19825
1.20088
1.20384
1.20681
1.20957
1.21197
1.21394
1.21545
1.21652
1.21716
1.21742
1.21733
1.21693
1.21628
1.21542
1.21439
1.21323
1.21197
1.21066
1.20934
1.20807
1.20691
1.20597
1.20534
1.20513
1.20542
1.20626
1.20765
1.20954
1.21183
1.21442
1.21715
1.21992
1.22261
1.22514
1.22745
1.22952
1.23132
1.23286
1.23411
1.23509
1.23578
1.23618
1.23628
1.23607
1.23554
1.23471
1.23358
1.23218
1.23053
1.22868
1.22666
1.22455
1.22246
1.22059
1.21917
1.21848
1.21875
1.22007
1.22233
1.22525
1.22842
1.23145
1.23398
1.23572
1.23644
1.23597
1.23421
1.23118
1.22709
1.22235
1.21761
1.21366
1.21132
1.21121
1.21355
1.21811
1.22426
1.2312
1.23815
1.24452
1.24993
1.25424
1.25745
1.25966
1.26101
1.26163
1.26168
1.26125
1.26044
1.25933
1.25794
1.25634
1.25454
1.25258
1.25051
1.24836
1.24621
1.24412
1.24216
1.24039
1.23885
1.23752
1.23634
1.23521
1.23396
1.23238
1.23024
1.22738
1.22374
1.21952
1.21527
1.21184
1.21009
1.21049
1.2129
1.21664
1.22087
1.22492
1.22843
1.23129
1.23357
1.23536
1.23677
1.23788
1.23874
1.23937
1.23978
1.23995
1.23986
1.23944
1.23864
1.23736
1.23554
1.23311
1.23009
1.2266
1.2229
1.21939
1.21655
1.21484
1.21456
1.21579
1.21835
1.22188
1.22588
1.22988
1.23348
1.23643
1.23858
1.23994
1.24058
1.24062
1.24023
1.23952
1.23861
1.23759
1.2365
1.23541
1.23436
1.23343
1.23271
1.2323
1.23226
1.23265
1.23345
1.23462
1.23608
1.23773
1.23947
1.24121
1.24289
1.24443
1.2458
1.24694
1.24786
1.24855
1.24902
1.24926
1.24927
1.24905
1.24858
1.24786
1.2469
1.24576
1.24451
1.24326
1.24216
1.24134
1.24088
1.24079
1.24096
1.24122
1.2414
1.24133
1.24095
1.24029
1.23951
1.23879
1.23836
1.2384
1.23902
1.24026
1.24213
1.2446
1.24761
1.25104
1.25464
1.25813
1.26119
1.26355
1.26503
1.26552
1.26504
1.2637
1.26169
1.25931
1.25693
1.25494
1.25365
1.25324
1.2537
1.25488
1.25652
1.25839
1.2603
1.26213
1.26383
1.26538
1.26677
1.26801
1.26908
1.26993
1.27052
1.27076
1.27059
1.26993
1.26873
1.26698
1.26472
1.26208
1.25927
1.25659
1.2544
1.25304
1.25277
1.25372
1.25578
1.2587
1.26209
1.26557
1.26877
1.27142
1.27328
1.27417
1.2739
1.27229
1.26912
1.26417
1.25725
1.24828
1.23737
1.22491
1.21164
1.1986
1.18697
1.17789
1.17224
1.17057
1.17292
1.1788
1.18727
1.1971
1.20717
1.21662
1.22497
1.23209
1.23812
1.2433
1.24789
1.25208
1.25597
1.25957
1.26283
1.26565
1.26794
1.26961
1.27062
1.27094
1.27057
1.26954
1.26791
1.2658
1.26333
1.26065
1.25793
1.25533
1.25296
1.25089
1.24911
1.24758
1.2462
1.24487
1.2435
1.242
1.24034
1.2385
1.23651
1.23444
1.23236
1.23037
1.22854
1.22692
1.22553
1.22433
1.22325
1.22219
1.22105
1.21974
1.21822
1.2165
1.21466
1.21283
1.21119
1.20988
1.209
1.20852
1.20831
1.20818
1.20789
1.20728
1.20627
1.20488
1.20322
1.20147
1.19983
1.19846
1.19747
1.19692
1.19681
1.19712
1.19784
1.19893
1.20037
1.20212
1.20411
1.20623
1.20837
1.21039
1.21217
1.21358
1.21453
1.21495
1.2148
1.21409
1.21286
1.2112
1.20924
1.20714
1.20505
1.20309
1.20132
1.19971
1.19816
1.19656
1.19482
1.19292
1.19093
1.18902
1.18741
1.18637
1.18612
1.18679
1.18837
1.19071
1.19351
1.19646
1.19924
1.20163
1.20351
1.20482
1.20558
1.20585
1.20571
1.20526
1.20461
1.20385
1.20308
1.2024
1.20188
1.20159
1.20159
1.2019
1.20256
1.20354
1.20484
1.20639
1.20813
1.20999
1.21187
1.21369
1.21537
1.21684
1.21803
1.21889
1.21935
1.21938
1.21894
1.21803
1.21667
1.2149
1.21283
1.2106
1.20841
1.20648
1.20504
1.20432
1.20449
1.20563
1.20774
1.21065
1.21414
1.21788
1.22152
1.22475
1.22728
1.22893
1.22958
1.22921
1.22792
1.22589
1.22337
1.22068
1.21812
1.21592
1.21424
1.21309
1.21238
1.21197
1.21166
1.21131
1.21078
1.21
1.20895
1.20762
1.20607
1.20435
1.20256
1.20083
1.19934
1.19829
1.19788
1.19823
1.1994
1.20131
1.20381
1.20672
1.20986
1.21309
1.2163
1.2194
1.22233
1.22501
1.22738
1.22936
1.23089
1.23191
1.23239
1.23232
1.23169
1.23055
1.22894
1.22698
1.22478
1.22253
1.22042
1.21861
1.21724
1.2164
1.21605
1.21613
1.21649
1.21699
1.21751
1.21794
1.21823
1.21833
1.21825
1.21799
1.2176
1.21712
1.21659
1.21608
1.21565
1.21534
1.21517
1.21512
1.21515
1.21515
1.21501
1.21461
1.2139
1.21286
1.21157
1.21021
1.20899
1.2081
1.20766
1.20764
1.20792
1.20832
1.20868
1.20888
1.20887
1.20861
1.20804
1.20709
1.20562
1.20347
1.20047
1.19644
1.19125
1.18499
1.17819
1.172
1.16807
1.16788
1.17182
1.17898
1.18769
1.19645
1.20434
1.21099
1.21632
1.22037
1.22323
1.225
1.22579
1.22572
1.22493
1.22356
1.22179
1.21976
1.21766
1.21564
1.21387
1.21247
1.21148
1.21093
1.21076
1.21087
1.21113
1.2114
1.21153
1.21142
1.21097
1.21014
1.2089
1.20728
1.20537
1.20331
1.20127
1.19949
1.19818
1.1975
1.1975
1.19814
1.19925
1.20062
1.20203
1.20328
1.20422
1.20476
1.20484
1.20443
1.20353
1.20217
1.2004
1.19827
1.1959
1.1934
1.19094
1.18866
1.18673
1.18525
1.18428
1.18375
1.18355
1.18343
1.18316
1.18246
1.18115
1.17911
1.17636
1.17304
1.16945
1.16595
1.16293
1.16071
1.15951
1.15937
1.16024
1.1619
1.16411
1.16651
1.16877
1.17059
1.17178
1.17234
1.17242
1.17229
1.17219
1.17219
1.17216
1.17193
1.17146
1.17102
1.17111
1.17221
1.17452
1.17778
1.18145
1.1849
1.18768
1.18957
1.19055
1.19076
1.19037
1.1896
1.18867
1.18775
1.18699
1.18648
1.18625
1.18626
1.18644
1.1867
1.18694
1.18705
1.18698
1.18666
1.18606
1.1852
1.18409
1.18282
1.1815
1.18028
1.17934
1.17883
1.17882
1.17927
1.17998
1.18065
1.18094
1.18052
1.17919
1.17692
1.17393
1.1707
1.16785
1.16602
1.16557
1.1665
1.16842
1.17077
1.17301
1.17473
1.17569
1.17578
1.17505
1.17368
1.17198
1.17038
1.16934
1.16918
1.16993
1.17139
1.17313
1.17468
1.17569
1.17595
1.17539
1.1741
1.17226
1.17013
1.16802
1.16625
1.16512
1.16482
1.16542
1.16682
1.16882
1.17113
1.17351
1.17574
1.17769
1.17929
1.18053
1.18143
1.18201
1.18232
1.18238
1.18222
1.18182
1.18116
1.1802
1.17886
1.17701
1.17452
1.17124
1.16708
1.16213
1.15675
1.1516
1.14754
1.14522
1.14473
1.14555
1.14683
1.14789
1.14847
1.14875
1.14907
1.14973
1.15086
1.15245
1.15438
1.15654
1.15884
1.16116
1.16335
1.1653
1.16687
1.16801
1.16871
1.16899
1.16895
1.16868
1.16827
1.16783
1.16743
1.16714
1.16697
1.16693
1.16699
1.16707
1.16712
1.16704
1.16679
1.16633
1.16573
1.16511
1.16467
1.16461
1.16513
1.16628
1.16794
1.16983
1.17154
1.17262
1.17257
1.17094
1.16735
1.16169
1.15431
1.14633
1.13964
1.13617
1.13683
1.14081
1.14623
1.15127
1.15491
1.15694
1.15763
1.15745
1.15678
1.15588
1.15484
1.15368
1.15237
1.15097
1.14965
1.14869
1.14845
1.14925
1.15128
1.15451
1.15871
1.16351
1.1685
1.1733
1.17765
1.18137
1.18441
1.18675
1.18845
1.18957
1.19018
1.19033
1.19007
1.18943
1.18842
1.18702
1.18521
1.18297
1.18032
1.17733
1.17413
1.17098
1.16819
1.1661
1.16498
1.1649
1.1658
1.16742
1.16948
1.17173
1.17399
1.17618
1.17826
1.18022
1.18204
1.1837
1.18515
1.18637
1.18729
1.18792
1.18823
1.18824
1.18795
1.18741
1.18662
1.18561
1.18438
1.18294
1.18126
1.17933
1.17712
1.17463
1.17187
1.1689
1.16582
1.16277
1.15989
1.15735
1.15528
1.15381
1.15303
1.15301
1.15376
1.15525
1.15737
1.15994
1.16275
1.16558
1.16821
1.17049
1.17232
1.17364
1.17446
1.17482
1.17482
1.17455
1.17415
1.17374
1.17345
1.17338
1.17358
1.17406
1.1748
1.17569
1.17665
1.17756
1.1783
1.17877
1.17889
1.17862
1.17793
1.17683
1.17535
1.17355
1.17149
1.16921
1.16677
1.16416
1.16143
1.15866
1.15607
1.15398
1.15285
1.15303
1.15466
1.1575
1.16102
1.16458
1.16762
1.1698
1.17098
1.17119
1.17058
1.16932
1.16758
1.16554
1.1633
1.16096
1.15856
1.15618
1.15392
1.1519
1.15032
1.14935
1.14916
1.14983
1.15128
1.1533
1.15557
1.15776
1.15959
1.16096
1.16187
1.16249
1.16301
1.16366
1.16458
1.16585
1.16741
1.16916
1.17097
1.17273
1.17435
1.17576
1.17693
1.17786
1.17855
1.17902
1.17928
1.17937
1.17929
1.17909
1.17879
1.17844
1.17808
1.17774
1.17747
1.17732
1.1773
1.17743
1.17773
1.17817
1.17873
1.17938
1.18009
1.18082
1.18154
1.18224
1.18291
1.18354
1.18414
1.18472
1.18529
1.18587
1.18647
1.18708
1.18772
1.18836
1.18902
1.18968
1.19033
1.19098
1.19161
1.19222
1.1928
1.19332
1.19377
1.1941
1.19428
1.19429
1.19409
1.19368
1.19309
1.19238
1.19168
1.19113
1.19093
1.19125
1.19223
1.19389
1.19616
1.19885
1.20175
1.20462
1.20729
1.20964
1.21161
1.21321
1.21447
1.21545
1.21621
1.21678
1.21721
1.21748
1.21759
1.21752
1.21723
1.21673
1.21603
1.21515
1.21415
1.21308
1.21196
1.21084
1.20971
1.20856
1.20738
1.20613
1.20479
1.20333
1.20174
1.20001
1.19816
1.19626
1.19441
1.19273
1.19133
1.19029
1.18963
1.18929
1.18918
1.18924
1.18945
1.1899
1.19071
1.19198
1.19376
1.19595
1.19839
1.2009
1.20329
1.20545
1.20732
1.20887
1.21011
1.21105
1.21172
1.21213
1.21231
1.21229
1.2121
1.21177
1.21133
1.2108
1.21021
1.20958
1.20895
1.20833
1.20777
1.20728
1.20689
1.20663
1.20649
1.20647
1.20654
1.20665
1.20668
1.20653
1.20599
1.20485
1.20283
1.19965
1.19505
1.18901
1.18194
1.17494
1.16971
1.16796
1.17046
1.17657
1.18463
1.19292
1.20029
1.2062
1.21056
1.21344
1.21497
1.21523
1.21425
1.21199
1.20837
1.20334
1.19691
1.18934
1.18121
1.1736
1.16797
1.16569
1.16739
1.1726
1.17998
1.18799
1.19546
1.20175
1.20667
1.21031
1.21285
1.2145
1.21544
1.21584
1.21577
1.2153
1.21442
1.21305
1.21107
1.20828
1.20446
1.1994
1.19306
1.18578
1.17843
1.17247
1.1694
1.17006
1.17407
1.18015
1.18682
1.19301
1.19822
1.20238
1.20561
1.20813
1.21009
1.21165
1.21287
1.21378
1.21439
1.21471
1.21477
1.21463
1.2144
1.2142
1.21419
1.21449
1.21517
1.21625
1.21769
1.2194
1.22127
1.2232
1.22512
1.22696
1.22868
1.23025
1.23166
1.2329
1.23396
1.23483
1.2355
1.23595
1.23616
1.23609
1.23572
1.23501
1.23388
1.23227
1.23008
1.22719
1.22349
1.2189
1.21342
1.20725
1.2008
1.19474
1.18985
1.18682
1.186
1.18729
1.19023
1.19417
1.19848
1.20263
1.20623
1.20905
1.21096
1.21196
1.2121
1.21147
1.2102
1.20843
1.20631
1.20402
1.20176
1.19979
1.19837
1.19771
1.19798
1.1992
1.20126
1.20395
1.20703
1.21024
1.21339
1.21633
1.21894
1.22118
1.22302
1.22444
1.22546
1.22607
1.22631
1.22619
1.22575
1.22502
1.22405
1.22289
1.22162
1.22031
1.21906
1.21796
1.21706
1.21643
1.21606
1.21594
1.21599
1.21613
1.21629
1.21637
1.21634
1.21617
1.21587
1.2155
1.2151
1.21475
1.21446
1.2142
1.21387
1.21328
1.21222
1.21047
1.20788
1.20445
1.20039
1.19609
1.19211
1.18895
1.18691
1.18597
1.18585
1.18616
1.18658
1.18693
1.18719
1.18743
1.18768
1.18793
1.18807
1.18799
1.18762
1.18705
1.18649
1.18622
1.18651
1.18746
1.18898
1.1908
1.19262
1.19417
1.19534
1.19613
1.19663
1.19699
1.19733
1.19778
1.19841
1.19925
1.2003
1.20154
1.20293
1.20443
1.20596
1.20744
1.20877
1.20984
1.21054
1.21072
1.21028
1.20909
1.20709
1.20421
1.20048
1.196
1.19093
1.18556
1.18022
1.17528
1.17115
1.16821
1.16682
1.16718
1.16931
1.17296
1.17771
1.18307
1.18854
1.19376
1.19848
1.20258
1.206
1.20876
1.21087
1.21235
1.21317
1.21331
1.21268
1.2112
1.20876
1.2053
1.20081
1.19548
1.1897
1.18408
1.17935
1.1761
1.17463
1.1748
1.1762
1.17837
1.18094
1.18369
1.18653
1.18937
1.19214
1.19471
1.19693
1.19866
1.19979
1.20025
1.20002
1.19916
1.19776
1.19597
1.19397
1.19197
1.19016
1.18872
1.18776
1.18735
1.18745
1.18797
1.18877
1.18971
1.19068
1.19159
1.19242
1.1932
1.19397
1.19478
1.19565
1.19655
1.19745
1.19826
1.19892
1.19934
1.19944
1.19918
1.19852
1.19741
1.19586
1.19385
1.19142
1.18865
1.18567
1.18271
1.18007
1.17807
1.17698
1.17692
1.17781
1.17938
1.18125
1.183
1.1843
1.18487
1.18454
1.18324
1.18101
1.17798
1.17443
1.17076
1.1674
1.16473
1.16296
1.16207
1.16183
1.16196
1.16221
1.16242
1.16254
1.1626
1.16264
1.16268
1.16273
1.16276
1.16277
1.16276
1.1628
1.16297
1.16333
1.16394
1.16477
1.1657
1.16658
1.16723
1.16744
1.1671
1.1661
1.16443
1.16217
1.15948
1.15664
1.15395
1.15175
1.15029
1.14967
1.14985
1.15066
1.15187
1.15329
1.15474
1.15614
1.15742
1.15854
1.15948
1.16023
1.16077
1.16108
1.16116
1.161
1.16059
1.15993
1.15901
1.15784
1.15642
1.15478
1.15295
1.15096
1.1489
1.14683
1.14486
1.14309
1.1416
1.14046
1.1397
1.1393
1.13923
1.13943
1.13983
1.14034
1.1409
1.14143
1.14187
1.14214
1.14215
1.14177
1.1409
1.13941
1.13719
1.13416
1.13035
1.12586
1.12103
1.11636
1.11259
1.11051
1.11073
1.11339
1.11807
1.12394
1.13007
1.13566
1.1402
1.14343
1.1452
1.14548
1.14425
1.14153
1.13746
1.13242
1.12709
1.12249
1.11968
1.11934
1.12141
1.12517
1.12961
1.13387
1.13743
1.14011
1.14194
1.14306
1.14362
1.14375
1.14357
1.14314
1.14253
1.14174
1.14081
1.13974
1.13857
1.13734
1.13612
1.13499
1.13408
1.13348
1.13331
1.13359
1.13431
1.13541
1.13677
1.13826
1.13974
1.14112
1.14233
1.14333
1.14412
1.14471
1.14511
1.14533
1.14537
1.14518
1.14467
1.14374
1.14223
1.14002
1.13706
1.13346
1.12953
1.12582
1.12295
1.12135
1.12113
1.12197
1.12333
1.12468
1.12566
1.12612
1.1261
1.12577
1.12538
1.12525
1.12566
1.12683
1.12883
1.13162
1.135
1.13875
1.14263
1.14647
1.15014
1.15355
1.15667
1.15947
1.16193
1.16404
1.16578
1.16714
1.1681
1.16865
1.16879
1.1685
1.16779
1.16667
1.16516
1.1633
1.16116
1.15884
1.15644
1.1541
1.15194
1.15003
1.14843
1.14716
1.14619
1.1455
1.14508
1.14491
1.145
1.14536
1.14598
1.14683
1.14784
1.14892
1.14994
1.15079
1.15141
1.15175
1.15186
1.15185
1.15186
1.15203
1.15243
1.15309
1.15398
1.15503
1.15612
1.15714
1.15795
1.15836
1.15823
1.15747
1.15607
1.15417
1.15196
1.14966
1.14741
1.14524
1.14305
1.14077
1.13846
1.13636
1.13484
1.13425
1.13471
1.13611
1.13811
1.14032
1.14245
1.14434
1.14595
1.14731
1.14849
1.14955
1.15055
1.15151
1.15241
1.15324
1.15397
1.15456
1.155
1.15525
1.1553
1.15512
1.1547
1.15404
1.15313
1.15197
1.15057
1.14895
1.14713
1.14518
1.14317
1.14119
1.13938
1.13787
1.13679
1.13624
1.13631
1.13698
1.13821
1.13986
1.14175
1.14367
1.14536
1.14658
1.14709
1.14666
1.14515
1.14246
1.13869
1.13412
1.12927
1.12482
1.12143
1.11951
1.11913
1.12005
1.12194
1.12447
1.12738
1.13043
1.13335
1.13592
1.13803
1.1397
1.14112
1.14252
1.1441
1.14596
1.14806
1.15019
1.15205
1.15322
1.15321
1.15148
1.14755
1.14125
1.13318
1.1251
1.11976
1.11945
1.12443
1.13267
1.14145
1.14883
1.15406
1.15723
1.15877
1.15916
1.15885
1.15818
1.15739
1.15669
1.15622
1.15605
1.15624
1.15677
1.15761
1.1587
1.15995
1.16132
1.16275
1.1642
1.16564
1.16706
1.16846
1.16983
1.17116
1.17244
1.17366
1.17478
1.17579
1.17662
1.17725
1.1776
1.1776
1.17719
1.17627
1.17477
1.17263
1.16983
1.16643
1.1626
1.15867
1.15511
1.15241
1.15101
1.1511
1.15258
1.15505
1.15798
1.16087
1.16333
1.16516
1.1663
1.16678
1.16669
1.16616
1.16532
1.16435
1.16346
1.16293
1.16301
1.16387
1.16553
1.16783
1.17049
1.17322
1.17577
1.17803
1.17998
1.1817
1.1833
1.18485
1.18642
1.18795
1.18934
1.19036
1.19072
1.19007
1.18804
1.18442
1.17933
1.17353
1.16852
1.16607
1.16734
1.17209
1.17887
1.18592
1.19195
1.19642
1.19928
1.20078
1.20122
1.20087
1.19995
1.19862
1.19701
1.1952
1.19327
1.19129
1.18931
1.18739
1.1856
1.184
1.18263
1.18153
1.18073
1.18022
1.18001
1.18005
1.18033
1.1808
1.18142
1.18217
1.18302
1.18395
1.18496
1.18604
1.18719
1.18839
1.18962
1.19089
1.19215
1.19338
1.19456
1.19564
1.19662
1.19744
1.19809
1.19855
1.19877
1.19875
1.19847
1.19793
1.19714
1.19612
1.19493
1.19364
1.19233
1.19108
1.18996
1.18902
1.18827
1.18771
1.18732
1.18709
1.18701
1.18711
1.18736
1.18772
1.18808
1.18828
1.18813
1.18752
1.18647
1.18521
1.18418
1.18392
1.18489
1.18719
1.19056
1.19444
1.19824
1.20145
1.20378
1.2051
1.20541
1.20476
1.20329
1.20114
1.1985
1.19561
1.19273
1.19012
1.18802
1.18652
1.1856
1.18509
1.18468
1.18407
1.18304
1.18153
1.17975
1.17812
1.17716
1.17724
1.17849
1.18072
1.18357
1.18666
1.18975
1.19269
1.19545
1.19806
1.20053
1.20289
1.20516
1.20733
1.20942
1.21144
1.2134
1.21531
1.21717
1.21899
1.22077
1.22248
1.22412
1.22567
1.2271
1.22838
1.22948
1.23036
1.23099
1.23131
1.23127
1.23081
1.22987
1.22839
1.22633
1.2237
1.22058
1.21717
1.21382
1.21101
1.20927
1.20896
1.2101
1.21233
1.21502
1.21757
1.21955
1.22079
1.22139
1.2216
1.22174
1.22207
1.22272
1.22362
1.22451
1.22497
1.22455
1.22279
1.21931
1.21392
1.20672
1.19836
1.19018
1.184
1.1817
1.18437
1.1919
1.20296
1.21565
1.22814
1.23912
1.24783
1.25402
1.25775
1.25926
1.25887
1.25691
1.25372
1.24968
1.24523
1.24087
1.23718
1.23466
1.23355
1.23381
1.23506
1.23678
1.23851
1.23993
1.2409
1.2414
1.24152
1.24135
1.24098
1.2405
1.23994
1.23935
1.23873
1.23809
1.23744
1.23679
1.23615
1.23553
1.23494
1.23438
1.23388
1.23341
1.23297
1.23253
1.23207
1.23153
1.23085
1.22997
1.22881
1.2273
1.22535
1.22293
1.22005
1.21679
1.21334
1.20999
1.20713
1.20514
1.20428
1.20464
1.20606
1.2082
1.21063
1.21295
1.21484
1.2161
1.21664
1.21647
1.21565
1.21433
1.21269
1.21094
1.20931
1.208
1.20717
1.20688
1.2071
1.20772
1.20859
1.20958
1.21056
1.21146
1.21225
1.21295
1.21358
1.21417
1.21477
1.21537
1.216
1.21665
1.21729
1.21792
1.21851
1.21906
1.21955
1.21999
1.22036
1.22066
1.22089
1.22103
1.22107
1.221
1.22078
1.22039
1.21979
1.21897
1.21788
1.21652
1.2149
1.21307
1.21111
1.20915
1.20733
1.20577
1.20452
1.20356
1.20279
1.20206
1.20128
1.20046
1.19971
1.19929
1.19945
1.20034
1.20199
1.20423
1.20685
1.20963
1.21238
1.21503
1.21753
1.21987
1.22201
1.22393
1.22553
1.22675
1.22748
1.22765
1.22723
1.22623
1.22477
1.22304
1.22137
1.22009
1.2195
1.21978
1.22087
1.22259
1.22461
1.22664
1.22846
1.22994
1.23104
1.23178
1.23223
1.23243
1.23244
1.23228
1.23195
1.23142
1.23066
1.22959
1.22818
1.2264
1.22424
1.22179
1.21921
1.21672
1.21463
1.21322
1.21268
1.21304
1.21419
1.21584
1.21771
1.21952
1.22107
1.22226
1.22307
1.22351
1.22366
1.22357
1.22331
1.22294
1.22246
1.2219
1.22123
1.22047
1.21961
1.2187
1.2178
1.21698
1.21632
1.21591
1.21582
1.21608
1.21668
1.21762
1.21884
1.22027
1.22182
1.22342
1.22499
1.22648
1.22783
1.22903
1.23006
1.23091
1.23161
1.23216
1.23259
1.2329
1.23311
1.23324
1.23331
1.23332
1.23329
1.23324
1.23317
1.23311
1.23306
1.23304
1.23305
1.2331
1.23317
1.23325
1.23333
1.2334
1.23346
1.23352
1.23363
1.23384
1.23422
1.23485
1.23581
1.23713
1.2388
1.24077
1.24292
1.24504
1.24687
1.24807
1.24826
1.24702
1.24403
1.23923
1.23311
1.22689
1.22235
1.22102
1.22322
1.2278
1.2329
1.23692
1.23898
1.2389
1.2369
1.23344
1.22903
1.22423
1.21961
1.2157
1.213
1.21191
1.21265
1.21523
1.21941
1.22478
1.23084
1.2371
1.24317
1.24878
1.25376
1.25803
1.26155
1.2643
1.26628
1.26747
1.26786
1.26743
1.2662
1.26418
1.26145
1.25812
1.25437
1.25042
1.24651
1.24284
1.23955
1.23667
1.23415
1.23184
1.22956
1.22713
1.22442
1.22138
1.21808
1.21468
1.21144
1.20865
1.20661
1.20553
1.20553
1.20657
1.20852
1.21113
1.21409
1.21707
1.2198
1.22205
1.2237
1.22471
1.22515
1.22515
1.22491
1.22466
1.22463
1.22497
1.22578
1.22702
1.22859
1.23029
1.23193
1.2333
1.23425
1.23466
1.23444
1.23354
1.23191
1.2295
1.22629
1.22229
1.21756
1.21227
1.20669
1.20127
1.19653
1.19298
1.19099
1.19064
1.19174
1.19389
1.19658
1.19934
1.20179
1.20362
1.20462
1.20462
1.20351
1.20125
1.19789
1.19365
1.18889
1.18414
1.17998
1.17689
1.17514
1.17475
1.17552
1.17721
1.17953
1.18226
1.18521
1.18822
1.19117
1.19394
1.19645
1.19864
1.20047
1.20193
1.20303
1.20376
1.20415
1.20421
1.20397
1.20343
1.20263
1.20158
1.20031
1.19885
1.19723
1.1955
1.19373
1.19198
1.19036
1.18895
1.18784
1.18711
1.18676
1.18679
1.18711
1.18761
1.18814
1.18852
1.18858
1.18815
1.18708
1.18529
1.18279
1.17968
1.17623
1.17277
1.16969
1.16731
1.16589
1.16557
1.16643
1.16841
1.17135
1.17492
1.17871
1.18226
1.18519
1.18725
1.18831
1.18843
1.18778
1.18665
1.18538
1.18429
1.18358
1.18334
1.18348
1.18385
1.18426
1.18458
1.18473
1.18474
1.18466
1.1846
1.18467
1.18493
1.18544
1.18622
1.18723
1.18844
1.18976
1.19115
1.19252
1.19381
1.19499
1.19601
1.19685
1.1975
1.19792
1.19812
1.19807
1.19776
1.19716
1.19627
1.19505
1.19349
1.19154
1.18919
1.18642
1.1832
1.17957
1.17561
1.17155
1.16778
1.16487
1.16344
1.16398
1.16657
1.17082
1.17602
1.18135
1.18615
1.18999
1.19269
1.19427
1.19488
1.19479
1.19432
1.19381
1.19358
1.19388
1.19487
1.19652
1.19872
1.20122
1.20373
1.20596
1.20766
1.20858
1.20856
1.20745
1.20517
1.20171
1.19714
1.19169
1.18577
1.17995
1.17496
1.17151
1.17008
1.17078
1.17328
1.17697
1.18116
1.18523
1.18882
1.19173
1.19396
1.19556
1.19665
1.19733
1.19769
1.19781
1.1977
1.19739
1.19689
1.19619
1.19531
1.19426
1.19307
1.19178
1.19042
1.18904
1.18766
1.18628
1.18491
1.18352
1.18208
1.18057
1.17895
1.1772
1.17529
1.17324
1.17105
1.16878
1.1665
1.16435
1.16247
1.16106
1.16028
1.16025
1.16103
1.16252
1.16458
1.16698
1.16947
1.17185
1.17394
1.17565
1.17691
1.17771
1.17805
1.17793
1.17736
1.17632
1.17481
1.17275
1.1701
1.16676
1.16268
1.15783
1.15233
1.14646
1.14075
1.13591
1.13263
1.13134
1.13199
1.13412
1.13708
1.1403
1.14341
1.14626
1.14885
1.15117
1.15323
1.15498
1.15635
1.15729
1.15774
1.15768
1.15712
1.15612
1.15475
1.15316
1.15151
1.14997
1.14871
1.14781
1.14724
1.14684
1.14632
1.14531
1.14343
1.14044
1.13629
1.13135
1.12641
1.1226
1.12092
1.12184
1.12502
1.12963
1.13472
1.13962
1.14398
1.1477
1.15077
1.15326
1.1552
1.15665
1.15763
1.15815
1.15822
1.15784
1.15702
1.15576
1.15409
1.15207
1.1498
1.14743
1.14514
1.14316
1.14166
1.14076
1.1405
1.1408
1.14153
1.14252
1.14366
1.14483
1.14602
1.14721
1.14843
1.1497
1.15105
1.15248
1.15398
1.15553
1.15707
1.15857
1.15998
1.16128
1.16244
1.16345
1.16432
1.16506
1.16569
1.16624
1.16673
1.16719
1.16765
1.16813
1.16865
1.16925
1.16992
1.1707
1.17159
1.17257
1.17365
1.17477
1.17591
1.17701
1.17803
1.17895
1.17974
1.18042
1.18101
1.18153
1.18204
1.18259
1.18322
1.18398
1.1849
1.18602
1.18733
1.18883
1.19048
1.19224
1.19401
1.19573
1.19729
1.19862
1.19965
1.20031
1.2006
1.20051
1.20009
1.19943
1.19864
1.19789
1.19733
1.19711
1.19731
1.19799
1.19909
1.20052
1.20216
1.20389
1.20564
1.20737
1.20908
1.21079
1.21251
1.21421
1.21581
1.21721
1.21832
1.21907
1.21949
1.21972
1.21996
1.22048
1.2215
1.22318
1.22555
1.22851
1.23184
1.23528
1.23856
1.24145
1.24377
1.2454
1.24628
1.24639
1.24577
1.24449
1.24264
1.24037
1.23786
1.2353
1.23287
1.23073
1.22891
1.22735
1.2258
1.22385
1.22089
1.2161
1.20858
1.19795
1.18534
1.17444
1.17038
1.17591
1.18869
1.20349
1.21622
1.22532
1.23097
1.23392
1.23492
1.23454
1.23316
1.23106
1.22845
1.22555
1.22262
1.21995
1.21781
1.21639
1.21575
1.2158
1.21632
1.21708
1.21782
1.21836
1.2186
1.21845
1.21787
1.21681
1.21523
1.21309
1.21037
1.20708
1.20329
1.19915
1.19487
1.19064
1.18661
1.18281
1.17917
1.17558
1.17196
1.1684
1.16508
1.16231
1.16037
1.15951
1.15981
1.16121
1.16353
1.1665
1.16988
1.17345
1.17706
1.18057
1.18391
1.18699
1.18975
1.19214
1.19414
1.19575
1.197
1.19795
1.19865
1.19916
1.19951
1.19974
1.19983
1.19975
1.19943
1.19878
1.19769
1.19608
1.19393
1.19134
1.18855
1.18598
1.18407
1.18322
1.18356
1.1849
1.18684
1.18887
1.19055
1.19157
1.1917
1.19086
1.18898
1.18617
1.18267
1.17896
1.1757
1.1736
1.17314
1.17446
1.17728
1.18107
1.1853
1.18952
1.19338
1.19665
1.19913
1.20064
1.20109
1.2004
1.19867
1.19609
1.19306
1.1901
1.1878
1.18663
1.1868
1.18826
1.19069
1.1937
1.19694
1.20016
1.20322
1.20607
1.2087
1.21109
1.21323
1.21507
1.21652
1.21752
1.21798
1.21785
1.21708
1.21568
1.21368
1.21119
1.20837
1.20542
1.20261
1.20015
1.19822
1.1969
1.19615
1.19585
1.19584
1.19596
1.19609
1.19617
1.19618
1.19612
1.19605
1.19601
1.19604
1.19621
1.19653
1.19701
1.19765
1.19842
1.19926
1.20011
1.20089
1.20152
1.20189
1.2019
1.20144
1.2004
1.19868
1.19624
1.19307
1.1893
1.18512
1.18086
1.17685
1.17333
1.17045
1.16819
1.16642
1.16502
1.16387
1.16293
1.16221
1.16187
1.16214
1.16322
1.16523
1.16812
1.17167
1.17557
1.17952
1.1833
1.18676
1.18982
1.19244
1.19464
1.19643
1.19784
1.19891
1.19968
1.20018
1.20045
1.20053
1.20044
1.20023
1.19992
1.19953
1.19908
1.1986
1.19809
1.19758
1.19707
1.19658
1.19613
1.19571
1.19536
1.19507
1.19486
1.19474
1.19473
1.19482
1.19504
1.19537
1.19582
1.19639
1.19704
1.19778
1.19857
1.19939
1.2002
1.20098
1.20169
1.20231
1.2028
1.20315
1.20334
1.20337
1.20324
1.20298
1.20259
1.20211
1.20157
1.20099
1.20041
1.19984
1.19935
1.19898
1.19883
1.19902
1.19963
1.20072
1.20225
1.20407
1.20598
1.20778
1.20931
1.21055
1.2116
1.21265
1.2139
1.21547
1.21736
1.21939
1.22133
1.22292
1.22395
1.22428
1.22386
1.22268
1.22078
1.21821
1.21503
1.21132
1.20724
1.20299
1.19893
1.1955
1.19321
1.19245
1.19341
1.19599
1.19981
1.20433
1.20898
1.21328
1.21687
1.21954
1.22122
1.2219
1.2217
1.22077
1.21933
1.21765
1.21604
1.21477
1.21409
1.21411
1.21479
1.21595
1.21729
1.21848
1.21922
1.21927
1.21851
1.21687
1.21443
1.21135
1.20791
1.20451
1.20165
1.19982
1.19938
1.20048
1.20295
1.20642
1.21035
1.21425
1.2177
1.22041
1.22222
1.22304
1.22287
1.22175
1.21973
1.21689
1.21327
1.20891
1.20378
1.1978
1.19095
1.18337
1.17559
1.1686
1.1637
1.16204
1.16408
1.16939
1.17684
1.18509
1.19299
1.19978
1.20516
1.20908
1.21167
1.2131
1.21356
1.21317
1.21206
1.2103
1.20796
1.20511
1.20182
1.19816
1.19426
1.19026
1.18635
1.18274
1.17965
1.17725
1.17567
1.1749
1.17486
1.17538
1.17627
1.17734
1.17846
1.17954
1.18057
1.18156
1.18252
1.18347
1.18441
1.18532
1.18615
1.18687
1.1874
1.18767
1.18761
1.18715
1.18624
1.1849
1.18316
1.18113
1.17892
1.17667
1.17449
1.1724
1.17039
1.16839
1.1663
1.1641
1.16184
1.15977
1.15826
1.15771
1.1584
1.16038
1.16343
1.16716
1.17114
1.17501
1.17854
1.18158
1.1841
1.18609
1.18761
1.1887
1.18943
1.18985
1.19002
1.18998
1.18977
1.18943
1.18898
1.18844
1.18784
1.18718
1.18648
1.18575
1.18501
1.18426
1.18352
1.1828
1.1821
1.18142
1.18073
1.18
1.17916
1.17813
1.17679
1.17503
1.17275
1.1699
1.16653
1.16281
1.15906
1.15567
1.15302
1.15137
1.15074
1.15096
1.15177
1.1529
1.15419
1.15554
1.15692
1.15831
1.15968
1.161
1.16221
1.16327
1.16415
1.16482
1.16531
1.16563
1.16583
1.16595
1.16604
1.16609
1.16609
1.16601
1.16578
1.16536
1.16469
1.16381
1.16277
1.16171
1.16077
1.16011
1.15985
1.15999
1.16048
1.16117
1.16191
1.16253
1.16293
1.16305
1.16287
1.16244
1.1618
1.16105
1.16027
1.15956
1.15901
1.15868
1.15864
1.15889
1.15945
1.16026
1.16126
1.16236
1.16345
1.16443
1.16517
1.16553
1.1654
1.16462
1.16305
1.16061
1.15729
1.15328
1.14902
1.14521
1.1427
1.1421
1.1436
1.14677
1.15087
1.15513
1.15895
1.16204
1.16431
1.16581
1.1666
1.16679
1.16643
1.16554
1.16415
1.16223
1.15979
1.15689
1.15364
1.1503
1.14721
1.14478
1.14339
1.14322
1.14422
1.14614
1.14861
1.15125
1.15381
1.15612
1.15815
1.15991
1.16145
1.16283
1.16411
1.16533
1.1665
1.16762
1.16868
1.16961
1.17036
1.17083
1.17088
1.17037
1.16911
1.16691
1.16357
1.15893
1.15292
1.14569
1.13771
1.12984
1.12328
1.11919
1.11821
1.1202
1.12428
1.12936
1.13449
1.13904
1.1427
1.14541
1.14727
1.14853
1.14958
1.15087
1.15279
1.15558
1.15923
1.16349
1.16797
1.1723
1.17616
1.17938
1.18186
1.18359
1.1846
1.18494
1.18466
1.18382
1.18245
1.18063
1.17843
1.17599
1.17347
1.17108
1.16906
1.16762
1.16689
1.1669
1.16753
1.16861
1.16988
1.17114
1.17218
1.17286
1.17309
1.17282
1.17202
1.17074
1.16903
1.16697
1.16467
1.16226
1.15982
1.15743
1.15513
1.15295
1.15095
1.14921
1.14794
1.14738
1.14776
1.1492
1.1516
1.15467
1.15799
1.16116
1.16388
1.16602
1.1676
1.16873
1.16955
1.17022
1.17084
1.17146
1.17208
1.17268
1.1732
1.17356
1.17371
1.17356
1.17303
1.172
1.17035
1.16797
1.16481
1.16096
1.15673
1.15272
1.14971
1.1484
1.14911
1.1516
1.15521
1.15916
1.16281
1.16581
1.16804
1.16954
1.17041
1.17079
1.17079
1.1705
1.17002
1.16942
1.16877
1.16814
1.16765
1.16738
1.16742
1.16786
1.16872
1.16996
1.17149
1.17316
1.17483
1.17632
1.1775
1.17826
1.17852
1.17822
1.1773
1.17574
1.1735
1.17061
1.1671
1.16309
1.15877
1.15444
1.1505
1.14738
1.14554
1.14533
1.14694
1.15035
1.15527
1.16127
1.16779
1.1743
1.18033
1.18555
1.18973
1.19279
1.19471
1.19557
1.19546
1.19455
1.19303
1.19113
1.18911
1.18722
1.18566
1.18458
1.18398
1.18378
1.18382
1.18388
1.18377
1.18332
1.18241
1.18097
1.17899
1.1765
1.17355
1.17026
1.1668
1.16335
1.16016
1.15749
1.1556
1.15469
1.15488
1.15616
1.15841
1.16142
1.16491
1.1686
1.17223
1.17557
1.17848
1.18085
1.18264
1.18388
1.1846
1.18489
1.18484
1.18451
1.18392
1.18305
1.18179
1.18003
1.17763
1.17454
1.17086
1.16686
1.16296
1.15959
1.15702
1.15519
1.15378
1.15237
1.1507
1.1488
1.14702
1.1458
1.14546
1.14602
1.14725
1.14876
1.15018
1.15129
1.15204
1.15245
1.15264
1.15271
1.15271
1.15264
1.15249
1.15218
1.1517
1.15104
1.15025
1.14941
1.14862
1.14796
1.1475
1.14725
1.1472
1.14727
1.14737
1.14736
1.14711
1.14647
1.14533
1.14359
1.14123
1.13837
1.13531
1.13255
1.1307
1.13031
1.13161
1.13442
1.13821
1.14234
1.14622
1.14945
1.15186
1.15336
1.154
1.15384
1.15296
1.15145
1.14939
1.1469
1.14411
1.14122
1.13847
1.13619
1.13471
1.1343
1.13507
1.13691
1.1395
1.14245
1.14534
1.14787
1.14983
1.15115
1.15185
1.15198
1.15165
1.151
1.15015
1.14925
1.1484
1.14773
1.14734
1.14728
1.14761
1.14833
1.14942
1.15084
1.15249
1.15427
1.15606
1.15774
1.15918
1.16029
1.16096
1.16115
1.16079
1.15986
1.15836
1.15631
1.15376
1.15079
1.14755
1.14422
1.14107
1.13839
1.1365
1.1357
1.13621
1.13812
1.14135
1.14567
1.15074
1.15613
1.16142
1.16623
1.17026
1.17327
1.17508
1.17556
1.17464
1.1723
1.16861
1.1637
1.15788
1.15159
1.14545
1.14021
1.13667
1.13546
1.13691
1.14086
1.14675
1.15379
1.16116
1.16818
1.17439
1.17954
1.18351
1.18631
1.18801
1.18869
1.18845
1.18737
1.18552
1.18295
1.1797
1.17585
1.1715
1.16685
1.16222
1.15803
1.15471
1.1526
1.15182
1.15225
1.15352
1.15526
1.15711
1.15885
1.1604
1.16175
1.16295
1.16409
1.16525
1.1665
1.16793
1.16957
1.17145
1.17356
1.17586
1.1783
1.18082
1.18334
1.18581
1.18814
1.19028
1.19217
1.19374
1.19492
1.19564
1.19579
1.19529
1.19406
1.19205
1.18928
1.18591
1.18222
1.17865
1.17565
1.17358
1.17253
1.17234
1.17268
1.17325
1.17388
1.17457
1.17547
1.17676
1.17859
1.18097
1.18385
1.18704
1.1903
1.1934
1.19607
1.1981
1.19926
1.19935
1.19818
1.19562
1.19171
1.18677
1.1815
1.17694
1.17409
1.17344
1.17467
1.17683
1.1789
1.18016
1.18036
1.17962
1.17826
1.17667
1.17519
1.1741
1.17356
1.17365
1.17431
1.17544
1.17688
1.17843
1.17996
1.18138
1.18268
1.18392
1.1852
1.18662
1.18827
1.19018
1.19229
1.19451
1.1967
1.19874
1.20052
1.20196
1.20304
1.20379
1.2042
1.20431
1.20407
1.20343
1.20228
1.20052
1.19806
1.1949
1.19116
1.18708
1.18306
1.17955
1.17697
1.17558
1.1754
1.17623
1.17774
1.17953
1.18123
1.18252
1.18317
1.18303
1.18202
1.18012
1.17737
1.17388
1.16985
1.1657
1.16211
1.15993
1.15989
1.16222
1.16645
1.17164
1.17677
1.1811
1.18426
1.18618
1.187
1.18694
1.18627
1.18525
1.1841
1.18301
1.18209
1.18138
1.18086
1.18048
1.18018
1.17989
1.17958
1.1792
1.17874
1.17817
1.1775
1.17674
1.17595
1.17524
1.17472
1.17452
1.17469
1.17524
1.17611
1.17718
1.17829
1.17932
1.18015
1.18069
1.1809
1.18073
1.18015
1.17915
1.17773
1.17592
1.17374
1.17127
1.16861
1.16587
1.1632
1.16074
1.15863
1.157
1.15594
1.15551
1.15571
1.15648
1.15772
1.15933
1.16115
1.16306
1.16494
1.16667
1.1682
1.16948
1.1705
1.17127
1.17184
1.1723
1.17273
1.17323
1.17387
1.17472
1.17578
1.17705
1.17846
1.17994
1.18142
1.18283
1.18414
1.18529
1.18629
1.18713
1.18782
1.18838
1.18884
1.18923
1.18957
1.18992
1.19028
1.1907
1.19119
1.19176
1.1924
1.19312
1.19388
1.19465
1.19539
1.19607
1.19663
1.19703
1.19722
1.19716
1.19681
1.19616
1.19522
1.19407
1.19283
1.19168
1.19087
1.19058
1.19094
1.19191
1.19335
1.195
1.19657
1.19782
1.19854
1.19858
1.19781
1.19612
1.19349
1.18999
1.18597
1.18215
1.17949
1.17895
1.18096
1.18517
1.19058
1.19609
1.20082
1.20434
1.20662
1.20786
1.2084
1.20858
1.20871
1.20898
1.20953
1.21039
1.21158
1.21308
1.21491
1.21706
1.21949
1.22205
1.22451
1.22651
1.22762
1.2274
1.22552
1.22179
1.21627
1.20929
1.20156
1.19407
1.18802
1.18457
1.18443
1.18762
1.1934
1.20063
1.20816
1.21516
1.22119
1.2261
1.22994
1.23282
1.23492
1.2364
1.23741
1.23808
1.2385
1.23875
1.23888
1.23891
1.23887
1.23875
1.23856
1.23829
1.23795
1.23755
1.23707
1.23654
1.23596
1.23533
1.23466
1.23397
1.23325
1.23249
1.23171
1.23089
1.23004
1.22917
1.22828
1.22741
1.22658
1.22582
1.22516
1.2246
1.22414
1.22377
1.22347
1.2232
1.22296
1.22272
1.2225
1.22231
1.22217
1.2221
1.22214
1.22228
1.22253
1.22287
1.22328
1.22371
1.22413
1.22451
1.22483
1.22506
1.2252
1.22527
1.22528
1.22525
1.22523
1.22524
1.22531
1.22545
1.22567
1.22597
1.22634
1.22676
1.22721
1.22765
1.22804
1.22832
1.22841
1.22821
1.22761
1.22647
1.22465
1.22204
1.21861
1.21444
1.20979
1.20503
1.20056
1.19665
1.19338
1.19066
1.18836
1.18639
1.18466
1.183
1.18123
1.17937
1.17784
1.17747
1.1791
1.18293
1.18836
1.1943
1.19979
1.20428
1.20766
1.21007
1.21173
1.21284
1.21355
1.21393
1.21405
1.21393
1.2136
1.21308
1.21241
1.21164
1.2108
1.20995
1.20913
1.20838
1.20771
1.20714
1.20665
1.20619
1.20574
1.20521
1.20457
1.20376
1.20274
1.2015
1.20005
1.19845
1.19677
1.19514
1.19371
1.19266
1.19213
1.19224
1.19301
1.1944
1.19629
1.19852
1.20093
1.20339
1.20578
1.20804
1.21012
1.21201
1.21368
1.21514
1.2164
1.21746
1.21835
1.2191
1.21975
1.22034
1.22093
1.22157
1.22229
1.2231
1.22402
1.225
1.226
1.22693
1.22768
1.22812
1.22813
1.22758
1.22639
1.22456
1.22223
1.21967
1.21734
1.21571
1.21519
1.21594
1.21779
1.22034
1.22312
1.22572
1.22787
1.22945
1.23047
1.23101
1.23123
1.23128
1.23134
1.23153
1.23193
1.23256
1.23336
1.23422
1.23499
1.23552
1.23567
1.23528
1.23421
1.23231
1.22939
1.2253
1.21989
1.21315
1.20536
1.19721
1.18993
1.185
1.18363
1.18599
1.19116
1.19764
1.20402
1.20941
1.21339
1.21585
1.21671
1.21583
1.21299
1.20808
1.20138
1.19392
1.18755
1.18435
1.18548
1.19052
1.19787
1.20582
1.21326
1.21971
1.22506
1.22937
1.23275
1.23532
1.23719
1.23849
1.23932
1.23976
1.23988
1.23971
1.23925
1.23848
1.23734
1.23579
1.23376
1.23126
1.22832
1.22507
1.22171
1.21851
1.21573
1.21354
1.21193
1.21075
1.20972
1.20857
1.20714
1.20539
1.20344
1.20147
1.19965
1.19805
1.1966
1.19511
1.19342
1.19159
1.19005
1.18957
1.19091
1.19438
1.19953
1.2054
1.21095
1.21544
1.21855
1.22032
1.22096
1.22078
1.22008
1.21905
1.21784
1.21646
1.21486
1.21297
1.2107
1.20798
1.20475
1.20097
1.19661
1.19166
1.18623
1.18051
1.17487
1.1698
1.16583
1.16349
1.16309
1.16468
1.16799
1.17246
1.17744
1.18227
1.18646
1.18972
1.19196
1.19325
1.19374
1.19365
1.19315
1.19235
1.19131
1.19
1.18842
1.1866
1.18468
1.18292
1.18162
1.18104
1.1813
1.18229
1.18376
1.18539
1.18689
1.18804
1.18877
1.18905
1.18893
1.18848
1.18779
1.18692
1.18596
1.18496
1.18398
1.18309
1.18235
1.18179
1.18146
1.18138
1.18155
1.18193
1.18249
1.18316
1.18389
1.18461
1.18526
1.18582
1.18626
1.18654
1.18668
1.18665
1.18644
1.18605
1.18545
1.18461
1.18347
1.18198
1.18008
1.17774
1.17498
1.17193
1.16885
1.16615
1.1643
1.16369
1.1645
1.16656
1.16949
1.17278
1.17597
1.17876
1.18101
1.18269
1.18385
1.18458
1.18498
1.18513
1.18511
1.18497
1.18472
1.18437
1.1839
1.18326
1.18237
1.18113
1.17941
1.17702
1.1738
1.1696
1.16447
1.15874
1.15317
1.14879
1.1466
1.14708
1.15007
1.15494
1.16095
1.16749
1.1741
1.18042
1.18616
1.1911
1.19508
1.19807
1.20009
1.20124
1.20164
1.20147
1.20089
1.2001
1.19924
1.19843
1.19773
1.19718
1.19674
1.19638
1.19603
1.19565
1.19518
1.19459
1.19388
1.19305
1.1921
1.19106
1.18995
1.18882
1.1877
1.18662
1.18561
1.18466
1.18375
1.18283
1.18181
1.18062
1.17921
1.17758
1.17586
1.17425
1.17304
1.17247
1.17267
1.1736
1.17505
1.17674
1.17842
1.17996
1.18129
1.18246
1.18352
1.18457
1.18564
1.18676
1.1879
1.18903
1.19011
1.19109
1.1919
1.19249
1.1928
1.19277
1.19232
1.19136
1.1898
1.18755
1.18457
1.18089
1.1767
1.1724
1.16858
1.16594
1.16499
1.16587
1.1683
1.17171
1.17549
1.1792
1.18262
1.1857
1.18851
1.19113
1.19364
1.19606
1.19837
1.20054
1.20248
1.20412
1.20541
1.20627
1.20669
1.20666
1.20619
1.20533
1.20415
1.2027
1.20103
1.19915
1.19707
1.19478
1.19234
1.18988
1.1876
1.18582
1.18489
1.18509
1.1866
1.18941
1.19335
1.19807
1.20318
1.20828
1.21302
1.21713
1.22042
1.2228
1.22422
1.22474
1.22445
1.22346
1.22192
1.21992
1.21747
1.21456
1.21109
1.20696
1.20213
1.19661
1.19055
1.18428
1.17837
1.17354
1.17053
1.16992
1.1719
1.17621
1.18218
1.18896
1.19571
1.20175
1.20666
1.21028
1.21273
1.21433
1.21549
1.21663
1.21806
1.2199
1.22209
1.22445
1.22675
1.22876
1.23035
1.23141
1.23189
1.23182
1.23124
1.23024
1.22893
1.22747
1.22601
1.22467
1.22351
1.22252
1.22164
1.22073
1.21962
1.21816
1.21618
1.21357
1.21029
1.20638
1.20208
1.19776
1.19391
1.19104
1.18948
1.18935
1.1905
1.19262
1.19538
1.19846
1.20162
1.20469
1.20752
1.21001
1.21208
1.21365
1.21469
1.21514
1.21502
1.21431
1.21304
1.21125
1.20896
1.2062
1.20299
1.19933
1.19526
1.19083
1.18621
1.18165
1.17752
1.17423
1.17216
1.17159
1.17256
1.17494
1.1784
1.18255
1.18696
1.19126
1.19517
1.19848
1.20106
1.20285
1.20387
1.20415
1.20377
1.20282
1.2014
1.19962
1.19758
1.19538
1.1931
1.19082
1.18863
1.1866
1.18481
1.18333
1.18223
1.18157
1.18136
1.18161
1.18226
1.18324
1.18443
1.18572
1.18698
1.18812
1.18903
1.18966
1.18997
1.1899
1.1894
1.1884
1.18677
1.18433
1.18085
1.17613
1.17012
1.16318
1.15633
1.15119
1.14946
1.15193
1.15793
1.16574
1.17361
1.18036
1.18555
1.18921
1.1916
1.19304
1.19382
1.19416
1.19422
1.1941
1.19386
1.19353
1.19313
1.1927
1.19222
1.19171
1.1911
1.1903
1.18916
1.18746
1.18493
1.1813
1.17636
1.17009
1.16274
1.15498
1.14779
1.1423
1.13942
1.13956
1.14255
1.1478
1.15456
1.16203
1.1695
1.17638
1.18228
1.18701
1.19054
1.19293
1.19432
1.19485
1.19468
1.19392
1.19266
1.19102
1.18908
1.18696
1.1848
1.1828
1.18114
1.18001
1.17953
1.17975
1.18059
1.18191
1.1835
1.18518
1.18679
1.18821
1.1894
1.19035
1.19108
1.19162
1.19202
1.19232
1.19258
1.19282
1.19309
1.19341
1.19382
1.19432
1.19494
1.19568
1.19654
1.19752
1.19859
1.19974
1.20094
1.20215
1.20332
1.20438
1.20525
1.20582
1.20591
1.20533
1.20385
1.20121
1.19718
1.19157
1.18435
1.17569
1.16602
1.15611
1.14702
1.13994
1.13598
1.1357
1.13893
1.14481
1.15212
1.15972
1.16675
1.17271
1.17743
1.18097
1.18349
1.18523
1.18642
1.18727
1.18792
1.18848
1.189
1.18947
1.18989
1.19021
1.19042
1.19047
1.19036
1.19008
1.18963
1.18903
1.18829
1.18741
1.18637
1.18517
1.18376
1.18212
1.18023
1.17807
1.17567
1.17307
1.17037
1.16767
1.16512
1.16286
1.16102
1.15966
1.15879
1.15835
1.15823
1.15833
1.15854
1.15878
1.15899
1.15914
1.15922
1.1592
1.15907
1.15881
1.15839
1.15781
1.15706
1.15614
1.15506
1.15383
1.15247
1.15101
1.14946
1.14782
1.14608
1.14422
1.14218
1.13991
1.13735
1.13449
1.13133
1.12794
1.12446
1.1211
1.11813
1.1158
1.11435
1.1139
1.11444
1.11582
1.1178
1.1201
1.12245
1.12465
1.12653
1.12803
1.12911
1.12979
1.1301
1.13008
1.12979
1.12928
1.12858
1.12773
1.12678
1.12574
1.12464
1.12351
1.12238
1.12127
1.1202
1.1192
1.11826
1.11739
1.11658
1.11579
1.11498
1.1141
1.11311
1.11198
1.11071
1.10935
1.10801
1.10679
1.10581
1.10514
1.10477
1.10465
1.10467
1.10472
1.10468
1.10451
1.10416
1.10361
1.10283
1.10178
1.10043
1.09877
1.09685
1.09477
1.09275
1.09105
1.08996
1.08974
1.09053
1.09233
1.095
1.09829
1.10194
1.10569
1.10933
1.11273
1.11578
1.11842
1.12057
1.12213
1.12302
1.12309
1.12222
1.1203
1.1173
1.11334
1.10875
1.1042
1.10054
1.09865
1.09903
1.10164
1.10591
1.11107
1.1164
1.12144
1.12596
1.1299
1.13333
1.13632
1.13895
1.1413
1.14343
1.14539
1.14722
1.14893
1.15055
1.1521
1.15358
1.15499
1.15634
1.15759
1.15872
1.1597
1.16047
1.16097
1.16112
1.16086
1.16016
1.15905
1.15768
1.1563
1.15528
1.15498
1.15564
1.15719
1.15925
1.16118
1.16224
1.16176
1.1593
1.15479
1.14869
1.14206
1.13634
1.13279
1.13183
1.13286
1.1347
1.13627
1.13701
1.13688
1.13626
1.13572
1.13586
1.1371
1.13952
1.14287
1.14675
1.1508
1.15482
1.15885
1.16302
1.16745
1.17216
1.17703
1.18186
1.18641
1.19049
1.19395
1.19672
1.1988
1.20024
1.20113
1.20161
1.20177
1.2017
1.20148
1.2011
1.20053
1.1997
1.19853
1.19696
1.195
1.19269
1.19013
1.18747
1.18478
1.18207
1.17925
1.17623
1.17296
1.16956
1.16636
1.16378
1.16225
1.162
1.16294
1.16479
1.16712
1.16957
1.17189
1.17397
1.1758
1.17744
1.17897
1.18046
1.18196
1.18346
1.18493
1.18629
