1.79787
1.79459
1.79012
1.78454
1.77825
1.77207
1.76716
1.76464
1.76512
1.76841
1.77367
1.77982
1.78599
1.79168
1.79671
1.8011
1.8049
1.80812
1.81067
1.81241
1.81314
1.81269
1.81093
1.80785
1.80369
1.79893
1.79435
1.79082
1.78914
1.78967
1.79228
1.79643
1.80138
1.80651
1.81136
1.81568
1.81935
1.82232
1.82456
1.82602
1.82663
1.82632
1.82499
1.82261
1.81919
1.81486
1.80994
1.80488
1.8003
1.79682
1.79498
1.79515
1.79751
1.80204
1.80847
1.81621
1.82447
1.83245
1.83952
1.84534
1.84981
1.85301
1.85509
1.85619
1.85647
1.856
1.85486
1.85311
1.8508
1.84799
1.84475
1.84113
1.83721
1.83298
1.82839
1.82327
1.81732
1.81017
1.80146
1.79113
1.77967
1.76837
1.75915
1.75398
1.75404
1.75928
1.76851
1.77992
1.79164
1.80225
1.8109
1.81738
1.8219
1.8249
1.82684
1.82814
1.8291
1.8299
1.8306
1.83121
1.83165
1.83186
1.83175
1.83127
1.83038
1.82907
1.82734
1.82525
1.82283
1.82015
1.8173
1.81436
1.81139
1.80844
1.80556
1.80277
1.80008
1.79752
1.79512
1.79294
1.79108
1.78963
1.78867
1.78824
1.78833
1.78886
1.78971
1.79074
1.7918
1.79278
1.79359
1.79417
1.79452
1.79466
1.79463
1.79449
1.79428
1.79404
1.79378
1.79351
1.7932
1.79285
1.79245
1.79205
1.79169
1.79147
1.79148
1.79182
1.79253
1.79364
1.79511
1.79688
1.79888
1.80103
1.80328
1.80561
1.80799
1.81041
1.81282
1.81516
1.81732
1.81916
1.82053
1.82126
1.82119
1.82017
1.81812
1.81504
1.81101
1.80628
1.80123
1.79637
1.79225
1.78937
1.78801
1.78818
1.78954
1.79149
1.79328
1.79421
1.7937
1.79149
1.78774
1.78306
1.77848
1.77518
1.77415
1.77574
1.7796
1.78484
1.79036
1.79522
1.79876
1.80057
1.80048
1.79841
1.79448
1.78903
1.78273
1.77655
1.77152
1.76835
1.76713
1.76738
1.76836
1.76949
1.77048
1.77132
1.77212
1.77301
1.7741
1.77544
1.77705
1.77888
1.78084
1.78279
1.78457
1.78602
1.78704
1.78755
1.78748
1.7868
1.78545
1.78335
1.7804
1.77648
1.77153
1.76561
1.75902
1.75242
1.7468
1.74324
1.74249
1.74461
1.74893
1.75431
1.75966
1.76416
1.76742
1.76937
1.77013
1.76995
1.76914
1.76799
1.76678
1.76572
1.76493
1.76446
1.76425
1.76419
1.76415
1.76402
1.76371
1.76322
1.76257
1.76185
1.76117
1.76064
1.76032
1.76026
1.76039
1.7606
1.76075
1.7607
1.76037
1.75974
1.75886
1.75785
1.75681
1.75584
1.75495
1.75411
1.75327
1.75238
1.75145
1.75055
1.74978
1.74928
1.74916
1.74947
1.75017
1.75118
1.75238
1.75366
1.75498
1.75632
1.7577
1.75918
1.76081
1.76259
1.76453
1.76661
1.76876
1.77093
1.77302
1.77492
1.77651
1.77768
1.77837
1.77853
1.77821
1.77751
1.77658
1.77561
1.77484
1.7745
1.7748
1.77591
1.77794
1.78087
1.78459
1.78887
1.79342
1.79792
1.80209
1.80567
1.80848
1.81036
1.8112
1.81093
1.80948
1.80682
1.80296
1.79796
1.79188
1.78479
1.77668
1.76741
1.75679
1.74476
1.73173
1.71891
1.70823
1.70186
1.70125
1.70636
1.71575
1.72722
1.73871
1.74884
1.75695
1.76295
1.76705
1.76958
1.7709
1.77132
1.77109
1.77041
1.76945
1.76833
1.76717
1.76609
1.7652
1.76462
1.7644
1.76458
1.76509
1.7658
1.76652
1.767
1.76698
1.76619
1.76441
1.76149
1.75741
1.75233
1.74672
1.74129
1.73696
1.73448
1.73425
1.73606
1.73926
1.743
1.74655
1.74945
1.75151
1.75274
1.75329
1.75337
1.75319
1.75295
1.75283
1.75295
1.7534
1.75423
1.7554
1.75688
1.75857
1.76039
1.76222
1.76396
1.76554
1.76689
1.76796
1.76873
1.76916
1.76924
1.76898
1.76838
1.76746
1.76625
1.76482
1.76325
1.76167
1.7602
1.75898
1.7581
1.75758
1.75735
1.75727
1.75712
1.75671
1.75587
1.75452
1.75268
1.75039
1.74764
1.74435
1.74042
1.73584
1.73099
1.72675
1.72436
1.72489
1.72857
1.73464
1.74167
1.74824
1.75341
1.75678
1.75842
1.75865
1.7579
1.75661
1.75512
1.7537
1.75247
1.75143
1.75055
1.74973
1.74892
1.74808
1.74722
1.7464
1.74565
1.74505
1.74462
1.74439
1.74436
1.74449
1.74477
1.74514
1.74555
1.74596
1.74631
1.74656
1.74668
1.74664
1.74643
1.74604
1.74549
1.74479
1.74399
1.74313
1.74226
1.74142
1.74067
1.74004
1.73955
1.73921
1.739
1.73889
1.73883
1.73876
1.73862
1.73833
1.73784
1.7371
1.73607
1.73472
1.73306
1.73111
1.72889
1.72649
1.72397
1.72145
1.71903
1.71683
1.71493
1.7134
1.71227
1.71155
1.71119
1.71115
1.71134
1.71172
1.71224
1.71286
1.71356
1.71433
1.71517
1.71607
1.717
1.71793
1.71882
1.71961
1.72025
1.72067
1.7208
1.7206
1.72001
1.719
1.71756
1.71565
1.71328
1.71046
1.70719
1.70349
1.69939
1.69493
1.69018
1.68525
1.68027
1.67543
1.67098
1.66717
1.66428
1.66256
1.66216
1.66314
1.66543
1.6688
1.67294
1.67749
1.68207
1.68636
1.69011
1.69314
1.69536
1.69673
1.69725
1.69698
1.69604
1.69455
1.69271
1.69072
1.68882
1.68721
1.68608
1.68553
1.68557
1.68612
1.68703
1.68813
1.6892
1.69006
1.69056
1.69058
1.69005
1.68891
1.68713
1.68472
1.68168
1.67803
1.67382
1.66914
1.66411
1.65893
1.65388
1.6493
1.6456
1.64319
1.64236
1.64327
1.64581
1.64961
1.65416
1.65888
1.66328
1.66699
1.6698
1.67165
1.67257
1.67266
1.67205
1.67091
1.66941
1.66775
1.66611
1.66467
1.66357
1.66291
1.66274
1.66304
1.66376
1.66478
1.66602
1.66735
1.6687
1.67001
1.67124
1.67238
1.67342
1.67437
1.67525
1.67607
1.67683
1.67753
1.67817
1.67873
1.67917
1.67947
1.67958
1.67945
1.67904
1.67831
1.67724
1.67585
1.67419
1.67235
1.67044
1.66853
1.66663
1.66461
1.66215
1.65877
1.65395
1.6473
1.63887
1.62949
1.62085
1.61503
1.61355
1.61644
1.62235
1.6294
1.6361
1.64169
1.64606
1.64937
1.65186
1.65371
1.655
1.65572
1.65586
1.65541
1.6544
1.65297
1.65133
1.64977
1.64861
1.64813
1.64849
1.64971
1.65164
1.65402
1.65655
1.65893
1.66093
1.66234
1.663
1.66278
1.66154
1.65919
1.65571
1.6512
1.64596
1.64047
1.63535
1.63118
1.62836
1.62704
1.62723
1.62887
1.63193
1.63626
1.64149
1.64704
1.65217
1.65626
1.65883
1.65965
1.65873
1.65629
1.65277
1.64879
1.64513
1.64253
1.64152
1.64229
1.64464
1.64809
1.65211
1.6562
1.66001
1.66333
1.66605
1.6681
1.66946
1.67014
1.67015
1.66953
1.66835
1.6667
1.66472
1.66262
1.6606
1.65891
1.65779
1.65743
1.65796
1.65938
1.66164
1.66458
1.66803
1.67176
1.67561
1.67941
1.68307
1.68654
1.6898
1.69287
1.69577
1.69851
1.70112
1.7036
1.70596
1.7082
1.71036
1.71249
1.71464
1.71689
1.71931
1.72192
1.72472
1.72765
1.73058
1.73338
1.73583
1.73776
1.73896
1.73926
1.73852
1.73667
1.73372
1.7298
1.7252
1.72032
1.71565
1.71168
1.70879
1.70723
1.70712
1.70844
1.71106
1.71471
1.71901
1.7235
1.72775
1.73146
1.73459
1.73733
1.74009
1.74332
1.74732
1.7521
1.75732
1.76238
1.76658
1.7693
1.77011
1.76877
1.76526
1.75978
1.75275
1.74487
1.73706
1.73039
1.72575
1.72364
1.724
1.72631
1.72986
1.73403
1.73842
1.74285
1.74732
1.75185
1.75646
1.7611
1.76564
1.76991
1.77369
1.77678
1.779
1.78019
1.78026
1.77913
1.77678
1.77325
1.76868
1.7633
1.75752
1.75183
1.74679
1.74284
1.74029
1.73914
1.7392
1.74013
1.74152
1.74295
1.744
1.74434
1.74366
1.74179
1.73873
1.73465
1.72997
1.72531
1.72132
1.71856
1.71731
1.71748
1.71872
1.72058
1.7227
1.72484
1.72692
1.72896
1.73098
1.73302
1.73505
1.73704
1.73887
1.74046
1.74166
1.74232
1.74228
1.74138
1.7394
1.73615
1.73143
1.72511
1.7172
1.70795
1.69797
1.68824
1.68001
1.67446
1.67231
1.6736
1.67771
1.68368
1.69049
1.69737
1.70378
1.70949
1.71442
1.71862
1.72218
1.72523
1.72788
1.73024
1.73237
1.73433
1.73614
1.73781
1.73931
1.74061
1.74169
1.74248
1.74291
1.74289
1.74233
1.74107
1.73897
1.73585
1.73155
1.72598
1.71921
1.7115
1.70345
1.69591
1.6899
1.68631
1.6856
1.68767
1.69188
1.69733
1.70307
1.70837
1.71277
1.71605
1.71812
1.71898
1.71863
1.71707
1.71434
1.71054
1.7059
1.70084
1.69591
1.69179
1.68914
1.68844
1.68981
1.69299
1.69743
1.70243
1.70738
1.71185
1.7156
1.71861
1.72092
1.72264
1.72387
1.72467
1.72503
1.72495
1.72439
1.72338
1.72198
1.72034
1.71871
1.71732
1.71641
1.71611
1.71641
1.71712
1.71799
1.71874
1.71916
1.71918
1.71885
1.71835
1.7179
1.71772
1.71794
1.7186
1.7196
1.72075
1.72183
1.72261
1.72289
1.72251
1.72137
1.71937
1.71647
1.71266
1.70799
1.70258
1.69667
1.69063
1.685
1.68047
1.67774
1.67731
1.67934
1.68348
1.68899
1.69498
1.70062
1.70534
1.70878
1.71081
1.71147
1.71088
1.70924
1.7068
1.70387
1.70075
1.69769
1.69489
1.69246
1.69046
1.68897
1.68808
1.68792
1.68855
1.68987
1.6916
1.69332
1.69458
1.69502
1.69446
1.69294
1.69074
1.68829
1.68613
1.68476
1.68455
1.68564
1.68792
1.69109
1.69476
1.69856
1.7022
1.70545
1.70821
1.71042
1.71204
1.71308
1.71355
1.71345
1.71281
1.71164
1.71003
1.70812
1.70611
1.70433
1.70309
1.7027
1.70328
1.7047
1.7066
1.70841
1.70949
1.70921
1.7071
1.70292
1.69687
1.68966
1.68258
1.67723
1.67488
1.67588
1.67946
1.68409
1.6882
1.6906
1.69068
1.68842
1.68438
1.67974
1.67609
1.67496
1.67717
1.68241
1.68946
1.69686
1.70343
1.70853
1.71196
1.71382
1.71432
1.71371
1.71221
1.71
1.70727
1.7042
1.70102
1.69799
1.6954
1.69346
1.69231
1.69189
1.69199
1.69231
1.69255
1.69251
1.6921
1.69137
1.69048
1.6896
1.6889
1.68847
1.68835
1.68851
1.68887
1.68932
1.68979
1.69022
1.69055
1.69077
1.69084
1.69076
1.69047
1.68993
1.68912
1.68802
1.68666
1.68511
1.68353
1.68207
1.68092
1.68022
1.68006
1.68041
1.68118
1.68221
1.68332
1.68435
1.68517
1.68569
1.68586
1.68566
1.68508
1.68409
1.68269
1.68083
1.67852
1.67575
1.6726
1.66926
1.66605
1.66343
1.66189
1.66183
1.66343
1.66653
1.67074
1.67552
1.68035
1.68486
1.68882
1.69213
1.69481
1.6969
1.69848
1.69965
1.70047
1.70103
1.70139
1.7016
1.70172
1.70175
1.70173
1.70165
1.70149
1.70121
1.70081
1.70029
1.6997
1.69915
1.6988
1.69881
1.69934
1.70045
1.70213
1.70421
1.70648
1.70867
1.71052
1.71181
1.71239
1.71215
1.71105
1.70914
1.70655
1.70349
1.70032
1.69745
1.69538
1.69454
1.69525
1.69764
1.7016
1.7068
1.71282
1.71918
1.72545
1.73132
1.73657
1.74108
1.74482
1.74779
1.75001
1.75146
1.7521
1.75182
1.75046
1.74782
1.7437
1.73801
1.73094
1.72311
1.71564
1.71004
1.70766
1.70916
1.71416
1.7215
1.72981
1.73799
1.74537
1.75165
1.75682
1.76097
1.76429
1.76692
1.76903
1.77073
1.77207
1.77306
1.77367
1.77384
1.77349
1.77254
1.77093
1.76865
1.76571
1.76221
1.75829
1.75416
1.75007
1.7463
1.74307
1.74057
1.73888
1.73797
1.73774
1.73806
1.73878
1.73977
1.74093
1.74214
1.74329
1.74424
1.74479
1.74474
1.74384
1.74188
1.73864
1.73396
1.72778
1.72016
1.71138
1.70197
1.69274
1.68473
1.67901
1.67646
1.67751
1.682
1.68925
1.69825
1.70793
1.71738
1.72595
1.73323
1.73905
1.74335
1.74618
1.74761
1.74773
1.74665
1.74452
1.74153
1.73792
1.73402
1.73017
1.72664
1.72358
1.72095
1.71855
1.71612
1.71353
1.71083
1.70833
1.70641
1.70538
1.70526
1.70582
1.70673
1.70768
1.70853
1.70924
1.70982
1.71022
1.71034
1.71001
1.70912
1.70767
1.70586
1.70408
1.70286
1.7027
1.70393
1.70657
1.71034
1.7148
1.71945
1.72387
1.72778
1.73101
1.73347
1.7351
1.73587
1.7357
1.73452
1.73223
1.72876
1.72412
1.71848
1.71225
1.70609
1.70093
1.6977
1.69709
1.69929
1.70381
1.70972
1.71588
1.72132
1.72545
1.72808
1.72936
1.72968
1.72952
1.72934
1.7295
1.73022
1.73155
1.73341
1.73565
1.73801
1.74023
1.74204
1.7432
1.74352
1.74294
1.74148
1.73928
1.73663
1.73387
1.73134
1.72925
1.72757
1.72604
1.72432
1.72214
1.71954
1.71681
1.71444
1.71292
1.71267
1.71395
1.7168
1.72101
1.72609
1.73132
1.7359
1.73918
1.74075
1.74056
1.73885
1.73612
1.73311
1.73061
1.72933
1.7297
1.73177
1.73523
1.73957
1.74428
1.74894
1.75329
1.75722
1.76066
1.76361
1.76602
1.76788
1.76912
1.76969
1.76951
1.76856
1.76683
1.76435
1.76126
1.75776
1.75414
1.7507
1.74774
1.74544
1.74382
1.74279
1.74218
1.74186
1.74179
1.742
1.74258
1.7436
1.74502
1.74668
1.74835
1.74977
1.75073
1.7511
1.75086
1.75011
1.74902
1.74778
1.74663
1.74577
1.74534
1.74546
1.74617
1.74748
1.74937
1.75174
1.75444
1.75724
1.75986
1.76197
1.76325
1.76343
1.76229
1.75972
1.75577
1.75058
1.74448
1.73793
1.73151
1.7259
1.72184
1.72
1.72083
1.72433
1.72994
1.73659
1.74294
1.74772
1.74998
1.74927
1.74579
1.74041
1.7346
1.73011
1.72839
1.73006
1.73476
1.74146
1.74895
1.75625
1.76276
1.76826
1.77272
1.77626
1.77897
1.78094
1.78217
1.78262
1.78217
1.78064
1.77784
1.77353
1.76754
1.75986
1.75082
1.74117
1.73213
1.725
1.72053
1.7185
1.71776
1.71682
1.71466
1.71113
1.70701
1.70364
1.70239
1.70412
1.70885
1.71591
1.72425
1.73287
1.74106
1.74841
1.75476
1.76008
1.76442
1.76785
1.77043
1.77225
1.77338
1.77392
1.77397
1.7736
1.77292
1.77198
1.77086
1.76959
1.76822
1.76676
1.76521
1.76355
1.76175
1.75978
1.75761
1.75523
1.75264
1.74987
1.74698
1.74403
1.74108
1.73822
1.73554
1.73316
1.7312
1.72981
1.7291
1.72915
1.72999
1.73158
1.73383
1.7366
1.73972
1.74304
1.74638
1.74957
1.75248
1.75495
1.7569
1.75828
1.75911
1.75952
1.75975
1.76007
1.76076
1.76197
1.76372
1.7658
1.7679
1.76964
1.77072
1.77098
1.77041
1.76923
1.76777
1.76646
1.76565
1.76554
1.76611
1.76713
1.76825
1.7691
1.76936
1.76883
1.76742
1.76513
1.76212
1.75866
1.75522
1.75238
1.75077
1.75087
1.75287
1.75658
1.7615
1.76702
1.77255
1.77768
1.78217
1.7859
1.78887
1.79112
1.79266
1.79351
1.79364
1.79297
1.7914
1.78882
1.78512
1.78028
1.77436
1.76765
1.76063
1.75399
1.74856
1.74509
1.74411
1.74576
1.7498
1.75568
1.76271
1.77018
1.77743
1.78394
1.78929
1.79314
1.79527
1.79553
1.79384
1.7903
1.78516
1.77887
1.77204
1.76539
1.75956
1.75507
1.75223
1.75116
1.75187
1.75417
1.75774
1.76203
1.76647
1.77047
1.77361
1.77563
1.77645
1.77612
1.77478
1.77258
1.76971
1.76637
1.76271
1.75891
1.7551
1.75145
1.74809
1.74515
1.74278
1.74106
1.74004
1.7397
1.73996
1.74068
1.74171
1.74289
1.7441
1.74523
1.74624
1.74707
1.74772
1.74819
1.74847
1.74859
1.74855
1.74839
1.74814
1.74783
1.74752
1.74728
1.74715
1.74718
1.74741
1.74783
1.74843
1.74916
1.74996
1.75078
1.75158
1.75233
1.75304
1.7537
1.75436
1.75503
1.75573
1.75647
1.75724
1.75799
1.75869
1.75928
1.75973
1.76
1.76007
1.75992
1.75955
1.75897
1.75818
1.75718
1.75597
1.75457
1.753
1.7513
1.74949
1.74764
1.74574
1.74381
1.7418
1.73969
1.73751
1.73541
1.73373
1.73298
1.73372
1.73635
1.74087
1.7468
1.75335
1.75964
1.76499
1.76897
1.77143
1.77246
1.77225
1.77109
1.76929
1.76714
1.76492
1.76284
1.76106
1.75969
1.75877
1.75833
1.75835
1.75883
1.75973
1.76101
1.76263
1.76453
1.76662
1.76882
1.77103
1.77317
1.77513
1.77687
1.77831
1.77942
1.78018
1.78058
1.7806
1.78026
1.77954
1.77847
1.77704
1.77526
1.77313
1.77068
1.76793
1.76493
1.76174
1.75846
1.75521
1.75214
1.74941
1.74717
1.74553
1.74456
1.74426
1.74454
1.7453
1.74638
1.74762
1.74888
1.75001
1.75092
1.7515
1.75171
1.75151
1.75087
1.7498
1.7483
1.74636
1.74398
1.74111
1.73777
1.73398
1.72988
1.72572
1.72188
1.71881
1.71694
1.71656
1.7177
1.72015
1.72346
1.72708
1.73049
1.73328
1.7352
1.73614
1.73614
1.73534
1.73395
1.73224
1.73047
1.72887
1.7276
1.72674
1.72629
1.72616
1.72624
1.72638
1.72647
1.72639
1.72607
1.72546
1.72454
1.72329
1.72173
1.71989
1.71783
1.71564
1.71343
1.71134
1.70951
1.7081
1.70722
1.70692
1.70721
1.70806
1.70936
1.71098
1.71281
1.7147
1.71654
1.71824
1.7197
1.72086
1.72165
1.722
1.72185
1.72113
1.71976
1.71764
1.71469
1.71078
1.70584
1.69982
1.69278
1.6849
1.6766
1.66851
1.66146
1.65633
1.65384
1.65433
1.65764
1.66317
1.67008
1.67751
1.68475
1.69131
1.69695
1.70157
1.70521
1.70796
1.70993
1.71124
1.712
1.71231
1.71227
1.71196
1.71147
1.71091
1.71038
1.70996
1.70977
1.70987
1.71029
1.71106
1.71213
1.71347
1.71499
1.71662
1.71828
1.7199
1.72143
1.72282
1.72404
1.72505
1.72583
1.72636
1.7266
1.72654
1.72616
1.72548
1.7245
1.7233
1.72194
1.72056
1.71928
1.71825
1.71758
1.71734
1.71753
1.71809
1.71889
1.71977
1.72054
1.72102
1.72107
1.72057
1.71951
1.7179
1.71588
1.71365
1.7115
1.70974
1.70873
1.70877
1.71003
1.71257
1.71624
1.72075
1.7257
1.73066
1.73524
1.73907
1.7419
1.74354
1.7439
1.74296
1.7408
1.73758
1.73359
1.7292
1.72487
1.72103
1.71808
1.71622
1.71551
1.71585
1.71708
1.71901
1.72147
1.72427
1.72725
1.73023
1.73305
1.73556
1.73768
1.73935
1.74058
1.7414
1.74187
1.74202
1.74192
1.74159
1.74105
1.74033
1.73942
1.73828
1.73688
1.73513
1.73292
1.73008
1.7264
1.72168
1.71576
1.70871
1.70098
1.69353
1.68781
1.68528
1.68675
1.69191
1.69948
1.70786
1.71571
1.72226
1.72723
1.73069
1.73281
1.73385
1.73402
1.73352
1.7325
1.73108
1.7294
1.72756
1.7257
1.72395
1.72246
1.72136
1.72077
1.72074
1.72128
1.72232
1.72375
1.7254
1.72708
1.72862
1.72986
1.7307
1.73109
1.73108
1.73076
1.73033
1.72999
1.72999
1.73053
1.73175
1.73366
1.7362
1.73921
1.74248
1.74579
1.74897
1.75187
1.7544
1.75651
1.75816
1.75936
1.76011
1.76042
1.76032
1.75986
1.75912
1.75822
1.75731
1.75656
1.75614
1.75622
1.75692
1.75828
1.76028
1.7628
1.76561
1.76838
1.77067
1.77197
1.77171
1.76936
1.7647
1.75805
1.7506
1.74428
1.74114
1.74215
1.74662
1.75267
1.75833
1.76224
1.76385
1.76313
1.76046
1.75671
1.7533
1.75193
1.75383
1.75905
1.76638
1.77404
1.78049
1.78486
1.78692
1.7869
1.78531
1.78286
1.78034
1.77857
1.77815
1.77936
1.78201
1.78556
1.78929
1.79253
1.79479
1.79584
1.79566
1.79446
1.79258
1.79045
1.78855
1.78729
1.78692
1.7875
1.7889
1.79085
1.79301
1.79506
1.79676
1.79794
1.79851
1.79846
1.79784
1.79673
1.79522
1.79342
1.79145
1.78943
1.78748
1.78574
1.78432
1.78333
1.78286
1.78294
1.78355
1.78463
1.78604
1.78762
1.78917
1.79051
1.79145
1.79186
1.79169
1.79092
1.78963
1.78798
1.78617
1.78449
1.78322
1.78262
1.78285
1.78397
1.78587
1.78834
1.79107
1.79374
1.79604
1.79773
1.79862
1.79859
1.79758
1.79563
1.79287
1.78957
1.78615
1.78312
1.78094
1.7799
1.77996
1.78074
1.78168
1.78217
1.78171
1.77998
1.77686
1.77242
1.76693
1.76086
1.75481
1.74939
1.74507
1.74209
1.74043
1.73996
1.74052
1.74192
1.74395
1.74631
1.74868
1.75077
1.75244
1.75368
1.75463
1.75549
1.75644
1.75761
1.75905
1.76071
1.76249
1.76425
1.76585
1.76715
1.76805
1.76846
1.76832
1.76761
1.76631
1.76442
1.76197
1.75904
1.75571
1.75213
1.74848
1.745
1.74192
1.73945
1.73776
1.73694
1.73701
1.73787
1.7394
1.7414
1.74365
1.74593
1.74803
1.7498
1.75109
1.75184
1.75201
1.75161
1.75067
1.74928
1.74752
1.7455
1.74332
1.74108
1.73887
1.73678
1.73491
1.73341
1.73246
1.73226
1.73295
1.73455
1.7369
1.73972
1.74261
1.74522
1.74723
1.74849
1.74893
1.74863
1.74769
1.7463
1.74463
1.74286
1.74117
1.73975
1.73878
1.73847
1.73897
1.74039
1.74276
1.74597
1.74985
1.75414
1.75858
1.76294
1.76701
1.77067
1.77384
1.77646
1.77853
1.78007
1.78109
1.78163
1.7817
1.78135
1.78061
1.77951
1.7781
1.77642
1.77453
1.77251
1.77044
1.76844
1.76664
1.76519
1.76424
1.7639
1.76426
1.76534
1.76707
1.7693
1.7718
1.77428
1.77638
1.77773
1.77795
1.77666
1.77353
1.76842
1.76157
1.75388
1.74697
1.7429
1.74316
1.74774
1.75502
1.76267
1.76863
1.77176
1.77179
1.7691
1.76449
1.759
1.75374
1.74972
1.74765
1.74784
1.75016
1.7541
1.75894
1.76395
1.76844
1.77193
1.77407
1.77474
1.77391
1.77172
1.76844
1.76443
1.76016
1.75616
1.75295
1.75094
1.7504
1.75133
1.75357
1.75676
1.76052
1.76448
1.76838
1.77203
1.77535
1.77831
1.78093
1.78324
1.78526
1.78702
1.78854
1.78983
1.79091
1.79178
1.79244
1.7929
1.79315
1.79319
1.79298
1.79253
1.79179
1.79075
1.78936
1.78762
1.7855
1.78303
1.78025
1.77725
1.77414
1.77108
1.76819
1.76559
1.76332
1.76136
1.75965
1.75809
1.75662
1.75516
1.75373
1.75236
1.75116
1.75028
1.74988
1.75004
1.75078
1.752
1.75349
1.75501
1.75633
1.75732
1.75796
1.75838
1.75881
1.75952
1.76077
1.76272
1.76538
1.76866
1.77238
1.7763
1.78022
1.78399
1.7875
1.7907
1.79359
1.79618
1.79849
1.80051
1.80226
1.80373
1.80488
1.8057
1.80616
1.80625
1.80594
1.80524
1.80416
1.80274
1.80103
1.79908
1.79696
1.79473
1.79246
1.79021
1.78801
1.7859
1.78391
1.78205
1.7803
1.77862
1.77697
1.77532
1.77366
1.77201
1.77044
1.769
1.76775
1.76677
1.76614
1.76596
1.76634
1.76741
1.76924
1.77185
1.77516
1.77899
1.78309
1.78721
1.79106
1.79443
1.79715
1.79915
1.80046
1.80116
1.80146
1.80161
1.80187
1.8025
1.80363
1.80532
1.80748
1.80994
1.81249
1.81493
1.81707
1.81879
1.82001
1.82071
1.82091
1.82065
1.82002
1.81912
1.81805
1.81689
1.81571
1.81448
1.81318
1.81172
1.81002
1.80804
1.8058
1.80342
1.80109
1.79911
1.79775
1.79728
1.79785
1.79945
1.80192
1.80494
1.80813
1.8111
1.81349
1.81505
1.8156
1.81509
1.81357
1.81116
1.80808
1.80462
1.80115
1.79812
1.79605
1.79542
1.79656
1.79955
1.80419
1.81
1.81636
1.82264
1.82831
1.833
1.8365
1.83879
1.83996
1.84021
1.83979
1.839
1.83816
1.83756
1.83743
1.8379
1.83901
1.84069
1.8428
1.84519
1.84768
1.85014
1.85249
1.85466
1.85663
1.85837
1.8599
1.86119
1.86222
1.86296
1.86333
1.86324
1.86254
1.86109
1.85871
1.85525
1.85061
1.84487
1.83837
1.83181
1.8262
1.82269
1.82216
1.82487
1.83031
1.83746
1.84506
1.852
1.85742
1.86075
1.86167
1.86025
1.85698
1.8529
1.84943
1.84798
1.84923
1.85283
1.85761
1.86224
1.86579
1.868
1.86903
1.86926
1.86891
1.86797
1.86626
1.86359
1.86005
1.85609
1.85234
1.84933
1.84713
1.84527
1.84297
1.83948
1.83429
1.82714
1.81804
1.80716
1.795
1.78242
1.77078
1.76178
1.75706
1.75768
1.76375
1.77427
1.78759
1.80185
1.81552
1.82762
1.83772
1.84584
1.85226
1.85734
1.8614
1.86468
1.86734
1.86946
1.87107
1.8722
1.87287
1.87311
1.87295
1.87239
1.87144
1.87011
1.86839
1.86627
1.86377
1.86087
1.85759
1.85395
1.84996
1.84568
1.84118
1.83653
1.8319
1.82747
1.8235
1.82025
1.81803
1.81706
1.81749
1.81933
1.82244
1.82656
1.83135
1.83646
1.84156
1.84639
1.85076
1.85456
1.85774
1.86029
1.86223
1.86361
1.86445
1.86481
1.86472
1.8642
1.86327
1.86196
1.86025
1.85815
1.85564
1.8527
1.84933
1.84551
1.84128
1.83669
1.83182
1.82675
1.82156
1.81625
1.81075
1.80486
1.7983
1.79087
1.78278
1.77516
1.77024
1.77065
1.77777
1.79039
1.80529
1.81902
1.82933
1.8354
1.83738
1.83595
1.832
1.82652
1.82064
1.81556
1.81242
1.81212
1.81501
1.82079
1.82862
1.83736
1.84598
1.8537
1.86007
1.86489
1.86814
1.86983
1.87001
1.86876
1.86621
1.86261
1.85834
1.8539
1.84984
1.84664
1.84455
1.84356
1.84341
1.84367
1.84389
1.84364
1.84252
1.84018
1.83629
1.83064
1.82336
1.81505
1.80685
1.80027
1.79675
1.79706
1.80095
1.80731
1.81469
1.82179
1.82778
1.83226
1.83517
1.8366
1.83677
1.83586
1.83411
1.8317
1.82886
1.82578
1.82266
1.81967
1.81696
1.81468
1.81293
1.81181
1.81137
1.81161
1.81242
1.81362
1.81491
1.81601
1.81666
1.81668
1.81605
1.81489
1.81347
1.81216
1.81139
1.81154
1.81281
1.81521
1.8185
1.8223
1.82615
1.82962
1.83234
1.834
1.83436
1.83322
1.83037
1.82567
1.81905
1.81061
1.80081
1.79054
1.78114
1.77414
1.77075
1.77128
1.77512
1.78099
1.78756
1.79384
1.79925
1.80357
1.80681
1.8091
1.8106
1.81148
1.81191
1.81204
1.812
1.81187
1.8117
1.81151
1.8113
1.81107
1.81084
1.81067
1.81065
1.81087
1.81146
1.81247
1.81395
1.81587
1.81814
1.82062
1.82317
1.82564
1.8279
1.82984
1.8314
1.83252
1.83317
1.83333
1.83298
1.83209
1.83063
1.82854
1.82573
1.82212
1.81757
1.81197
1.80522
1.79725
1.78812
1.77807
1.76754
1.75725
1.74812
1.7412
1.73746
1.73765
1.74205
1.75019
1.76093
1.77271
1.78406
1.79393
1.80181
1.80765
1.81163
1.8141
1.81542
1.81594
1.81599
1.81586
1.81576
1.81584
1.81621
1.81687
1.81779
1.81887
1.82
1.82106
1.82193
1.82249
1.82266
1.82237
1.82159
1.8203
1.81852
1.81629
1.81371
1.81088
1.80798
1.80516
1.8026
1.80045
1.79883
1.79779
1.79736
1.79749
1.79809
1.799
1.80004
1.80094
1.80142
1.80118
1.79991
1.79741
1.79362
1.7887
1.78308
1.77734
1.77216
1.7682
1.76609
1.76645
1.7697
1.7758
1.78402
1.79319
1.80207
1.80974
1.81575
1.82001
1.82268
1.82402
1.82433
1.82387
1.82288
1.82156
1.82008
1.81856
1.81707
1.81569
1.81441
1.81326
1.81223
1.81134
1.81058
1.81001
1.80967
1.80961
1.80991
1.81061
1.81173
1.81326
1.81511
1.81718
1.81934
1.82141
1.82325
1.82469
1.8256
1.82587
1.8254
1.82414
1.82209
1.81934
1.81608
1.81269
1.80963
1.80747
1.8067
1.80757
1.81001
1.81364
1.8179
1.82223
1.82618
1.8295
1.8321
1.83403
1.83543
1.83646
1.8373
1.83808
1.83891
1.83982
1.8408
1.84178
1.84267
1.84329
1.84346
1.84292
1.84142
1.83865
1.83434
1.82825
1.8203
1.81074
1.80029
1.79026
1.78241
1.77835
1.77884
1.7834
1.79062
1.79885
1.80677
1.81364
1.81918
1.82341
1.82647
1.82856
1.82991
1.83073
1.83124
1.83163
1.83208
1.83271
1.83357
1.83463
1.83582
1.83699
1.838
1.83871
1.83901
1.83882
1.83812
1.83694
1.83534
1.83343
1.83131
1.82909
1.82685
1.82462
1.82242
1.82021
1.81794
1.81556
1.81304
1.81038
1.80764
1.80491
1.80232
1.79992
1.79771
1.79559
1.79334
1.79074
1.78754
1.78362
1.77897
1.7738
1.7685
1.76371
1.76015
1.75851
1.75916
1.76205
1.7667
1.77241
1.77846
1.7843
1.78958
1.79413
1.7979
1.80091
1.80322
1.80489
1.80602
1.80669
1.80699
1.807
1.80681
1.80647
1.80606
1.80561
1.80518
1.80478
1.80446
1.80421
1.80406
1.804
1.80402
1.80411
1.80425
1.80439
1.80449
1.80449
1.8043
1.80383
1.80298
1.80162
1.79966
1.79704
1.79378
1.78998
1.7859
1.78189
1.77837
1.7757
1.7741
1.77361
1.7741
1.77536
1.77716
1.77935
1.78182
1.78451
1.78734
1.79023
1.79309
1.79585
1.79846
1.80092
1.80327
1.80557
1.80789
1.81027
1.81269
1.81512
1.81747
1.81961
1.82146
1.8229
1.82388
1.82434
1.82425
1.82364
1.82252
1.82095
1.81902
1.81683
1.81454
1.81231
1.81033
1.80874
1.80762
1.80693
1.80648
1.80603
1.80531
1.80415
1.8026
1.80089
1.79941
1.7985
1.79834
1.79882
1.79962
1.80036
1.80081
1.80091
1.80088
1.80104
1.80177
1.80333
1.80581
1.80907
1.81284
1.81675
1.82049
1.82378
1.82646
1.82843
1.82966
1.83014
1.8299
1.82897
1.8274
1.82527
1.82269
1.81986
1.81698
1.81429
1.81197
1.8101
1.80864
1.80743
1.80624
1.80483
1.80308
1.80097
1.79871
1.79664
1.79517
1.79458
1.79471
1.79491
1.79402
1.79078
1.78434
1.77506
1.76519
1.75852
1.75848
1.7656
1.77715
1.78919
1.79881
1.80488
1.80753
1.80747
1.80551
1.80242
1.79884
1.79527
1.79205
1.78941
1.78746
1.78618
1.78546
1.78514
1.78507
1.7851
1.7851
1.78501
1.78477
1.78437
1.78379
1.78305
1.78214
1.78105
1.7798
1.77837
1.77679
1.77508
1.77329
1.77147
1.7697
1.76807
1.76668
1.76559
1.76487
1.76454
1.76461
1.76504
1.76577
1.7667
1.76776
1.76885
1.76989
1.77082
1.77157
1.77213
1.77247
1.77258
1.77245
1.77207
1.77145
1.77058
1.76948
1.76817
1.76672
1.76519
1.76369
1.76236
1.76133
1.76073
1.76067
1.7612
1.76234
1.76405
1.76626
1.76886
1.77171
1.77469
1.77767
1.78054
1.78318
1.78549
1.78737
1.78869
1.7893
1.78904
1.78768
1.785
1.7808
1.77499
1.76778
1.75984
1.75237
1.74686
1.74451
1.74565
1.74945
1.75442
1.75906
1.76233
1.76382
1.76356
1.76188
1.75916
1.75577
1.752
1.7481
1.74431
1.74095
1.73842
1.73716
1.73756
1.73979
1.74375
1.7491
1.75535
1.76196
1.76847
1.77452
1.77987
1.7844
1.78806
1.79084
1.79281
1.79408
1.7948
1.79515
1.79534
1.79559
1.79604
1.79676
1.79771
1.79877
1.79975
1.80045
1.80071
1.80041
1.79949
1.79796
1.79586
1.79328
1.79029
1.787
1.78349
1.77984
1.77611
1.77238
1.76875
1.76538
1.7625
1.76045
1.75957
1.76017
1.7624
1.76619
1.77124
1.77704
1.78306
1.78877
1.79377
1.79776
1.80059
1.80223
1.80274
1.80225
1.80099
1.79924
1.7973
1.79543
1.79383
1.79255
1.79151
1.79048
1.78917
1.78722
1.78436
1.78038
1.77522
1.76907
1.76235
1.75575
1.7501
1.74617
1.74456
1.74549
1.74894
1.75463
1.76206
1.77058
1.77945
1.78793
1.79539
1.80142
1.80583
1.80864
1.81
1.81017
1.80947
1.80818
1.80656
1.80474
1.80276
1.80058
1.79808
1.79514
1.79168
1.78771
1.78327
1.77848
1.77349
1.76844
1.76349
1.75878
1.75448
1.75075
1.74778
1.74575
1.74479
1.74497
1.74625
1.74849
1.75146
1.75489
1.75849
1.76202
1.76539
1.76865
1.77195
1.77546
1.7793
1.78345
1.78779
1.7921
1.7962
1.79989
1.80305
1.80563
1.80759
1.80897
1.80982
1.81018
1.81013
1.80973
1.80905
1.80814
1.80707
1.80587
1.8046
1.80328
1.80195
1.80063
1.79935
1.7981
1.7969
1.79575
1.79463
1.79355
1.79249
1.79143
1.79037
1.78928
1.78818
1.78704
1.78589
1.78473
1.7836
1.78253
1.78158
1.78081
1.78027
1.78
1.78002
1.78032
1.78084
1.78152
1.78226
1.78294
1.7835
1.78385
1.78396
1.78379
1.78336
1.78267
1.78177
1.78069
1.77945
1.77811
1.77668
1.77523
1.77381
1.77252
1.77146
1.77072
1.77038
1.77048
1.77096
1.77174
1.77266
1.77355
1.77426
1.77465
1.77464
1.77421
1.77338
1.77224
1.77089
1.76946
1.76808
1.76686
1.76588
1.76516
1.76473
1.76455
1.76459
1.7648
1.76512
1.7655
1.76587
1.76616
1.76629
1.76621
1.76584
1.76517
1.76419
1.76289
1.7613
1.75941
1.7572
1.75462
1.75162
1.74815
1.74421
1.73986
1.73528
1.73069
1.72641
1.72279
1.72014
1.71871
1.7186
1.71982
1.72229
1.72588
1.73045
1.73584
1.74185
1.74821
1.75459
1.7607
1.76628
1.77115
1.77523
1.7785
1.78101
1.78284
1.78406
1.78478
1.78506
1.78499
1.78462
1.78399
1.78316
1.78214
1.78096
1.77966
1.77823
1.77671
1.77512
1.77346
1.77175
1.77001
1.76822
1.76636
1.76439
1.76225
1.75985
1.75712
1.75397
1.75033
1.74615
1.74145
1.73626
1.73071
1.72495
1.7192
1.71368
1.70864
1.70428
1.70079
1.6983
1.69692
1.69671
1.69767
1.69976
1.70286
1.70682
1.71145
1.71658
1.72207
1.72783
1.73381
1.73992
1.74604
1.75199
1.75752
1.76239
1.76634
1.76916
1.7707
1.77082
1.76943
1.76645
1.76182
1.75551
1.74754
1.73806
1.72736
1.71598
1.70469
1.69443
1.68616
1.68062
1.6782
1.67891
1.68245
1.68839
1.69616
1.70513
1.71465
1.72406
1.73282
1.74053
1.74695
1.75199
1.75569
1.75819
1.75963
1.7602
1.76007
1.75941
1.75832
1.75693
1.7553
1.75351
1.75158
1.74956
1.74745
1.74526
1.74302
1.74072
1.73839
1.73604
1.73367
1.7313
1.72889
1.72643
1.72383
1.721
1.71783
1.71421
1.71009
1.70553
1.70072
1.69603
1.69193
1.6889
1.68726
1.68712
1.68829
1.69046
1.69326
1.69636
1.69951
1.70254
1.7053
1.70768
1.70963
1.7111
1.71211
1.7127
1.71297
1.713
1.71293
1.71287
1.71291
1.71312
1.71354
1.71414
1.71491
1.71578
1.7167
1.71761
1.71848
1.71925
1.71993
1.7205
1.72097
1.72135
1.72165
1.72191
1.72213
1.72235
1.72257
1.72282
1.72312
1.72348
1.72392
1.72445
1.72507
1.72577
1.7265
1.72721
1.72777
1.72804
1.72784
1.72695
1.72513
1.72221
1.71811
1.71298
1.70723
1.70157
1.69684
1.69376
1.69262
1.69323
1.69505
1.69753
1.70027
1.70308
1.7059
1.70871
1.71142
1.71395
1.71614
1.71791
1.71918
1.71994
1.72023
1.72011
1.71969
1.71908
1.71845
1.71796
1.71781
1.71815
1.7191
1.72066
1.72277
1.72525
1.7279
1.73049
1.73283
1.73476
1.73618
1.737
1.73718
1.73669
1.73549
1.73356
1.73089
1.72752
1.72354
1.71913
1.71457
1.71023
1.70651
1.70374
1.70207
1.70149
1.70177
1.70263
1.70377
1.70502
1.7063
1.70764
1.70917
1.71099
1.71317
1.71575
1.71866
1.72182
1.72511
1.72841
1.73161
1.73465
1.73746
1.74003
1.74232
1.7443
1.74594
1.74719
1.74794
1.74806
1.74733
1.74546
1.74198
1.73632
1.72779
1.71583
1.70055
1.68352
1.66841
1.66005
1.66166
1.6724
1.68818
1.70463
1.71908
1.73065
1.73947
1.74598
1.75058
1.7536
1.75525
1.75577
1.75542
1.75461
1.75383
1.75356
1.75406
1.75528
1.75678
1.75791
1.75812
1.75729
1.75587
1.75487
1.75542
1.75823
1.76319
1.76947
1.77589
1.78144
1.78549
1.78778
1.78834
1.78733
1.78496
1.78147
1.77709
1.77205
1.76663
1.76114
1.75593
1.75139
1.74787
1.7457
1.74504
1.74596
1.74838
1.75209
1.75685
1.76234
1.76826
1.77432
1.78028
1.78594
1.79117
1.7959
1.80007
1.8037
1.80679
1.8094
1.81159
1.81343
1.815
1.81637
1.81764
1.81889
1.82017
1.82154
1.82304
1.82468
1.82643
1.82825
1.83009
1.83186
1.83344
1.83472
1.83557
1.83586
1.83547
1.83433
1.83245
1.82992
1.82699
1.824
1.82134
1.81938
1.81829
1.81803
1.81836
1.81891
1.81932
1.81935
1.81889
1.81799
1.81682
1.81566
1.8148
1.81453
1.81507
1.81649
1.81874
1.82167
1.82505
1.82859
1.83202
1.83505
1.83743
1.83894
1.8394
1.83868
1.83677
1.83379
1.83004
1.8261
1.82268
1.82051
1.8201
1.82156
1.82456
1.82854
1.83287
1.83702
1.84061
1.84344
1.8454
1.84643
1.84652
1.84564
1.8438
1.84097
1.83712
1.83215
1.82591
1.81814
1.80854
1.79676
1.78273
1.76702
1.75134
1.73852
1.73154
1.73176
1.73798
1.74733
1.75699
1.76525
1.77154
1.7759
1.77862
1.77999
1.78019
1.77938
1.77778
1.77575
1.77378
1.77249
1.7724
1.77373
1.77634
1.77969
1.78308
1.78582
1.78734
1.78726
1.78532
1.7814
1.77554
1.76801
1.75945
1.75092
1.74373
1.73906
1.73742
1.7385
1.74127
1.74458
1.74752
1.7496
1.7507
1.75096
1.75058
1.7498
1.74882
1.7478
1.74684
1.74602
1.74536
1.7449
1.74462
1.74452
1.74457
1.74474
1.745
1.74529
1.74557
1.74578
1.74588
1.7458
1.74551
1.74494
1.74407
1.74285
1.74128
1.73934
1.73705
1.73445
1.73161
1.72866
1.72574
1.72306
1.72085
1.71937
1.71884
1.71942
1.72115
1.72395
1.72761
1.73186
1.7364
1.74099
1.74541
1.74956
1.75336
1.7568
1.75989
1.76267
1.76515
1.76736
1.76933
1.77106
1.77255
1.77381
1.77481
1.77555
1.77599
1.77611
1.77589
1.77529
1.77428
1.77286
1.77102
1.76879
1.76621
1.76336
1.76035
1.75733
1.75445
1.75187
1.74977
1.74829
1.74758
1.7477
1.74873
1.75065
1.7534
1.75686
1.76089
1.7653
1.76989
1.77449
1.77895
1.78314
1.787
1.79047
1.79353
1.79617
1.79839
1.80021
1.80164
1.80269
1.80337
1.80368
1.80364
1.80326
1.80256
1.80156
1.80026
1.7987
1.79686
1.79475
1.79236
1.78966
1.78666
1.78337
1.77981
1.77607
1.77224
1.76846
1.76489
1.76169
1.75902
1.75701
1.75578
1.75537
1.75578
1.75697
1.75883
1.76121
1.76396
1.76688
1.7698
1.77256
1.77504
1.77717
1.77891
1.78029
1.78134
1.78213
1.78275
1.78326
1.78373
1.78418
1.78464
1.78511
1.78556
1.78597
1.78632
1.78659
1.78674
1.78678
1.78667
1.78641
1.78598
1.78535
1.78452
1.78343
1.78207
1.78038
1.77834
1.7759
1.77306
1.76981
1.7662
1.76232
1.75833
1.75442
1.75085
1.74785
1.74567
1.74447
1.74429
1.74508
1.74668
1.74885
1.75133
1.75387
1.75626
1.75837
1.76012
1.76148
1.7625
1.76321
1.7637
1.764
1.76416
1.7642
1.76412
1.76388
1.76346
1.7628
1.76186
1.76058
1.75892
1.75686
1.7544
1.75164
1.74872
1.7459
1.74353
1.74194
1.74141
1.74202
1.74365
1.74599
1.74867
1.7513
1.7536
1.75542
1.75669
1.75744
1.75773
1.75765
1.7573
1.75675
1.75608
1.75534
1.75458
1.75385
1.75317
1.75256
1.752
1.75146
1.75089
1.75023
1.74939
1.74833
1.74701
1.74544
1.74367
1.74181
1.74001
1.73843
1.73726
1.73663
1.73663
1.73729
1.73853
1.74023
1.74219
1.74422
1.7461
1.74769
1.74888
1.74962
1.74996
1.74999
1.74988
1.74983
1.75002
1.75057
1.75151
1.75276
1.75415
1.75545
1.75644
1.75692
1.75677
1.75597
1.75456
1.7527
1.7506
1.74853
1.74676
1.74554
1.74507
1.74543
1.74663
1.74861
1.75128
1.75449
1.75809
1.76194
1.76587
1.76973
1.77338
1.7767
1.77962
1.78206
1.78397
1.78532
1.78606
1.78617
1.78558
1.78425
1.78211
1.77912
1.77527
1.77062
1.76532
1.75967
1.75408
1.74907
1.74515
1.74273
1.74202
1.74297
1.74537
1.74888
1.75314
1.75779
1.76256
1.7672
1.77149
1.77526
1.77836
1.7807
1.78218
1.7828
1.78257
1.7816
1.78
1.77797
1.77573
1.7735
1.77149
1.76982
1.76859
1.76773
1.76708
1.76628
1.76486
1.7623
1.75823
1.75283
1.74703
1.74262
1.74156
1.74502
1.75258
1.76256
1.77297
1.78238
1.79014
1.79619
1.80078
1.80425
1.8069
1.80893
1.81047
1.81155
1.81215
1.81222
1.81168
1.81045
1.80845
1.80565
1.80204
1.7977
1.79281
1.78765
1.78256
1.77794
1.77406
1.77103
1.7687
1.76671
1.76462
1.76225
1.75991
1.75854
1.75936
1.76326
1.77015
1.77891
1.78793
1.79577
1.80157
1.80505
1.80638
1.80595
1.80432
1.80204
1.79968
1.79766
1.79633
1.79584
1.79624
1.79746
1.79938
1.80188
1.80482
1.80809
1.81158
1.81518
1.81877
1.82226
1.82552
1.82847
1.83102
1.83311
1.83471
1.83579
1.83633
1.83636
1.83589
1.83494
1.83356
1.83179
1.8297
1.82734
1.82478
1.82208
1.81928
1.81641
1.81346
1.8104
1.80718
1.80372
1.79998
1.79594
1.79164
1.78725
1.78301
1.77931
1.77662
1.77538
1.77592
1.77837
1.78254
1.78805
1.79437
1.80098
1.80744
1.81343
1.81877
1.82335
1.82717
1.83026
1.83267
1.83447
1.83574
1.83654
1.83691
1.8369
1.83654
1.8358
1.83468
1.83311
1.83102
1.8283
1.82483
1.82045
1.81504
1.80847
1.80075
1.79208
1.78302
1.77458
1.76809
1.7647
1.76474
1.76737
1.77088
1.7734
1.77353
1.77064
1.76491
1.75721
1.7489
1.74165
1.73699
1.73596
1.73874
1.74475
1.75284
1.76177
1.77051
1.7784
1.78509
1.79048
1.79462
1.79766
1.79975
1.80108
1.80179
1.802
1.80178
1.80112
1.79997
1.79818
1.79555
1.79182
1.78666
1.7798
1.77108
1.76063
1.74904
1.73742
1.72725
1.71992
1.71626
1.71625
1.7192
1.72408
1.72987
1.73564
1.74068
1.74448
1.74672
1.74726
1.74613
1.74359
1.74009
1.73634
1.73317
1.73137
1.73143
1.73335
1.7367
1.74079
1.74493
1.74863
1.7516
1.75375
1.75509
1.75573
1.75576
1.75528
1.75437
1.75306
1.75139
1.74937
1.74699
1.74427
1.74122
1.73787
1.73428
1.73056
1.72681
1.72315
1.71968
1.71646
1.71347
1.71066
1.70795
1.70525
1.70253
1.69982
1.69725
1.69503
1.69341
1.6927
1.69317
1.69499
1.69818
1.70259
1.70793
1.71376
1.7196
1.72494
1.72931
1.73226
1.73343
1.73257
1.72965
1.72504
1.71965
1.71486
1.71221
1.71272
1.7164
1.72224
1.72882
1.73486
1.73962
1.74283
1.74453
1.74494
1.74431
1.74286
1.74082
1.73839
1.73577
1.73322
1.73101
1.72938
1.72851
1.72845
1.72907
1.73003
1.73085
1.731
1.72999
1.72753
1.72369
1.71903
1.71449
1.71129
1.71046
1.71256
1.7175
1.72454
1.7326
1.74051
1.74724
1.75207
1.75463
1.75485
1.75291
1.74916
1.74413
1.7385
1.733
1.72838
1.72525
1.72396
1.72456
1.72678
1.73012
1.734
1.73789
1.74138
1.74425
1.74643
1.74803
1.74921
1.75018
1.75109
1.75205
1.75304
1.75404
1.75498
1.75579
1.75646
1.75698
1.75736
1.75763
1.75779
1.75785
1.75781
1.75767
1.75745
1.7572
1.75694
1.75675
1.75666
1.7567
1.75687
1.75715
1.7575
1.75789
1.75825
1.75854
1.75872
1.75875
1.7586
1.75825
1.7577
1.75694
1.75598
1.75485
1.75356
1.75213
1.75054
1.74881
1.7469
1.74477
1.7424
1.73973
1.73676
1.73351
1.73007
1.72661
1.72334
1.72056
1.71852
1.71742
1.71737
1.71835
1.7202
1.72271
1.72561
1.72861
1.73144
1.73388
1.73579
1.73709
1.73778
1.73792
1.73761
1.737
1.73621
1.73534
1.73445
1.73354
1.73256
1.73136
1.72981
1.72774
1.72508
1.72186
1.71831
1.71486
1.71208
1.71052
1.71052
1.7121
1.71493
1.71846
1.72212
1.72547
1.72822
1.73022
1.73145
1.73192
1.73169
1.73081
1.72936
1.72743
1.72512
1.72257
1.71995
1.71747
1.71539
1.714
1.71355
1.7142
1.71595
1.71859
1.72178
1.7251
1.72816
1.73066
1.73243
1.73341
1.73361
1.73314
1.73215
1.73082
1.72936
1.72796
1.72682
1.72609
1.72589
1.72628
1.72726
1.72877
1.73072
1.73297
1.73539
1.73786
1.74025
1.74245
1.74439
1.74598
1.74715
1.74785
1.748
1.74753
1.74634
1.74435
1.74149
1.73768
1.73292
1.72727
1.72088
1.71404
1.70714
1.70069
1.69521
1.69116
1.68879
1.68813
1.68894
1.69092
1.69374
1.69718
1.70112
1.70549
1.71019
1.71507
1.71991
1.72449
1.72863
1.73221
1.7352
1.73761
1.73951
1.74096
1.74203
1.74274
1.74314
1.74322
1.74301
1.7425
1.74172
1.74069
1.73946
1.73813
1.73678
1.73554
1.73455
1.73395
1.73385
1.73435
1.73548
1.7372
1.73943
1.74201
1.74475
1.74746
1.74994
1.752
1.75347
1.75421
1.75411
1.75309
1.75109
1.74812
1.74428
1.73978
1.735
1.73046
1.7268
1.72463
1.72441
1.72624
1.72986
1.7347
1.74005
1.7452
1.74957
1.75273
1.75444
1.75457
1.75313
1.75025
1.74614
1.74119
1.73587
1.73076
1.72653
1.72373
1.7228
1.72387
1.72678
1.73108
1.73617
1.7414
1.74619
1.75013
1.75296
1.75467
1.75541
1.7555
1.75537
1.75546
1.7561
1.75743
1.75932
1.76141
1.76324
1.76435
1.76441
1.76325
1.76092
1.75765
1.75385
1.75007
1.74688
1.74481
1.74422
1.74524
1.74776
1.75149
1.75605
1.76105
1.76614
1.77103
1.77552
1.77943
1.78264
1.78508
1.78669
1.78748
1.78747
1.78674
1.78541
1.78365
1.78162
1.77952
1.77751
1.77569
1.77413
1.77281
1.7717
1.77074
1.76989
1.76913
1.76847
1.76796
1.76764
1.7676
1.76792
1.76869
1.76999
1.77186
1.77428
1.77713
1.78028
1.78356
1.78682
1.78995
1.79286
1.79547
1.79771
1.79949
1.80074
1.80136
1.80127
1.80043
1.79882
1.79649
1.79354
1.79018
1.78664
1.78325
1.78028
1.77798
1.77647
1.77574
1.77567
1.77607
1.77668
1.77723
1.77748
1.77725
1.77644
1.77505
1.77321
1.77113
1.76908
1.76732
1.76607
1.76548
1.76556
1.76627
1.76746
1.76897
1.77065
1.77239
1.77414
1.7759
1.77772
1.77964
1.78172
1.78396
1.78635
1.78883
1.7913
1.79367
1.79584
1.79772
1.79923
1.80032
1.80093
1.80104
1.80059
1.79958
1.79795
1.79572
1.79288
1.78949
1.78564
1.78152
1.77734
1.77338
1.76991
1.76714
1.76517
1.76398
1.76346
1.76345
1.76381
1.76446
1.76541
1.76666
1.76823
1.77007
1.77209
1.77416
1.77611
1.77783
1.77922
1.7802
1.78071
1.7807
1.78011
1.77892
1.77718
1.77507
1.77286
1.77098
1.76986
1.76981
1.77091
1.77299
1.77565
1.77843
1.78091
1.78284
1.78412
1.78476
1.78488
1.78463
1.78418
1.78363
1.7831
1.78263
1.78221
1.78182
1.78142
1.78093
1.78031
1.7795
1.77849
1.7773
1.77601
1.7748
1.77392
1.77365
1.77424
1.77579
1.77821
1.78121
1.78436
1.7872
1.78931
1.79037
1.79018
1.78863
1.78571
1.7815
1.77616
1.76991
1.76305
1.756
1.74929
1.74364
1.73985
1.73863
1.7403
1.74464
1.75092
1.75821
1.76568
1.77278
1.77928
1.78513
1.79036
1.79503
1.79918
1.8028
1.80586
1.80828
1.80999
1.81094
1.81106
1.81034
1.80886
1.80677
1.80437
1.80208
1.80036
1.79962
1.80007
1.80167
1.80408
1.80684
1.80945
1.81151
1.81275
1.81305
1.81237
1.81078
1.80838
1.80534
1.8019
1.79837
1.79515
1.79274
1.79162
1.79217
1.79448
1.79831
1.80314
1.80829
1.81312
1.81715
1.82007
1.82174
1.82215
1.82139
1.81957
1.81686
1.81341
1.8094
1.805
1.80038
1.79568
1.79102
1.78648
1.78213
1.778
1.77411
1.77048
1.76715
1.76418
1.76173
1.76009
1.75961
1.76069
1.76357
1.76827
1.77448
1.78169
1.78929
1.79677
1.80373
1.80995
1.81534
1.81989
1.82365
1.82669
1.82906
1.83081
1.83199
1.83261
1.83267
1.83216
1.83107
1.8294
1.82717
1.82444
1.82134
1.81803
1.81472
1.8116
1.80882
1.80641
1.80429
1.80227
1.79791
1.7953
1.79208
1.7882
1.78374
1.77896
1.77426
1.77016
1.76723
1.76593
1.76658
1.76925
1.77376
1.77974
1.7867
1.79411
1.80147
1.80837
1.81451
1.81967
1.82374
1.82668
1.82849
1.82922
1.82897
1.82785
1.82605
1.82375
1.82119
1.81857
1.81612
1.81405
1.81259
1.81199
1.81248
1.81411
1.81667
1.81969
1.82243
1.82413
1.82407
1.82169
1.81664
1.80889
1.79876
1.78715
1.77551
1.76571
1.75953
1.75793
1.76066
1.76648
1.77378
1.78117
1.78777
1.79319
1.79732
1.80028
1.80221
1.80327
1.80366
1.80354
1.80308
1.80247
1.80186
1.80135
1.801
1.80078
1.80058
1.80019
1.79938
1.7979
1.79556
1.7923
1.78829
1.78396
1.78001
1.77719
1.77607
1.77674
1.77879
1.78147
1.78402
1.78589
1.78689
1.78716
1.78706
1.78702
1.78745
1.78857
1.79042
1.79285
1.79562
1.7985
1.80128
1.80385
1.80612
1.80809
1.80975
1.81111
1.81215
1.81286
1.81319
1.81308
1.81245
1.81123
1.80937
1.80687
1.80383
1.80048
1.79722
1.79455
1.79298
1.7929
1.79443
1.79737
1.80132
1.80575
1.81022
1.81436
1.81796
1.82091
1.82318
1.82478
1.82574
1.82613
1.82599
1.8254
1.82442
1.82313
1.82158
1.81984
1.81796
1.81599
1.81401
1.8121
1.81037
1.80896
1.80801
1.8077
1.80813
1.80939
1.81147
1.8143
1.81775
1.82163
1.82573
1.82988
1.83391
1.83771
1.84118
1.84428
1.84699
1.84928
1.85117
1.85263
1.85367
1.85427
1.85442
1.8541
1.85331
1.85206
1.85037
1.84827
1.8458
1.84302
1.83999
1.83682
1.8337
1.83088
1.82875
1.82772
1.82813
1.83011
1.8335
1.83787
1.84264
1.84718
1.85098
1.85358
1.85466
1.85395
1.85131
1.84677
1.84064
1.83353
1.82641
1.82049
1.81698
1.81681
1.82032
1.82716
1.83639
1.8468
1.85723
1.86678
1.87489
1.88136
1.88618
1.88949
1.89151
1.89245
1.89252
1.89188
1.89067
1.88899
1.88692
1.88451
1.88181
1.87888
1.87576
1.87254
1.86931
1.86617
1.86324
1.86059
1.85827
1.85628
1.85452
1.85282
1.85094
1.84857
1.84537
1.84107
1.8356
1.82928
1.82291
1.81776
1.81513
1.81573
1.81935
1.82496
1.83131
1.83739
1.84265
1.84694
1.85035
1.85304
1.85516
1.85682
1.85811
1.85906
1.85967
1.85993
1.85979
1.85917
1.85796
1.85604
1.8533
1.84966
1.84513
1.8399
1.83435
1.82909
1.82483
1.82226
1.82184
1.82368
1.82753
1.83282
1.83882
1.84482
1.85023
1.85464
1.85787
1.85991
1.86086
1.86094
1.86034
1.85928
1.85791
1.85638
1.85475
1.85311
1.85154
1.85015
1.84907
1.84844
1.84839
1.84898
1.85018
1.85194
1.85412
1.85659
1.8592
1.86182
1.86434
1.86665
1.86869
1.87041
1.87179
1.87283
1.87352
1.87388
1.8739
1.87357
1.87286
1.87178
1.87036
1.86864
1.86676
1.86489
1.86324
1.86201
1.86132
1.86118
1.86143
1.86183
1.86209
1.86199
1.86142
1.86044
1.85926
1.85818
1.85754
1.8576
1.85853
1.86039
1.86319
1.8669
1.87142
1.87656
1.88197
1.8872
1.89179
1.89533
1.89754
1.89828
1.89756
1.89555
1.89253
1.88896
1.8854
1.88241
1.88048
1.87986
1.88056
1.88232
1.88478
1.88759
1.89045
1.8932
1.89574
1.89806
1.90016
1.90202
1.90362
1.9049
1.90578
1.90615
1.90589
1.9049
1.9031
1.90047
1.89708
1.89312
1.8889
1.88489
1.8816
1.87956
1.87916
1.88057
1.88367
1.88804
1.89314
1.89836
1.90316
1.90712
1.90991
1.91125
1.91086
1.90844
1.90369
1.89626
1.88588
1.87243
1.85606
1.83736
1.81746
1.7979
1.78046
1.76683
1.75836
1.75585
1.75938
1.7682
1.7809
1.79566
1.81076
1.82493
1.83745
1.84814
1.85718
1.86495
1.87183
1.87812
1.88396
1.88936
1.89425
1.89848
1.90191
1.90442
1.90593
1.90641
1.90585
1.9043
1.90187
1.8987
1.89499
1.89097
1.88689
1.88299
1.87944
1.87633
1.87367
1.87137
1.8693
1.86731
1.86525
1.86301
1.86051
1.85775
1.85477
1.85165
1.84854
1.84555
1.84281
1.84039
1.8383
1.8365
1.83487
1.83328
1.83157
1.82961
1.82733
1.82475
1.82198
1.81924
1.81678
1.81482
1.8135
1.81278
1.81247
1.81226
1.81183
1.81092
1.80941
1.80732
1.80483
1.8022
1.79974
1.79768
1.7962
1.79538
1.79521
1.79568
1.79675
1.79839
1.80056
1.80318
1.80616
1.80934
1.81255
1.81559
1.81825
1.82037
1.82179
1.82242
1.8222
1.82114
1.81929
1.8168
1.81386
1.81071
1.80757
1.80464
1.80198
1.79956
1.79724
1.79484
1.79223
1.78938
1.78639
1.78353
1.78112
1.77955
1.77918
1.78018
1.78256
1.78606
1.79027
1.79468
1.79886
1.80245
1.80527
1.80723
1.80837
1.80877
1.80857
1.8079
1.80691
1.80577
1.80462
1.8036
1.80282
1.80239
1.80238
1.80285
1.80383
1.80531
1.80725
1.80958
1.8122
1.81498
1.8178
1.82053
1.82306
1.82526
1.82705
1.82833
1.82903
1.82907
1.82842
1.82705
1.825
1.82235
1.81924
1.8159
1.81262
1.80972
1.80756
1.80647
1.80673
1.80845
1.8116
1.81598
1.82121
1.82681
1.83228
1.83712
1.84093
1.84339
1.84437
1.84382
1.84188
1.83883
1.83506
1.83102
1.82718
1.82389
1.82136
1.81964
1.81858
1.81795
1.81749
1.81696
1.81617
1.815
1.81342
1.81143
1.8091
1.80652
1.80383
1.80125
1.79901
1.79744
1.79682
1.79735
1.7991
1.80196
1.80571
1.81008
1.81479
1.81963
1.82444
1.8291
1.83349
1.83752
1.84107
1.84404
1.84633
1.84786
1.84859
1.84848
1.84754
1.84582
1.84341
1.84046
1.83718
1.8338
1.83062
1.82791
1.82587
1.8246
1.82408
1.82419
1.82473
1.82549
1.82627
1.82692
1.82734
1.82749
1.82737
1.82699
1.8264
1.82568
1.82489
1.82412
1.82347
1.823
1.82275
1.82268
1.82272
1.82272
1.82251
1.82192
1.82085
1.81928
1.81735
1.81531
1.81348
1.81216
1.81149
1.81147
1.81188
1.81248
1.81301
1.81332
1.8133
1.81291
1.81207
1.81063
1.80842
1.8052
1.80071
1.79466
1.78688
1.77749
1.76728
1.75799
1.7521
1.75181
1.75774
1.76847
1.78153
1.79467
1.80652
1.81649
1.82448
1.83055
1.83484
1.8375
1.83868
1.83857
1.83739
1.83535
1.83268
1.82964
1.82648
1.82347
1.82081
1.8187
1.81722
1.8164
1.81614
1.81631
1.8167
1.81709
1.8173
1.81713
1.81646
1.81521
1.81335
1.81093
1.80806
1.80496
1.80191
1.79924
1.79728
1.79625
1.79626
1.79721
1.79887
1.80093
1.80304
1.80492
1.80633
1.80714
1.80726
1.80664
1.8053
1.80326
1.80059
1.79741
1.79385
1.79011
1.78641
1.78299
1.78009
1.77788
1.77642
1.77563
1.77532
1.77515
1.77474
1.7737
1.77173
1.76867
1.76453
1.75956
1.75417
1.74892
1.74439
1.74107
1.73926
1.73906
1.74035
1.74286
1.74616
1.74976
1.75316
1.75588
1.75767
1.7585
1.75862
1.75843
1.75829
1.75828
1.75824
1.75789
1.7572
1.75653
1.75666
1.75831
1.76177
1.76667
1.77217
1.77734
1.78151
1.78435
1.78583
1.78614
1.78556
1.78441
1.783
1.78163
1.78049
1.77973
1.77937
1.77939
1.77967
1.78006
1.78041
1.78058
1.78047
1.77998
1.77909
1.7778
1.77614
1.77423
1.77224
1.77042
1.76901
1.76824
1.76823
1.7689
1.76997
1.77097
1.7714
1.77078
1.76878
1.76538
1.7609
1.75604
1.75178
1.74903
1.74836
1.74975
1.75263
1.75615
1.75951
1.7621
1.76353
1.76368
1.76258
1.76052
1.75797
1.75558
1.75402
1.75376
1.7549
1.75708
1.75969
1.76202
1.76354
1.76392
1.76308
1.76115
1.75839
1.7552
1.75203
1.74938
1.74768
1.74723
1.74813
1.75023
1.75322
1.7567
1.76027
1.76361
1.76654
1.76894
1.7708
1.77214
1.77302
1.77348
1.77358
1.77333
1.77273
1.77174
1.7703
1.76828
1.76551
1.76178
1.75686
1.75063
1.7432
1.73512
1.7274
1.7213
1.71782
1.7171
1.71832
1.72024
1.72183
1.72271
1.72313
1.7236
1.72459
1.72629
1.72867
1.73156
1.73481
1.73826
1.74173
1.74503
1.74795
1.75031
1.75202
1.75306
1.75349
1.75343
1.75301
1.7524
1.75174
1.75115
1.7507
1.75045
1.7504
1.75048
1.75061
1.75068
1.75056
1.75018
1.7495
1.7486
1.74767
1.747
1.74692
1.7477
1.74942
1.7519
1.75474
1.75732
1.75893
1.75885
1.75641
1.75103
1.74254
1.73146
1.71949
1.70945
1.70426
1.70524
1.71121
1.71934
1.72691
1.73237
1.73541
1.73645
1.73617
1.73517
1.73382
1.73227
1.73051
1.72855
1.72645
1.72447
1.72304
1.72268
1.72388
1.72692
1.73177
1.73807
1.74527
1.75274
1.75995
1.76647
1.77206
1.77661
1.78013
1.78268
1.78436
1.78526
1.78549
1.78511
1.78415
1.78263
1.78053
1.77781
1.77446
1.77049
1.76599
1.76119
1.75646
1.75228
1.74915
1.74746
1.74736
1.7487
1.75113
1.75422
1.75759
1.76099
1.76427
1.76739
1.77032
1.77306
1.77555
1.77773
1.77955
1.78094
1.78188
1.78235
1.78236
1.78193
1.78111
1.77993
1.77841
1.77657
1.77441
1.77189
1.769
1.76569
1.76194
1.7578
1.75335
1.74873
1.74415
1.73984
1.73602
1.73292
1.73072
1.72955
1.72951
1.73064
1.73287
1.73605
1.73991
1.74413
1.74837
1.75232
1.75574
1.75847
1.76045
1.76168
1.76223
1.76223
1.76182
1.76122
1.76061
1.76018
1.76007
1.76037
1.7611
1.76219
1.76354
1.76498
1.76634
1.76744
1.76815
1.76834
1.76793
1.7669
1.76525
1.76303
1.76032
1.75723
1.75382
1.75015
1.74625
1.74215
1.738
1.7341
1.73098
1.72927
1.72955
1.73199
1.73625
1.74153
1.74687
1.75144
1.7547
1.75647
1.75679
1.75587
1.75397
1.75138
1.74831
1.74496
1.74143
1.73784
1.73428
1.73088
1.72786
1.72547
1.72402
1.72375
1.72475
1.72693
1.72995
1.73336
1.73663
1.73939
1.74144
1.74281
1.74373
1.74451
1.74549
1.74688
1.74877
1.75111
1.75373
1.75646
1.7591
1.76152
1.76363
1.7654
1.76679
1.76783
1.76853
1.76893
1.76905
1.76894
1.76863
1.76819
1.76766
1.76711
1.76661
1.76621
1.76597
1.76595
1.76615
1.76659
1.76725
1.76809
1.76907
1.77013
1.77123
1.77231
1.77336
1.77436
1.77531
1.77621
1.77707
1.77794
1.77881
1.7797
1.78062
1.78157
1.78255
1.78353
1.78452
1.7855
1.78647
1.78741
1.78833
1.78919
1.78998
1.79065
1.79115
1.79142
1.79143
1.79113
1.79052
1.78963
1.78857
1.78751
1.78669
1.78639
1.78688
1.78834
1.79084
1.79424
1.79828
1.80262
1.80693
1.81094
1.81446
1.81742
1.81981
1.8217
1.82317
1.82431
1.82518
1.82581
1.82622
1.82639
1.82627
1.82584
1.82509
1.82404
1.82273
1.82123
1.81961
1.81795
1.81626
1.81456
1.81284
1.81106
1.80919
1.80719
1.805
1.80261
1.80001
1.79724
1.79439
1.79162
1.78909
1.78699
1.78543
1.78444
1.78393
1.78377
1.78385
1.78417
1.78485
1.78606
1.78798
1.79064
1.79393
1.79759
1.80134
1.80493
1.80817
1.81098
1.81331
1.81517
1.81658
1.81758
1.81819
1.81847
1.81844
1.81816
1.81766
1.81699
1.8162
1.81531
1.81437
1.81342
1.8125
1.81165
1.81092
1.81034
1.80994
1.80973
1.80971
1.80982
1.80997
1.81003
1.80979
1.80899
1.80728
1.80425
1.79947
1.79257
1.78351
1.77291
1.76241
1.75456
1.75193
1.75569
1.76485
1.77694
1.78938
1.80043
1.8093
1.81584
1.82016
1.82246
1.82285
1.82138
1.81798
1.81256
1.80501
1.79537
1.78401
1.77181
1.7604
1.75196
1.74854
1.75109
1.75891
1.76997
1.78199
1.79319
1.80262
1.81001
1.81547
1.81927
1.82175
1.82317
1.82376
1.82366
1.82296
1.82163
1.81958
1.81661
1.81243
1.80669
1.7991
1.7896
1.77867
1.76765
1.7587
1.7541
1.75508
1.7611
1.77022
1.78022
1.78951
1.79733
1.80357
1.80842
1.81219
1.81514
1.81747
1.8193
1.82067
1.82159
1.82207
1.82216
1.82195
1.82159
1.8213
1.82129
1.82174
1.82276
1.82438
1.82653
1.82909
1.8319
1.8348
1.83768
1.84044
1.84302
1.84538
1.8475
1.84936
1.85095
1.85225
1.85325
1.85392
1.85423
1.85414
1.85359
1.85251
1.85082
1.8484
1.84511
1.84078
1.83523
1.82835
1.82013
1.81087
1.8012
1.79211
1.78478
1.78024
1.77901
1.78094
1.78535
1.79126
1.79773
1.80394
1.80935
1.81357
1.81644
1.81794
1.81815
1.8172
1.8153
1.81264
1.80946
1.80603
1.80265
1.79969
1.79755
1.79657
1.79697
1.7988
1.80189
1.80593
1.81054
1.81537
1.82009
1.82449
1.82842
1.83178
1.83453
1.83667
1.83819
1.83911
1.83947
1.83929
1.83863
1.83753
1.83607
1.83434
1.83243
1.83047
1.82859
1.82693
1.82559
1.82465
1.8241
1.82391
1.82398
1.8242
1.82443
1.82456
1.82451
1.82425
1.82381
1.82325
1.82266
1.82213
1.82169
1.82131
1.82081
1.81993
1.81834
1.81571
1.81182
1.80668
1.80058
1.79414
1.78817
1.78343
1.78036
1.77895
1.77877
1.77924
1.77987
1.78039
1.78078
1.78114
1.78152
1.78189
1.78211
1.78198
1.78143
1.78057
1.77973
1.77933
1.77977
1.7812
1.78347
1.7862
1.78892
1.79126
1.79302
1.7942
1.79495
1.79548
1.796
1.79667
1.79762
1.79888
1.80045
1.80231
1.8044
1.80664
1.80894
1.81116
1.81316
1.81477
1.8158
1.81608
1.81541
1.81364
1.81063
1.80632
1.80073
1.79399
1.7864
1.77834
1.77033
1.76292
1.75672
1.75231
1.75023
1.75077
1.75396
1.75944
1.76657
1.7746
1.78281
1.79064
1.79772
1.80387
1.80901
1.81314
1.81631
1.81852
1.81976
1.81996
1.81903
1.8168
1.81315
1.80794
1.80122
1.79323
1.78456
1.77613
1.76902
1.76415
1.76194
1.7622
1.76431
1.76756
1.77141
1.77554
1.77979
1.78406
1.78821
1.79206
1.7954
1.79799
1.79968
1.80037
1.80003
1.79874
1.79664
1.79396
1.79096
1.78795
1.78524
1.78307
1.78165
1.78102
1.78117
1.78195
1.78315
1.78457
1.78601
1.78738
1.78863
1.7898
1.79096
1.79218
1.79347
1.79483
1.79617
1.7974
1.79838
1.79901
1.79917
1.79878
1.79778
1.79612
1.79378
1.79077
1.78713
1.78297
1.77851
1.77407
1.77011
1.76711
1.76547
1.76538
1.76671
1.76907
1.77187
1.7745
1.77645
1.7773
1.77681
1.77487
1.77151
1.76697
1.76165
1.75614
1.75109
1.74709
1.74444
1.7431
1.74275
1.74294
1.74331
1.74363
1.74381
1.7439
1.74396
1.74402
1.74409
1.74414
1.74415
1.74414
1.7442
1.74445
1.745
1.74591
1.74715
1.74855
1.74988
1.75084
1.75117
1.75065
1.74915
1.74665
1.74325
1.73923
1.73495
1.73092
1.72763
1.72543
1.72451
1.72478
1.72599
1.72781
1.72993
1.73212
1.73421
1.73613
1.73781
1.73922
1.74034
1.74115
1.74162
1.74174
1.7415
1.74089
1.73989
1.73851
1.73676
1.73464
1.73218
1.72942
1.72644
1.72334
1.72024
1.71729
1.71464
1.7124
1.71069
1.70954
1.70895
1.70885
1.70915
1.70974
1.71051
1.71134
1.71215
1.71281
1.71321
1.71322
1.71266
1.71136
1.70912
1.70578
1.70125
1.69552
1.6888
1.68154
1.67455
1.66889
1.66577
1.66609
1.67008
1.6771
1.68591
1.6951
1.70349
1.71031
1.71514
1.7178
1.71822
1.71637
1.71229
1.70619
1.69862
1.69063
1.68373
1.67952
1.67901
1.68212
1.68776
1.69442
1.7008
1.70615
1.71017
1.71292
1.71459
1.71543
1.71563
1.71535
1.71472
1.71379
1.71261
1.71121
1.70961
1.70786
1.70601
1.70418
1.70249
1.70111
1.70023
1.69996
1.70038
1.70147
1.70312
1.70516
1.70739
1.70962
1.71169
1.7135
1.715
1.71619
1.71706
1.71766
1.718
1.71805
1.71777
1.71701
1.71561
1.71334
1.71003
1.70559
1.70018
1.6943
1.68874
1.68442
1.68203
1.68169
1.68295
1.68499
1.68702
1.68849
1.68918
1.68915
1.68865
1.68808
1.68787
1.68849
1.69024
1.69325
1.69743
1.7025
1.70812
1.71395
1.71971
1.7252
1.73033
1.73501
1.73921
1.7429
1.74606
1.74867
1.7507
1.75214
1.75297
1.75318
1.75275
1.75169
1.75001
1.74774
1.74495
1.74175
1.73826
1.73467
1.73116
1.7279
1.72504
1.72265
1.72074
1.71929
1.71826
1.71762
1.71737
1.7175
1.71804
1.71897
1.72025
1.72176
1.72337
1.72491
1.72619
1.72711
1.72762
1.72779
1.72778
1.7278
1.72804
1.72865
1.72964
1.73098
1.73254
1.73418
1.73571
1.73692
1.73754
1.73735
1.7362
1.73411
1.73125
1.72793
1.72448
1.72112
1.71785
1.71457
1.71116
1.70769
1.70454
1.70226
1.70137
1.70207
1.70417
1.70716
1.71048
1.71368
1.71651
1.71892
1.72096
1.72273
1.72433
1.72583
1.72726
1.72861
1.72985
1.73095
1.73185
1.7325
1.73288
1.73294
1.73267
1.73205
1.73106
1.72969
1.72795
1.72585
1.72342
1.7207
1.71777
1.71475
1.71179
1.70907
1.7068
1.70518
1.70436
1.70446
1.70547
1.70731
1.70979
1.71263
1.7155
1.71804
1.71987
1.72063
1.72
1.71772
1.71369
1.70803
1.70118
1.69391
1.68724
1.68214
1.67926
1.67869
1.68008
1.68291
1.6867
1.69107
1.69564
1.70002
1.70388
1.70704
1.70955
1.71168
1.71378
1.71615
1.71895
1.72209
1.72528
1.72807
1.72983
1.72982
1.72723
1.72133
1.71188
1.69977
1.68765
1.67964
1.67918
1.68664
1.69901
1.71218
1.72325
1.7311
1.73585
1.73815
1.73875
1.73828
1.73726
1.73608
1.73504
1.73433
1.73408
1.73436
1.73516
1.73642
1.73804
1.73993
1.74199
1.74413
1.74629
1.74846
1.75059
1.75269
1.75474
1.75674
1.75866
1.76049
1.76218
1.76368
1.76494
1.76587
1.7664
1.76641
1.76578
1.76441
1.76216
1.75895
1.75474
1.74964
1.7439
1.73801
1.73266
1.72861
1.72651
1.72666
1.72888
1.73258
1.73698
1.7413
1.745
1.74775
1.74945
1.75017
1.75004
1.74924
1.74798
1.74652
1.7452
1.7444
1.74451
1.7458
1.74829
1.75174
1.75574
1.75983
1.76366
1.76704
1.76997
1.77255
1.77494
1.77728
1.77963
1.78193
1.78401
1.78554
1.78609
1.78511
1.78207
1.77663
1.76899
1.7603
1.75278
1.7491
1.751
1.75813
1.76831
1.77888
1.78793
1.79463
1.79893
1.80118
1.80183
1.8013
1.79992
1.79793
1.79552
1.79281
1.78991
1.78693
1.78396
1.78108
1.7784
1.77599
1.77394
1.77229
1.77109
1.77033
1.77001
1.77008
1.77049
1.7712
1.77213
1.77325
1.77453
1.77593
1.77744
1.77907
1.78078
1.78258
1.78444
1.78633
1.78822
1.79007
1.79183
1.79347
1.79493
1.79616
1.79714
1.79782
1.79816
1.79813
1.79771
1.79689
1.7957
1.79418
1.79239
1.79046
1.78849
1.78661
1.78494
1.78353
1.78241
1.78157
1.78098
1.78063
1.78052
1.78066
1.78104
1.78158
1.78212
1.78241
1.7822
1.78129
1.77971
1.77781
1.77626
1.77588
1.77733
1.78078
1.78584
1.79166
1.79736
1.80218
1.80568
1.80766
1.80811
1.80715
1.80494
1.80171
1.79775
1.79342
1.78909
1.78519
1.78202
1.77978
1.7784
1.77763
1.77702
1.77611
1.77455
1.77229
1.76962
1.76719
1.76574
1.76587
1.76774
1.77108
1.77535
1.78
1.78462
1.78903
1.79318
1.79708
1.8008
1.80434
1.80774
1.811
1.81413
1.81716
1.8201
1.82296
1.82576
1.82849
1.83115
1.83372
1.83618
1.8385
1.84064
1.84256
1.84421
1.84554
1.84648
1.84697
1.84691
1.84622
1.8448
1.84258
1.83949
1.83555
1.83087
1.82575
1.82072
1.81652
1.81391
1.81344
1.81515
1.81849
1.82254
1.82636
1.82932
1.83118
1.83208
1.83241
1.83261
1.83311
1.83408
1.83543
1.83676
1.83745
1.83682
1.83418
1.82897
1.82088
1.81007
1.79754
1.78526
1.77601
1.77255
1.77656
1.78785
1.80443
1.82347
1.84221
1.85868
1.87174
1.88103
1.88663
1.8889
1.88831
1.88536
1.88058
1.87452
1.86784
1.86131
1.85578
1.85198
1.85033
1.85072
1.85259
1.85517
1.85777
1.8599
1.86135
1.8621
1.86228
1.86202
1.86147
1.86074
1.85991
1.85902
1.85809
1.85714
1.85617
1.85519
1.85423
1.85329
1.85241
1.85158
1.85081
1.85011
1.84945
1.8488
1.8481
1.84729
1.84628
1.84496
1.84322
1.84094
1.83802
1.8344
1.83007
1.82518
1.82
1.81499
1.8107
1.8077
1.80642
1.80696
1.80909
1.8123
1.81595
1.81943
1.82226
1.82415
1.82496
1.8247
1.82348
1.8215
1.81903
1.81641
1.81396
1.81201
1.81076
1.81032
1.81065
1.81157
1.81289
1.81437
1.81584
1.81719
1.81838
1.81943
1.82037
1.82126
1.82215
1.82306
1.82401
1.82497
1.82594
1.82688
1.82777
1.82859
1.82933
1.82998
1.83053
1.83099
1.83133
1.83155
1.83161
1.8315
1.83117
1.83058
1.82969
1.82845
1.82682
1.82477
1.82235
1.8196
1.81666
1.81373
1.811
1.80865
1.80678
1.80534
1.80418
1.80309
1.80192
1.80068
1.79957
1.79894
1.79917
1.80051
1.80298
1.80635
1.81028
1.81444
1.81857
1.82254
1.82629
1.8298
1.83302
1.83589
1.8383
1.84012
1.84122
1.84148
1.84084
1.83935
1.83715
1.83457
1.83205
1.83013
1.82925
1.82966
1.83131
1.83388
1.83691
1.83997
1.8427
1.84491
1.84656
1.84767
1.84834
1.84864
1.84866
1.84842
1.84793
1.84714
1.84599
1.84439
1.84228
1.83959
1.83636
1.83269
1.82881
1.82508
1.82194
1.81982
1.81901
1.81957
1.82128
1.82377
1.82657
1.82928
1.83161
1.83339
1.8346
1.83527
1.83548
1.83535
1.83497
1.83441
1.83369
1.83284
1.83185
1.8307
1.82942
1.82806
1.8267
1.82546
1.82448
1.82387
1.82373
1.82411
1.82503
1.82643
1.82826
1.8304
1.83273
1.83513
1.83749
1.83972
1.84175
1.84354
1.84509
1.84637
1.84742
1.84824
1.84888
1.84934
1.84966
1.84986
1.84996
1.84998
1.84994
1.84986
1.84976
1.84966
1.84959
1.84956
1.84958
1.84965
1.84975
1.84988
1.85
1.85011
1.85019
1.85029
1.85044
1.85076
1.85133
1.85228
1.85371
1.85569
1.8582
1.86116
1.86438
1.86756
1.8703
1.87211
1.87239
1.87053
1.86605
1.85885
1.84967
1.84034
1.83353
1.83153
1.83483
1.8417
1.84936
1.85538
1.85847
1.85835
1.85535
1.85016
1.84354
1.83635
1.82941
1.82354
1.8195
1.81786
1.81897
1.82284
1.82911
1.83717
1.84626
1.85565
1.86476
1.87317
1.88064
1.88704
1.89232
1.89645
1.89942
1.9012
1.90179
1.90115
1.8993
1.89627
1.89217
1.88718
1.88156
1.87563
1.86976
1.86426
1.85932
1.855
1.85122
1.84776
1.84434
1.8407
1.83663
1.83208
1.82712
1.82202
1.81715
1.81298
1.80992
1.8083
1.80829
1.80986
1.81278
1.8167
1.82113
1.82561
1.8297
1.83307
1.83555
1.83707
1.83772
1.83772
1.83737
1.837
1.83694
1.83746
1.83867
1.84053
1.84288
1.84544
1.84789
1.84994
1.85137
1.85199
1.85167
1.85031
1.84786
1.84425
1.83943
1.83343
1.82634
1.8184
1.81004
1.80191
1.7948
1.78947
1.78648
1.78596
1.78761
1.79083
1.79486
1.79901
1.80268
1.80544
1.80694
1.80694
1.80527
1.80187
1.79684
1.79047
1.78334
1.77621
1.76997
1.76533
1.76271
1.76212
1.76329
1.76581
1.76929
1.77338
1.77781
1.78234
1.78676
1.79091
1.79467
1.79796
1.80071
1.8029
1.80454
1.80564
1.80623
1.80632
1.80595
1.80515
1.80394
1.80237
1.80046
1.79827
1.79584
1.79325
1.79059
1.78798
1.78554
1.78342
1.78176
1.78066
1.78015
1.78019
1.78067
1.78142
1.78221
1.78278
1.78287
1.78222
1.78062
1.77794
1.77418
1.76952
1.76434
1.75916
1.75454
1.75097
1.74884
1.74836
1.74964
1.75261
1.75702
1.76238
1.76806
1.77339
1.77779
1.78087
1.78247
1.78265
1.78167
1.77998
1.77808
1.77643
1.77537
1.77501
1.77522
1.77578
1.77639
1.77687
1.7771
1.7771
1.77699
1.77691
1.777
1.77739
1.77816
1.77932
1.78085
1.78265
1.78465
1.78672
1.78877
1.79072
1.79248
1.79402
1.79528
1.79624
1.79688
1.79717
1.7971
1.79663
1.79575
1.79441
1.79258
1.79023
1.78731
1.78379
1.77963
1.7748
1.76935
1.76341
1.75732
1.75167
1.7473
1.74517
1.74597
1.74985
1.75623
1.76403
1.77203
1.77923
1.78499
1.78903
1.7914
1.79232
1.79219
1.79148
1.79071
1.79036
1.79083
1.7923
1.79479
1.79808
1.80182
1.80559
1.80895
1.81148
1.81287
1.81283
1.81117
1.80776
1.80257
1.79572
1.78754
1.77865
1.76992
1.76245
1.75727
1.75512
1.75616
1.75992
1.76546
1.77174
1.77785
1.78323
1.7876
1.79093
1.79334
1.79497
1.79599
1.79654
1.79671
1.79655
1.79609
1.79533
1.79428
1.79296
1.79139
1.7896
1.78767
1.78564
1.78356
1.78149
1.77943
1.77736
1.77528
1.77313
1.77086
1.76842
1.76579
1.76294
1.75985
1.75657
1.75317
1.74975
1.74652
1.74371
1.74158
1.74041
1.74038
1.74154
1.74379
1.74688
1.75047
1.75421
1.75777
1.76091
1.76347
1.76537
1.76657
1.76707
1.76689
1.76603
1.76449
1.76221
1.75913
1.75515
1.75014
1.74402
1.73675
1.72849
1.71969
1.71112
1.70386
1.69894
1.697
1.69799
1.70118
1.70562
1.71045
1.71511
1.7194
1.72327
1.72676
1.72984
1.73247
1.73453
1.73594
1.73661
1.73652
1.73568
1.73417
1.73213
1.72974
1.72726
1.72496
1.72306
1.72171
1.72085
1.72025
1.71947
1.71796
1.71515
1.71065
1.70443
1.69702
1.68962
1.68389
1.68138
1.68276
1.68754
1.69444
1.70208
1.70943
1.71598
1.72155
1.72615
1.72988
1.73281
1.73498
1.73645
1.73723
1.73733
1.73677
1.73553
1.73364
1.73114
1.72811
1.7247
1.72114
1.71771
1.71473
1.71248
1.71114
1.71075
1.7112
1.71229
1.71378
1.71548
1.71725
1.71903
1.72081
1.72264
1.72455
1.72657
1.72872
1.73098
1.73329
1.73561
1.73785
1.73998
1.74192
1.74366
1.74518
1.74648
1.74759
1.74853
1.74935
1.75009
1.75078
1.75147
1.75219
1.75298
1.75387
1.75488
1.75605
1.75738
1.75886
1.76047
1.76216
1.76386
1.76551
1.76705
1.76842
1.76962
1.77064
1.77151
1.7723
1.77306
1.77388
1.77483
1.77597
1.77735
1.77902
1.78099
1.78324
1.78573
1.78835
1.79102
1.79359
1.79593
1.79793
1.79947
1.80047
1.8009
1.80076
1.80014
1.79914
1.79797
1.79684
1.796
1.79566
1.79597
1.79698
1.79863
1.80078
1.80324
1.80584
1.80847
1.81106
1.81362
1.81619
1.81877
1.82131
1.82372
1.82582
1.82747
1.8286
1.82924
1.82958
1.82994
1.83072
1.83225
1.83477
1.83833
1.84276
1.84776
1.85292
1.85785
1.86218
1.86566
1.8681
1.86941
1.86959
1.86866
1.86673
1.86396
1.86056
1.85679
1.85294
1.84931
1.84609
1.84337
1.84102
1.83869
1.83578
1.83134
1.82415
1.81287
1.79692
1.77802
1.76166
1.75557
1.76386
1.78303
1.80524
1.82432
1.83798
1.84645
1.85087
1.85237
1.85181
1.84974
1.84659
1.84267
1.83833
1.83393
1.82992
1.82671
1.82458
1.82362
1.82369
1.82448
1.82561
1.82673
1.82755
1.8279
1.82767
1.8268
1.82521
1.82285
1.81964
1.81556
1.81062
1.80494
1.79873
1.7923
1.78596
1.77992
1.77422
1.76876
1.76336
1.75795
1.7526
1.74763
1.74346
1.74056
1.73927
1.73972
1.74182
1.74529
1.74975
1.75482
1.76018
1.76558
1.77086
1.77586
1.78049
1.78463
1.78821
1.79121
1.79362
1.79551
1.79693
1.79798
1.79874
1.79927
1.79961
1.79975
1.79963
1.79915
1.79817
1.79654
1.79412
1.7909
1.78701
1.78283
1.77896
1.77611
1.77484
1.77534
1.77735
1.78026
1.7833
1.78583
1.78735
1.78756
1.78628
1.78348
1.77926
1.77401
1.76844
1.76355
1.7604
1.75972
1.76169
1.76591
1.7716
1.77795
1.78427
1.79007
1.79498
1.79869
1.80097
1.80163
1.80061
1.798
1.79413
1.78958
1.78515
1.7817
1.77994
1.78021
1.78239
1.78604
1.79056
1.79542
1.80024
1.80483
1.8091
1.81304
1.81664
1.81985
1.8226
1.82478
1.82628
1.82697
1.82677
1.82562
1.82352
1.82053
1.81679
1.81255
1.80814
1.80391
1.80022
1.79733
1.79535
1.79423
1.79378
1.79376
1.79394
1.79414
1.79426
1.79427
1.79419
1.79407
1.79401
1.79407
1.79431
1.79479
1.79552
1.79648
1.79762
1.79888
1.80016
1.80133
1.80228
1.80283
1.80285
1.80216
1.8006
1.79802
1.79436
1.78961
1.78395
1.77769
1.7713
1.76527
1.76
1.75568
1.75228
1.74963
1.74753
1.74581
1.74439
1.74332
1.74281
1.7432
1.74482
1.74785
1.75218
1.7575
1.76335
1.76928
1.77496
1.78014
1.78473
1.78866
1.79196
1.79464
1.79676
1.79837
1.79951
1.80026
1.80067
1.80079
1.80067
1.80035
1.79988
1.79929
1.79862
1.79789
1.79713
1.79636
1.7956
1.79487
1.79419
1.79357
1.79303
1.7926
1.79229
1.79211
1.79209
1.79223
1.79256
1.79306
1.79374
1.79458
1.79557
1.79667
1.79786
1.79908
1.80031
1.80147
1.80254
1.80346
1.8042
1.80472
1.80501
1.80506
1.80487
1.80447
1.80389
1.80317
1.80236
1.80149
1.80061
1.79976
1.79902
1.79847
1.79825
1.79853
1.79945
1.80108
1.80337
1.8061
1.80897
1.81167
1.81397
1.81583
1.8174
1.81898
1.82085
1.82321
1.82603
1.82908
1.83199
1.83438
1.83592
1.83642
1.83578
1.83402
1.83117
1.82731
1.82254
1.81699
1.81085
1.80448
1.79839
1.79326
1.78982
1.78868
1.79012
1.79399
1.79971
1.80649
1.81347
1.81992
1.82531
1.82932
1.83182
1.83285
1.83255
1.83116
1.829
1.82648
1.82405
1.82216
1.82113
1.82116
1.82218
1.82392
1.82593
1.82772
1.82883
1.82891
1.82776
1.82531
1.82165
1.81702
1.81186
1.80677
1.80248
1.79973
1.79908
1.80072
1.80443
1.80962
1.81553
1.82138
1.82655
1.83062
1.83333
1.83456
1.83431
1.83262
1.82959
1.82533
1.81991
1.81337
1.80567
1.7967
1.78642
1.77505
1.76338
1.7529
1.74555
1.74306
1.74612
1.75408
1.76527
1.77764
1.78948
1.79968
1.80774
1.81362
1.8175
1.81965
1.82033
1.81976
1.81809
1.81545
1.81194
1.80767
1.80273
1.79724
1.79139
1.7854
1.77953
1.77412
1.76947
1.76588
1.7635
1.76235
1.76229
1.76308
1.76441
1.76601
1.76769
1.76932
1.77086
1.77234
1.77378
1.7752
1.77661
1.77797
1.77923
1.7803
1.7811
1.78151
1.78141
1.78072
1.77937
1.77735
1.77474
1.77169
1.76838
1.76501
1.76173
1.7586
1.75559
1.75258
1.74946
1.74615
1.74276
1.73966
1.73739
1.73656
1.7376
1.74057
1.74515
1.75074
1.75671
1.76252
1.76781
1.77237
1.77615
1.77914
1.78141
1.78305
1.78415
1.78478
1.78503
1.78497
1.78466
1.78415
1.78347
1.78267
1.78176
1.78077
1.77972
1.77863
1.77751
1.77639
1.77528
1.7742
1.77315
1.77212
1.7711
1.77
1.76875
1.76719
1.76518
1.76254
1.75912
1.75485
1.7498
1.74422
1.73859
1.7335
1.72953
1.72706
1.72611
1.72645
1.72765
1.72936
1.73129
1.73331
1.73538
1.73746
1.73952
1.7415
1.74332
1.74491
1.74622
1.74723
1.74796
1.74844
1.74874
1.74893
1.74905
1.74913
1.74914
1.74902
1.74868
1.74803
1.74704
1.74572
1.74416
1.74256
1.74115
1.74017
1.73977
1.73999
1.74072
1.74176
1.74286
1.7438
1.7444
1.74458
1.74431
1.74366
1.7427
1.74157
1.74041
1.73934
1.73851
1.73802
1.73795
1.73834
1.73917
1.74039
1.74188
1.74353
1.74518
1.74664
1.74775
1.7483
1.7481
1.74692
1.74458
1.74091
1.73594
1.72992
1.72353
1.71782
1.71404
1.71315
1.71539
1.72016
1.72631
1.73269
1.73842
1.74306
1.74647
1.74871
1.74991
1.75018
1.74964
1.74831
1.74622
1.74334
1.73969
1.73533
1.73047
1.72545
1.72081
1.71718
1.71508
1.71482
1.71633
1.71922
1.72291
1.72688
1.73071
1.73419
1.73723
1.73986
1.74217
1.74425
1.74617
1.74799
1.74975
1.75144
1.75302
1.75442
1.75555
1.75624
1.75632
1.75555
1.75367
1.75037
1.74536
1.7384
1.72939
1.71854
1.70657
1.69476
1.68492
1.67878
1.67732
1.6803
1.68642
1.69405
1.70173
1.70856
1.71406
1.71812
1.7209
1.72279
1.72437
1.7263
1.72918
1.73337
1.73885
1.74523
1.75196
1.75845
1.76425
1.76907
1.77279
1.77538
1.7769
1.77741
1.777
1.77573
1.77368
1.77094
1.76765
1.76398
1.7602
1.75662
1.75359
1.75143
1.75034
1.75035
1.7513
1.75291
1.75483
1.75671
1.75827
1.75929
1.75963
1.75922
1.75804
1.75611
1.75354
1.75045
1.74701
1.74339
1.73973
1.73614
1.7327
1.72943
1.72642
1.72382
1.72191
1.72107
1.72164
1.7238
1.7274
1.73201
1.73699
1.74173
1.74581
1.74903
1.7514
1.75309
1.75433
1.75533
1.75626
1.75719
1.75813
1.75902
1.75979
1.76034
1.76057
1.76035
1.75955
1.758
1.75553
1.75196
1.74722
1.74144
1.73509
1.72908
1.72456
1.7226
1.72366
1.7274
1.73282
1.73874
1.74422
1.74871
1.75206
1.75431
1.75562
1.75618
1.75618
1.75576
1.75503
1.75413
1.75315
1.75222
1.75147
1.75106
1.75113
1.75179
1.75308
1.75494
1.75723
1.75974
1.76224
1.76447
1.76625
1.76739
1.76779
1.76733
1.76595
1.76361
1.76026
1.75591
1.75065
1.74463
1.73815
1.73166
1.72574
1.72107
1.7183
1.71799
1.72042
1.72552
1.73291
1.7419
1.75169
1.76145
1.7705
1.77832
1.7846
1.78918
1.79207
1.79335
1.7932
1.79183
1.78955
1.7867
1.78367
1.78083
1.77849
1.77686
1.77597
1.77567
1.77573
1.77582
1.77566
1.77498
1.77361
1.77146
1.76849
1.76474
1.76032
1.7554
1.75019
1.74502
1.74024
1.73624
1.7334
1.73204
1.73232
1.73424
1.73761
1.74213
1.74737
1.75291
1.75834
1.76336
1.76772
1.77127
1.77396
1.77581
1.7769
1.77734
1.77726
1.77676
1.77588
1.77457
1.77269
1.77004
1.76644
1.76181
1.7563
1.75029
1.74444
1.73939
1.73553
1.73279
1.73067
1.72856
1.72604
1.7232
1.72053
1.7187
1.71818
1.71904
1.72088
1.72313
1.72526
1.72694
1.72805
1.72868
1.72897
1.72906
1.72906
1.72897
1.72873
1.72828
1.72755
1.72656
1.72537
1.72411
1.72292
1.72194
1.72125
1.72088
1.7208
1.72091
1.72105
1.72104
1.72066
1.71971
1.718
1.71538
1.71184
1.70755
1.70296
1.69882
1.69605
1.69547
1.69742
1.70163
1.70732
1.71351
1.71932
1.72418
1.72778
1.73005
1.73101
1.73077
1.72945
1.72717
1.72409
1.72035
1.71617
1.71183
1.70771
1.70429
1.70207
1.70146
1.70261
1.70536
1.70925
1.71367
1.71801
1.7218
1.72475
1.72673
1.72777
1.72797
1.72748
1.7265
1.72523
1.72387
1.7226
1.7216
1.721
1.72092
1.72141
1.72249
1.72414
1.72626
1.72874
1.73141
1.7341
1.73661
1.73878
1.74043
1.74145
1.74172
1.74118
1.73979
1.73754
1.73447
1.73064
1.72619
1.72133
1.71634
1.71161
1.70758
1.70475
1.70355
1.70431
1.70717
1.71202
1.71851
1.72611
1.73419
1.74212
1.74935
1.7554
1.75991
1.76261
1.76333
1.76195
1.75845
1.75291
1.74556
1.73682
1.72738
1.71817
1.71031
1.705
1.70319
1.70536
1.71128
1.72012
1.73069
1.74174
1.75227
1.76159
1.7693
1.77526
1.77946
1.78201
1.78304
1.78268
1.78106
1.77828
1.77442
1.76955
1.76377
1.75725
1.75028
1.74334
1.73704
1.73206
1.7289
1.72774
1.72837
1.73028
1.73289
1.73566
1.73828
1.7406
1.74263
1.74443
1.74613
1.74787
1.74975
1.75189
1.75436
1.75718
1.76034
1.76379
1.76746
1.77123
1.77502
1.77871
1.78221
1.78543
1.78826
1.79062
1.79239
1.79345
1.79368
1.79294
1.79109
1.78807
1.78393
1.77886
1.77333
1.76797
1.76348
1.76037
1.75879
1.75851
1.75903
1.75988
1.76082
1.76186
1.76321
1.76515
1.76788
1.77146
1.77577
1.78055
1.78545
1.79009
1.79411
1.79715
1.79889
1.79903
1.79727
1.79343
1.78757
1.78015
1.77225
1.76541
1.76114
1.76016
1.762
1.76525
1.76835
1.77024
1.77053
1.76942
1.76739
1.765
1.76279
1.76115
1.76035
1.76047
1.76147
1.76317
1.76531
1.76765
1.76994
1.77207
1.77403
1.77588
1.7778
1.77993
1.78241
1.78526
1.78843
1.79176
1.79506
1.79811
1.80077
1.80294
1.80457
1.80568
1.80631
1.80646
1.80611
1.80514
1.80342
1.80077
1.79709
1.79235
1.78674
1.78062
1.77458
1.76932
1.76546
1.76337
1.7631
1.76434
1.76661
1.76929
1.77184
1.77378
1.77475
1.77454
1.77302
1.77018
1.76606
1.76081
1.75477
1.74855
1.74316
1.73989
1.73984
1.74333
1.74968
1.75746
1.76515
1.77165
1.77639
1.77927
1.7805
1.78041
1.77941
1.77787
1.77615
1.77451
1.77313
1.77206
1.77129
1.77072
1.77027
1.76984
1.76937
1.7688
1.76811
1.76726
1.76625
1.76511
1.76393
1.76286
1.76209
1.76177
1.76203
1.76287
1.76417
1.76576
1.76743
1.76898
1.77022
1.77104
1.77135
1.77109
1.77023
1.76873
1.7666
1.76388
1.76061
1.75691
1.75292
1.74881
1.7448
1.7411
1.73794
1.73549
1.73391
1.73327
1.73356
1.73471
1.73659
1.73899
1.74173
1.74459
1.7474
1.75001
1.7523
1.75422
1.75574
1.7569
1.75776
1.75845
1.75909
1.75984
1.76081
1.76208
1.76368
1.76557
1.76768
1.76991
1.77213
1.77425
1.77621
1.77794
1.77944
1.78069
1.78173
1.78257
1.78326
1.78384
1.78436
1.78487
1.78542
1.78605
1.78678
1.78763
1.78861
1.78968
1.79082
1.79197
1.79309
1.7941
1.79494
1.79554
1.79582
1.79573
1.79521
1.79424
1.79284
1.79111
1.78924
1.78753
1.7863
1.78587
1.7864
1.78787
1.79003
1.79249
1.79486
1.79673
1.79781
1.79787
1.79671
1.79418
1.79023
1.78498
1.77896
1.77322
1.76924
1.76843
1.77145
1.77775
1.78587
1.79413
1.80123
1.80652
1.80993
1.81179
1.8126
1.81287
1.81306
1.81348
1.8143
1.81559
1.81736
1.81962
1.82237
1.82559
1.82923
1.83308
1.83677
1.83977
1.84143
1.84111
1.83829
1.83269
1.8244
1.81394
1.80234
1.7911
1.78203
1.77685
1.77665
1.78143
1.79011
1.80094
1.81223
1.82274
1.83178
1.83916
1.84491
1.84923
1.85238
1.8546
1.85612
1.85711
1.85775
1.85812
1.85832
1.85837
1.8583
1.85812
1.85783
1.85744
1.85693
1.85632
1.85561
1.85481
1.85394
1.85299
1.852
1.85095
1.84987
1.84874
1.84756
1.84634
1.84506
1.84375
1.84243
1.84112
1.83987
1.83873
1.83773
1.83689
1.83621
1.83566
1.8352
1.83481
1.83444
1.83409
1.83375
1.83346
1.83325
1.83315
1.83321
1.83342
1.8338
1.83431
1.83491
1.83556
1.8362
1.83677
1.83724
1.83758
1.8378
1.8379
1.83791
1.83788
1.83785
1.83786
1.83796
1.83817
1.8385
1.83895
1.83951
1.84015
1.84082
1.84148
1.84206
1.84248
1.84261
1.84232
1.84142
1.83971
1.83698
1.83306
1.82791
1.82166
1.81469
1.80755
1.80084
1.79497
1.79006
1.78599
1.78254
1.77959
1.77698
1.77449
1.77185
1.76906
1.76676
1.76621
1.76865
1.7744
1.78254
1.79145
1.79968
1.80642
1.81149
1.8151
1.81759
1.81926
1.82032
1.8209
1.82107
1.82089
1.82039
1.81962
1.81862
1.81746
1.8162
1.81493
1.8137
1.81257
1.81157
1.81071
1.80997
1.80929
1.8086
1.80782
1.80686
1.80564
1.80411
1.80225
1.80008
1.79767
1.79515
1.79271
1.79057
1.78899
1.7882
1.78836
1.78952
1.7916
1.79444
1.79778
1.8014
1.80508
1.80867
1.81206
1.81518
1.81801
1.82052
1.82272
1.8246
1.82619
1.82753
1.82865
1.82962
1.83051
1.8314
1.83235
1.83343
1.83465
1.83603
1.83751
1.839
1.8404
1.84152
1.84219
1.84219
1.84137
1.83958
1.83684
1.83334
1.82951
1.826
1.82356
1.82279
1.82391
1.82668
1.83051
1.83469
1.83859
1.84181
1.84418
1.8457
1.84652
1.84684
1.84692
1.84701
1.84729
1.8479
1.84885
1.85004
1.85133
1.85248
1.85328
1.8535
1.85292
1.85132
1.84846
1.84409
1.83795
1.82983
1.81973
1.80804
1.79582
1.78489
1.77751
1.77544
1.77898
1.78675
1.79646
1.80603
1.81411
1.82009
1.82378
1.82507
1.82374
1.81948
1.81211
1.80206
1.79088
1.78133
1.77653
1.77823
1.78578
1.7968
1.80873
1.8199
1.82956
1.83758
1.84405
1.84912
1.85298
1.85579
1.85774
1.85898
1.85964
1.85982
1.85957
1.85888
1.85772
1.85602
1.85368
1.85065
1.84689
1.84248
1.8376
1.83256
1.82777
1.8236
1.82031
1.8179
1.81612
1.81458
1.81286
1.81071
1.80808
1.80516
1.8022
1.79947
1.79708
1.7949
1.79267
1.79013
1.78739
1.78507
1.78435
1.78637
1.79156
1.79929
1.8081
1.81642
1.82316
1.82783
1.83048
1.83144
1.83118
1.83011
1.82858
1.82676
1.82468
1.82229
1.81945
1.81604
1.81196
1.80713
1.80146
1.79491
1.7875
1.77935
1.77077
1.76231
1.75469
1.74875
1.74523
1.74463
1.74702
1.75198
1.75869
1.76616
1.77341
1.77969
1.78458
1.78794
1.78987
1.79062
1.79048
1.78972
1.78853
1.78696
1.785
1.78263
1.77989
1.77702
1.77437
1.77243
1.77156
1.77194
1.77343
1.77564
1.77809
1.78033
1.78206
1.78315
1.78357
1.78339
1.78272
1.78168
1.78039
1.77894
1.77744
1.77598
1.77464
1.77352
1.77268
1.77219
1.77207
1.77232
1.7729
1.77373
1.77474
1.77583
1.77691
1.7779
1.77873
1.77938
1.77982
1.78002
1.77997
1.77966
1.77908
1.77818
1.77691
1.7752
1.77296
1.77012
1.76661
1.76247
1.7579
1.75328
1.74923
1.74645
1.74554
1.74675
1.74985
1.75424
1.75916
1.76395
1.76814
1.77152
1.77403
1.77577
1.77687
1.77747
1.7777
1.77767
1.77745
1.77708
1.77656
1.77585
1.77489
1.77356
1.7717
1.76911
1.76553
1.76069
1.7544
1.7467
1.73811
1.72975
1.72319
1.7199
1.72062
1.72511
1.73241
1.74142
1.75123
1.76115
1.77064
1.77925
1.78664
1.79262
1.79711
1.80014
1.80186
1.80246
1.8022
1.80134
1.80015
1.79886
1.79764
1.7966
1.79577
1.79511
1.79457
1.79405
1.79347
1.79276
1.79189
1.79083
1.78958
1.78815
1.78659
1.78493
1.78323
1.78154
1.77993
1.77841
1.77699
1.77563
1.77424
1.77272
1.77093
1.76881
1.76637
1.76379
1.76138
1.75956
1.75871
1.75901
1.7604
1.76257
1.7651
1.76764
1.76994
1.77194
1.77368
1.77529
1.77686
1.77846
1.78014
1.78185
1.78355
1.78517
1.78663
1.78785
1.78873
1.7892
1.78915
1.78848
1.78704
1.7847
1.78133
1.77686
1.77133
1.76505
1.7586
1.75288
1.74891
1.74748
1.74881
1.75246
1.75757
1.76324
1.7688
1.77393
1.77855
1.78276
1.7867
1.79046
1.79409
1.79756
1.8008
1.80372
1.80619
1.80811
1.80941
1.81004
1.80998
1.80928
1.808
1.80623
1.80406
1.80155
1.79873
1.7956
1.79217
1.78852
1.78481
1.7814
1.77874
1.77733
1.77763
1.77989
1.78412
1.79002
1.7971
1.80477
1.81241
1.81952
1.82569
1.83063
1.83419
1.83633
1.83711
1.83667
1.8352
1.83289
1.82988
1.82621
1.82184
1.81663
1.81045
1.8032
1.79491
1.78582
1.77642
1.76756
1.76031
1.75579
1.75488
1.75786
1.76431
1.77326
1.78344
1.79356
1.80263
1.80999
1.81542
1.8191
1.82149
1.82323
1.82494
1.82709
1.82985
1.83314
1.83668
1.84012
1.84315
1.84552
1.84711
1.84784
1.84773
1.84686
1.84535
1.8434
1.84121
1.83902
1.837
1.83526
1.83379
1.83246
1.83109
1.82943
1.82724
1.82427
1.82036
1.81543
1.80957
1.80312
1.79664
1.79087
1.78656
1.78423
1.78403
1.78575
1.78893
1.79306
1.79768
1.80243
1.80703
1.81128
1.81501
1.81812
1.82048
1.82203
1.82272
1.82253
1.82146
1.81956
1.81687
1.81344
1.80931
1.80449
1.799
1.79288
1.78624
1.77931
1.77247
1.76628
1.76134
1.75825
1.75738
1.75884
1.76241
1.7676
1.77382
1.78043
1.7869
1.79276
1.79772
1.80159
1.80428
1.80581
1.80623
1.80566
1.80423
1.8021
1.79943
1.79637
1.79306
1.78965
1.78624
1.78295
1.77991
1.77722
1.775
1.77335
1.77235
1.77204
1.77241
1.77339
1.77486
1.77665
1.77858
1.78048
1.78217
1.78355
1.78449
1.78495
1.78484
1.7841
1.7826
1.78015
1.77649
1.77127
1.76419
1.75518
1.74478
1.73449
1.72678
1.72419
1.72789
1.73689
1.74862
1.76042
1.77054
1.77832
1.78381
1.7874
1.78956
1.79073
1.79124
1.79133
1.79115
1.79078
1.79029
1.7897
1.78905
1.78834
1.78756
1.78665
1.78545
1.78375
1.78119
1.7774
1.77195
1.76454
1.75513
1.74412
1.73247
1.72168
1.71345
1.70913
1.70934
1.71382
1.72171
1.73184
1.74305
1.75425
1.76457
1.77343
1.78052
1.78581
1.78939
1.79147
1.79228
1.79202
1.79087
1.789
1.78653
1.78362
1.78044
1.77721
1.7742
1.77171
1.77001
1.7693
1.76962
1.77089
1.77287
1.77526
1.77777
1.78018
1.78232
1.7841
1.78553
1.78662
1.78743
1.78803
1.78848
1.78886
1.78923
1.78963
1.79012
1.79073
1.79149
1.79242
1.79353
1.79482
1.79628
1.79789
1.79961
1.80141
1.80322
1.80497
1.80657
1.80788
1.80873
1.80887
1.808
1.80578
1.80182
1.79577
1.78735
1.77653
1.76354
1.74904
1.73417
1.72052
1.70992
1.70397
1.70355
1.70839
1.71721
1.72819
1.73958
1.75012
1.75906
1.76615
1.77145
1.77524
1.77785
1.77964
1.7809
1.78188
1.78272
1.78349
1.78421
1.78483
1.78532
1.78563
1.78571
1.78554
1.78512
1.78445
1.78355
1.78244
1.78111
1.77956
1.77775
1.77564
1.77318
1.77034
1.76711
1.76351
1.75961
1.75555
1.7515
1.74768
1.74429
1.74153
1.73949
1.73818
1.73752
1.73735
1.7375
1.73781
1.73816
1.73848
1.73872
1.73883
1.7388
1.7386
1.73821
1.73759
1.73672
1.73559
1.73421
1.73258
1.73074
1.7287
1.72651
1.72418
1.72173
1.71912
1.71633
1.71326
1.70986
1.70603
1.70174
1.697
1.69191
1.6867
1.68166
1.67719
1.6737
1.67152
1.67085
1.67165
1.67372
1.6767
1.68015
1.68368
1.68697
1.6898
1.69204
1.69366
1.69468
1.69515
1.69512
1.69469
1.69392
1.69287
1.6916
1.69016
1.6886
1.68696
1.68527
1.68358
1.68191
1.68031
1.67879
1.67739
1.67608
1.67486
1.67368
1.67247
1.67116
1.66967
1.66797
1.66606
1.66403
1.66201
1.66018
1.65871
1.6577
1.65716
1.65698
1.65701
1.65707
1.65703
1.65677
1.65625
1.65542
1.65424
1.65267
1.65065
1.64816
1.64527
1.64216
1.63913
1.63657
1.63495
1.63462
1.6358
1.6385
1.6425
1.64744
1.65291
1.65853
1.664
1.66909
1.67367
1.67763
1.68085
1.6832
1.68453
1.68464
1.68333
1.68046
1.67595
1.67
1.66313
1.6563
1.65082
1.64797
1.64854
1.65245
1.65887
1.66661
1.67461
1.68216
1.68893
1.69486
1.7
1.70448
1.70843
1.71195
1.71515
1.71809
1.72082
1.72339
1.72583
1.72815
1.73037
1.73249
1.7345
1.73638
1.73809
1.73955
1.74071
1.74145
1.74167
1.74129
1.74024
1.73858
1.73652
1.73445
1.73291
1.73247
1.73346
1.73579
1.73888
1.74177
1.74336
1.74264
1.73895
1.73219
1.72304
1.71309
1.70451
1.69919
1.69775
1.69929
1.70204
1.70441
1.70552
1.70533
1.70439
1.70357
1.70379
1.70565
1.70928
1.71431
1.72013
1.72619
1.73223
1.73827
1.74453
1.75118
1.75824
1.76554
1.77278
1.77962
1.78574
1.79093
1.79508
1.79819
1.80035
1.8017
1.80241
1.80265
1.80256
1.80222
1.80165
1.80079
1.79954
1.79779
1.79545
1.7925
1.78903
1.7852
1.7812
1.77717
1.7731
1.76888
1.76435
1.75944
1.75434
1.74954
1.74567
1.74338
1.74299
1.74441
1.74718
1.75068
1.75436
1.75784
1.76095
1.7637
1.76615
1.76845
1.77069
1.77294
1.77519
1.77739
1.77943
