                   1           -0.453284           -0.453284                   0
                   2           -0.452757            -0.45302         0.000186111
                   3           -0.451696           -0.452579         0.000381089
                   4           -0.449299           -0.451759         0.000765527
                   5           -0.451895           -0.451786         0.000612906
                   6           -0.455047            -0.45233         0.000712018
                   7           -0.452612            -0.45237         0.000611446
                   8           -0.452515           -0.452388         0.000535283
                   9           -0.453307            -0.45249         0.000485447
                  10           -0.454356           -0.452677           0.0004714
                  11           -0.452112           -0.452625         0.000431333
                  12           -0.454125            -0.45275          0.00041309
                  13           -0.451407           -0.452647         0.000394023
                  14           -0.452911           -0.452666         0.000366329
                  15           -0.454726           -0.452803         0.000366752
                  16           -0.453037           -0.452818          0.00034412
                  17           -0.453079           -0.452833         0.000324221
                  18            -0.45378           -0.452886         0.000310444
                  19           -0.454891           -0.452991         0.000311519
                  20           -0.450344           -0.452859         0.000322847
                  21           -0.450735           -0.452758         0.000322924
                  22           -0.452429           -0.452743         0.000308592
                  23            -0.45669           -0.452915         0.000339546
                  24           -0.454379           -0.452976         0.000330834
                  25            -0.45485            -0.45305         0.000325985
                  26           -0.455155           -0.453131         0.000323341
                  27           -0.452155           -0.453095         0.000313383
                  28           -0.452565           -0.453076         0.000302763
                  29           -0.452491           -0.453056         0.000292994
                  30            -0.45208           -0.453024         0.000285029
                  31           -0.452634           -0.453011         0.000276112
                  32           -0.456746           -0.453128         0.000291109
                  33           -0.453081           -0.453126         0.000282291
                  34           -0.451507           -0.453079         0.000277978
                  35           -0.452551           -0.453064         0.000270445
                  36           -0.452939            -0.45306         0.000262955
                  37            -0.45308           -0.453061         0.000255849
                  38           -0.453692           -0.453077         0.000249654
                  39           -0.453804           -0.453096         0.000243948
                  40           -0.449875           -0.453015         0.000250789
                  41           -0.452838           -0.453011         0.000244709
                  42            -0.45461           -0.453049         0.000241826
                  43           -0.456073           -0.453119         0.000246214
                  44           -0.448321            -0.45301         0.000263664
                  45           -0.451979           -0.452988         0.000258798
                  46           -0.453127           -0.452991          0.00025319
                  47           -0.454248           -0.453017         0.000249211
                  48           -0.452652            -0.45301         0.000244135
                  49           -0.450945           -0.452968         0.000242762
                  50           -0.454811           -0.453004         0.000240691
                  51           -0.453049           -0.453005         0.000235973
                  52           -0.454775           -0.453039         0.000233877
                  53            -0.45006           -0.452983         0.000236125
                  54           -0.451977           -0.452964         0.000232487
                  55           -0.453597           -0.452976         0.000228544
                  56           -0.452639            -0.45297         0.000224542
                  57           -0.456334           -0.453029         0.000228227
                  58           -0.452858           -0.453026         0.000224311
                  59           -0.451115           -0.452994         0.000222836
                  60           -0.454158           -0.453013         0.000219966
                  61            -0.45338           -0.453019         0.000216442
                  62           -0.455564            -0.45306         0.000216807
                  63           -0.450869           -0.453025         0.000216138
                  64           -0.453171           -0.453028         0.000212773
                  65           -0.456877           -0.453087         0.000217586
                  66           -0.452536           -0.453078         0.000214449
                  67           -0.448094           -0.453004         0.000223782
                  68           -0.455391           -0.453039         0.000223228
                  69           -0.451808           -0.453021         0.000220704
                  70           -0.451946           -0.453006         0.000218085
                  71            -0.45283           -0.453004         0.000215028
                  72           -0.454008           -0.453017         0.000212493
                  73           -0.451393           -0.452995         0.000210744
                  74           -0.454624           -0.453017         0.000209042
                  75           -0.454516           -0.453037         0.000207208
                  76           -0.455426           -0.453069         0.000206853
                  77           -0.450973           -0.453041         0.000205948
                  78           -0.457085           -0.453093         0.000209732
                  79           -0.454286           -0.453108          0.00020762
                  80            -0.45197           -0.453094         0.000205512
                  81           -0.452882           -0.453092         0.000202992
                  82           -0.453552           -0.453097         0.000200594
                  83            -0.45336             -0.4531         0.000198202
                  84           -0.452189           -0.453089         0.000196139
                  85           -0.456029           -0.453124         0.000196858
                  86           -0.451736           -0.453108         0.000195229
                  87           -0.454028           -0.453118         0.000193272
                  88           -0.451876           -0.453104         0.000191591
                  89           -0.455943           -0.453136         0.000192075
                  90           -0.453017           -0.453135         0.000189945
                  91           -0.454736           -0.453153         0.000188671
                  92           -0.452077           -0.453141         0.000186982
                  93           -0.454441           -0.453155         0.000185494
                  94           -0.454625            -0.45317         0.000184178
                  95           -0.456425           -0.453205         0.000185398
                  96           -0.453257           -0.453205         0.000183467
                  97            -0.45171            -0.45319         0.000182223
                  98           -0.453066           -0.453189         0.000180367
                  99           -0.452294            -0.45318         0.000178772
                 100           -0.453121           -0.453179         0.000176985
                 101           -0.455598           -0.453203         0.000176846
                 102           -0.454591           -0.453217         0.000175635
                 103           -0.453295           -0.453217         0.000173931
                 104           -0.449603           -0.453183         0.000175697
                 105           -0.454474           -0.453195         0.000174453
                 106            -0.45343           -0.453197         0.000172822
                 107           -0.449208            -0.45316         0.000175181
                 108           -0.455137           -0.453178         0.000174513
                 109           -0.451073           -0.453159         0.000173978
                 110           -0.454776           -0.453173         0.000173016
                 111           -0.450902           -0.453153         0.000172664
                 112           -0.451516           -0.453138          0.00017174
                 113           -0.452684           -0.453134         0.000170267
                 114           -0.452746           -0.453131         0.000168808
                 115           -0.453578           -0.453135         0.000167385
                 116           -0.454444           -0.453146         0.000166321
                 117           -0.455219           -0.453164         0.000165841
                 118           -0.453952            -0.45317          0.00016457
                 119           -0.450706            -0.45315         0.000164485
                 120           -0.454482           -0.453161         0.000163488
                 121            -0.45404           -0.453168         0.000162299
                 122           -0.452971           -0.453167         0.000160976
                 123           -0.453503           -0.453169         0.000159691
                 124            -0.45408           -0.453177         0.000158572
                 125           -0.452706           -0.453173         0.000157348
                 126           -0.454013            -0.45318          0.00015624
                 127           -0.453597           -0.453183         0.000155045
                 128           -0.454631           -0.453194         0.000154246
                 129           -0.457501           -0.453228         0.000156622
                 130           -0.452027           -0.453218          0.00015569
                 131           -0.453976           -0.453224         0.000154608
                 132           -0.450877           -0.453206         0.000154456
                 133           -0.454977            -0.45322         0.000153868
                 134           -0.452617           -0.453215         0.000152785
                 135           -0.451932           -0.453206         0.000151949
                 136           -0.454275           -0.453213         0.000151035
                 137           -0.451927           -0.453204         0.000150224
                 138            -0.45462           -0.453214         0.000149485
                 139           -0.452487           -0.453209         0.000148502
                 140           -0.454765            -0.45322         0.000147856
                 141           -0.454428           -0.453229         0.000147055
                 142            -0.45107           -0.453214         0.000146804
                 143           -0.453949           -0.453219         0.000145867
                 144             -0.4533           -0.453219         0.000144855
                 145           -0.452246           -0.453213         0.000144012
                 146           -0.454496           -0.453221         0.000143293
                 147           -0.448041           -0.453186         0.000146588
                 148           -0.454198           -0.453193         0.000145757
                 149           -0.450993           -0.453178         0.000145525
                 150           -0.452656           -0.453175         0.000144596
                 151           -0.455231           -0.453188         0.000144279
                 152           -0.452814           -0.453186          0.00014335
                 153           -0.449919           -0.453164         0.000143995
                 154           -0.456726           -0.453188         0.000144905
                 155           -0.454915           -0.453199         0.000144398
                 156           -0.453587           -0.453201         0.000143494
                 157           -0.448901           -0.453174          0.00014517
                 158           -0.453596           -0.453177         0.000144276
                 159           -0.455592           -0.453192         0.000144167
                 160           -0.453248           -0.453192         0.000143266
                 161           -0.450842           -0.453177         0.000143118
                 162           -0.453772           -0.453181         0.000142281
                 163           -0.455105           -0.453193         0.000141897
                 164           -0.456144           -0.453211         0.000142168
                 165           -0.451775           -0.453202         0.000141573
                 166           -0.452614           -0.453199         0.000140764
                 167           -0.453064           -0.453198         0.000139924
                 168           -0.450964           -0.453185         0.000139721
                 169           -0.452267           -0.453179            0.000139
                 170           -0.453819           -0.453183         0.000138233
                 171           -0.450354           -0.453166         0.000138411
                 172           -0.453916           -0.453171         0.000137675
                 173           -0.457143           -0.453194          0.00013878
                 174           -0.453393           -0.453195         0.000137988
                 175           -0.454347           -0.453201         0.000137356
                 176           -0.450741           -0.453187         0.000137285
                 177           -0.453591            -0.45319         0.000136528
                 178           -0.452736           -0.453187         0.000135785
                 179            -0.45472           -0.453196         0.000135296
                 180            -0.45248           -0.453192         0.000134603
                 181           -0.453795           -0.453195         0.000133901
                 182           -0.451903           -0.453188         0.000133353
                 183           -0.453492            -0.45319         0.000132635
                 184           -0.450725           -0.453176         0.000132589
                 185           -0.451785           -0.453169         0.000132085
                 186           -0.451252           -0.453158         0.000131776
                 187           -0.450918           -0.453146         0.000131615
                 188           -0.453565           -0.453149         0.000130934
                 189           -0.454787           -0.453157         0.000130528
                 190             -0.4544           -0.453164         0.000130004
                 191           -0.453262           -0.453164         0.000129325
                 192           -0.455012           -0.453174         0.000129009
                 193           -0.455779           -0.453188         0.000129044
                 194           -0.456772           -0.453206         0.000129695
                 195           -0.455137           -0.453216         0.000129407
                 196           -0.454141           -0.453221         0.000128833
                 197           -0.453588           -0.453222         0.000128193
                 198           -0.455556           -0.453234         0.000128086
                 199           -0.457937           -0.453258         0.000129604
                 200           -0.454483           -0.453264         0.000129101
