                   1            0.032976            0.032976                   0
                   2            0.025056            0.029016          0.00280014
                   3             0.02162           0.0265507          0.00274531
                   4            0.037744            0.029349             0.00318
                   5            0.036756           0.0308304          0.00286837
                   6             0.01794            0.028682          0.00309192
                   7             0.01622           0.0269017          0.00312094
                   8            0.033348           0.0277075          0.00283294
                   9            0.022552           0.0271347          0.00257543
                  10            0.019808            0.026402          0.00241986
                  11              0.0156             0.02542          0.00239084
                  12            0.021844            0.025122          0.00221009
                  13            0.018764           0.0246329           0.0020935
                  14             0.03074           0.0250691          0.00198889
                  15            0.042308           0.0262184            0.002163
                  16            0.020252           0.0258455          0.00205971
                  17             0.03316           0.0262758          0.00198298
                  18            0.030192           0.0264933          0.00188471
                  19            0.030128           0.0266846           0.0017952
                  20            0.029592             0.02683          0.00171132
                  21            0.015964           0.0263126          0.00170626
                  22            0.021036           0.0260727          0.00164547
                  23            0.024876           0.0260207          0.00157475
                  24            0.018532           0.0257087          0.00153974
                  25            0.034096           0.0260442          0.00151426
                  26            0.029752           0.0261868          0.00146272
                  27            0.032132            0.026407          0.00142502
                  28            0.029832           0.0265293          0.00137937
                  29            0.021372           0.0263514          0.00134322
                  30            0.021588           0.0261927           0.0013078
                  31            0.036876           0.0265373          0.00131023
                  32            0.032496           0.0267235          0.00128245
                  33            0.021272           0.0265583          0.00125418
                  34            0.030536           0.0266753          0.00122274
                  35            0.032332           0.0268369          0.00119844
                  36            0.020552           0.0266623          0.00117779
                  37            0.019996           0.0264822          0.00115966
                  38            0.023796           0.0264115          0.00113129
                  39             0.02822           0.0264578          0.00110324
                  40             0.01414           0.0261499          0.00111781
                  41            0.023124           0.0260761          0.00109298
                  42              0.0205           0.0259433          0.00107499
                  43            0.019248           0.0257876          0.00106121
                  44            0.008868           0.0254031          0.00110456
                  45            0.035772           0.0256335          0.00110379
                  46            0.021544           0.0255446          0.00108337
                  47            0.029976           0.0256389          0.00106441
                  48            0.022984           0.0255836          0.00104367
                  49            0.031256           0.0256993          0.00102877
                  50            0.020572           0.0255968           0.0010133
                  51            0.015272           0.0253944          0.00101345
                  52            0.021948           0.0253281         0.000996124
                  53            0.033376           0.0254799         0.000988836
                  54             0.03204           0.0256014         0.000977958
                  55            0.031064           0.0257007         0.000965207
                  56            0.027564            0.025734         0.000948544
                  57              0.0219           0.0256667         0.000934285
                  58            0.026496            0.025681         0.000918286
                  59            0.022548           0.0256279         0.000904256
                  60            0.026724           0.0256462          0.00088937
                  61            0.015808           0.0254849         0.000889293
                  62             0.02538           0.0254832         0.000874951
                  63            0.029436            0.025546          0.00086331
                  64             0.03696           0.0257243         0.000868047
                  65            0.021856           0.0256648          0.00085673
                  66            0.022396           0.0256153         0.000845179
                  67            0.016284            0.025476         0.000843962
                  68             0.01916           0.0253831         0.000836646
                  69            0.014412           0.0252241         0.000839494
                  70            0.033708           0.0253453         0.000836204
                  71            0.023124            0.025314         0.000825011
                  72            0.036776           0.0254732          0.00082877
                  73             0.02086             0.02541         0.000819822
                  74            0.030788           0.0254827         0.000811959
                  75             0.01902           0.0253965         0.000805692
                  76            0.024924           0.0253903         0.000795115
                  77            0.017072           0.0252823         0.000792093
                  78            0.032268           0.0253718         0.000786985
                  79            0.034324           0.0254852         0.000785139
                  80            0.031688           0.0255627         0.000779144
                  81             0.01972           0.0254906         0.000772857
                  82            0.038376           0.0256477         0.000779243
                  83            0.021988           0.0256036         0.000771101
                  84             0.02106           0.0255495         0.000763816
                  85            0.025072           0.0255439         0.000754851
                  86            0.027176           0.0255629         0.000746312
                  87            0.032604           0.0256438         0.000742109
                  88            0.032588           0.0257227         0.000737859
                  89            0.031156           0.0257838          0.00073209
                  90            0.028836           0.0258177         0.000724741
                  91            0.025216           0.0258111         0.000716807
                  92            0.025464           0.0258073         0.000709025
                  93             0.03286           0.0258831         0.000705445
                  94            0.024032           0.0258634         0.000698215
                  95             0.03564           0.0259664         0.000698409
                  96            0.034036           0.0260504         0.000696174
                  97            0.026292           0.0260529         0.000689001
                  98            0.030892           0.0261023         0.000683738
                  99            0.023484           0.0260758         0.000677342
                 100            0.018828           0.0260034         0.000674436
                 101             0.03508           0.0260932         0.000673719
                 102             0.02116           0.0260449         0.000668847
                 103            0.022364           0.0260091         0.000663308
                 104             0.01054           0.0258604           0.0006734
                 105            0.028492           0.0258854         0.000667453
                 106            0.026284           0.0258892         0.000661167
                 107            0.024816           0.0258792         0.000655064
                 108            0.024068           0.0258624         0.000649213
                 109            0.025632           0.0258603         0.000643261
                 110              0.0176           0.0257852         0.000641781
                 111            0.022684           0.0257573         0.000636607
                 112            0.022584           0.0257289         0.000631553
                 113            0.025788           0.0257295         0.000625965
                 114            0.018084           0.0256624         0.000624056
                 115            0.030508           0.0257045          0.00062005
                 116            0.031376           0.0257534          0.00061663
                 117            0.028536           0.0257772         0.000611818
                 118             0.02038           0.0257315          0.00060834
                 119            0.018492           0.0256706         0.000606262
                 120            0.029324           0.0257011         0.000601974
                 121            0.029592           0.0257332         0.000597857
                 122             0.02096           0.0256941         0.000594236
                 123             0.02396             0.02568         0.000589572
                 124            0.034792           0.0257535         0.000589379
                 125            0.021308           0.0257179         0.000585736
                 126            0.025068           0.0257128          0.00058111
                 127            0.032256           0.0257643         0.000578814
                 128            0.014756           0.0256783         0.000580646
                 129            0.024268           0.0256673         0.000576247
                 130            0.026148            0.025671         0.000571827
                 131             0.02158           0.0256398         0.000568314
                 132            0.018232           0.0255837         0.000566772
                 133             0.02486           0.0255783         0.000562537
                 134            0.023668            0.025564          0.00055852
                 135             0.03262           0.0256163         0.000556823
                 136             0.03054           0.0256525         0.000553904
                 137            0.017944           0.0255962         0.000552711
                 138              0.0198           0.0255542           0.0005503
                 139            0.018728           0.0255051         0.000548528
                 140            0.011828           0.0254074         0.000553241
                 141            0.020184           0.0253704         0.000550556
                 142            0.020676           0.0253373         0.000547671
                 143            0.027844           0.0253548         0.000544121
                 144            0.027808           0.0253719         0.000540609
                 145            0.022676           0.0253533           0.0005372
                 146            0.022392            0.025333         0.000533904
                 147            0.034432           0.0253949         0.000533848
                 148            0.027476           0.0254089         0.000530426
                 149            0.025244           0.0254078         0.000526867
                 150            0.023992           0.0253984         0.000523439
                 151            0.027148             0.02541         0.000520101
                 152            0.024688           0.0254052         0.000516701
                 153             0.01476           0.0253357         0.000517987
                 154            0.031116           0.0253732         0.000515982
                 155             0.02254           0.0253549         0.000512976
                 156            0.024128           0.0253471         0.000509748
                 157             0.02906           0.0253707          0.00050705
                 158            0.028596           0.0253911         0.000504251
                 159            0.028016           0.0254076          0.00050135
                 160            0.031604           0.0254463          0.00049971
                 161            0.014516           0.0253785         0.000501197
                 162            0.025388           0.0253785         0.000498103
                 163            0.030468           0.0254097         0.000496025
                 164            0.018404            0.025367         0.000494837
                 165            0.013932           0.0252977         0.000496667
                 166            0.022296           0.0252796         0.000494004
                 167              0.0204           0.0252504         0.000491909
                 168               0.015           0.0251894         0.000492751
                 169            0.019344           0.0251548         0.000491047
                 170            0.025744           0.0251583         0.000488171
                 171            0.019308           0.0251241         0.000486514
                 172            0.025776           0.0251279           0.0004837
                 173            0.026736           0.0251372         0.000480993
                 174             0.02844           0.0251561         0.000478603
                 175             0.02334           0.0251458         0.000475981
                 176            0.019844           0.0251156         0.000474229
                 177            0.027544           0.0251294         0.000471748
                 178            0.026008           0.0251343         0.000469124
                 179            0.029576           0.0251591         0.000467159
                 180            0.029612           0.0251838         0.000465218
                 181            0.035332           0.0252399         0.000466014
                 182            0.031928           0.0252767           0.0004649
                 183            0.027424           0.0252884         0.000462508
                 184            0.025844           0.0252914         0.000460004
                 185            0.023656           0.0252826         0.000457602
                 186            0.028176           0.0252981         0.000455406
                 187            0.033924           0.0253443         0.000455301
                 188            0.025068           0.0253428         0.000452882
                 189            0.016536           0.0252962         0.000452876
                 190             0.02678            0.025304          0.00045056
                 191            0.014284           0.0252463          0.00045188
                 192            0.026204           0.0252513         0.000449554
                 193            0.016136           0.0252041         0.000449699
                 194             0.03582           0.0252588         0.000450698
                 195            0.038028           0.0253243         0.000453119
                 196            0.030248           0.0253494         0.000451503
                 197            0.023424           0.0253396         0.000449317
                 198            0.030212           0.0253642         0.000447721
                 199             0.02484           0.0253616         0.000445479
                 200            0.025764           0.0253636         0.000443256
