                   1             1.27152             1.27152                   0
                   2             1.32632             1.29892           0.0193768
                   3             1.29154             1.29646           0.0130731
                   4             1.28699             1.29409            0.010017
                   5             1.33313              1.3019           0.0106298
                   6             1.28547             1.29916          0.00920419
                   7             1.29737              1.2989          0.00789286
                   8             1.26153             1.29423          0.00817277
                   9             1.24743             1.28903          0.00876434
                  10             1.28731             1.28886           0.0078896
                  11             1.27028             1.28717          0.00735105
                  12             1.28117             1.28667          0.00675542
                  13             1.32132             1.28934          0.00674095
                  14              1.2634             1.28748          0.00650913
                  15             1.32988             1.29031          0.00666078
                  16             1.26949             1.28901          0.00637031
                  17             1.34409             1.29225          0.00676949
                  18             1.30689             1.29306          0.00644208
                  19             1.29389             1.29311          0.00610317
                  20             1.30121             1.29351          0.00581146
                  21             1.28078              1.2929          0.00556627
                  22             1.34355             1.29521          0.00576971
                  23             1.34928             1.29756          0.00597869
                  24               1.295             1.29745          0.00573052
                  25             1.27179             1.29642          0.00559248
                  26             1.25592             1.29487          0.00559014
                  27             1.33473             1.29634          0.00557467
                  28             1.28897             1.29608           0.0053818
                  29             1.29408             1.29601          0.00519666
                  30              1.3004             1.29616           0.0050255
                  31             1.27593              1.2955          0.00490556
                  32             1.36928             1.29781          0.00526622
                  33             1.34194             1.29915          0.00527369
                  34             1.29304             1.29897          0.00512164
                  35             1.37618             1.30117          0.00542962
                  36             1.28145             1.30063          0.00530637
                  37             1.23961             1.29898          0.00541311
                  38             1.32709             1.29972          0.00532097
                  39             1.33022              1.3005          0.00524171
                  40             1.25995             1.29949          0.00520779
                  41               1.304              1.2996          0.00508193
                  42             1.27367             1.29898          0.00499829
                  43             1.23657             1.29753          0.00508843
                  44             1.31076             1.29783          0.00498166
                  45             1.35379             1.29907          0.00502379
                  46              1.2867              1.2988          0.00492177
                  47             1.24048             1.29756            0.004971
                  48             1.36265             1.29892          0.00504898
                  49             1.33682             1.29969          0.00500484
                  50             1.27959             1.29929          0.00492086
                  51             1.28131             1.29894          0.00483698
                  52             1.37657             1.30043          0.00496901
                  53             1.38708             1.30206          0.00513715
                  54             1.28308             1.30171          0.00505404
                  55             1.35146             1.30262          0.00504244
                  56             1.28792             1.30235          0.00495923
                  57             1.31303             1.30254          0.00487575
                  58             1.34406             1.30326          0.00484396
                  59              1.3284             1.30368          0.00478057
                  60             1.35748             1.30458          0.00478422
                  61             1.29869             1.30448          0.00470676
                  62             1.29165             1.30428           0.0046354
                  63             1.31935             1.30452          0.00456799
                  64              1.3165              1.3047          0.00450045
                  65             1.33761             1.30521          0.00445959
                  66             1.29436             1.30504          0.00439505
                  67             1.22507             1.30385           0.0044886
                  68             1.33135             1.30426          0.00444077
                  69             1.35751             1.30503          0.00444297
                  70             1.32581             1.30532          0.00438941
                  71             1.31958             1.30553          0.00433218
                  72             1.41939             1.30711           0.0045515
                  73             1.30318             1.30705          0.00448947
                  74             1.35495              1.3077          0.00447521
                  75             1.20639             1.30635          0.00461491
                  76             1.29562             1.30621          0.00455635
                  77             1.31843             1.30637          0.00449994
                  78             1.36146             1.30707          0.00449733
                  79             1.35652              1.3077          0.00448374
                  80             1.38686             1.30869          0.00453555
                  81             1.31888             1.30881           0.0044813
                  82             1.34604             1.30927          0.00444959
                  83             1.28265             1.30895          0.00440752
                  84              1.2844             1.30866          0.00436473
                  85             1.35313             1.30918          0.00434463
                  86             1.25225             1.30852          0.00434424
                  87             1.35857             1.30909          0.00433223
                  88             1.28773             1.30885           0.0042898
                  89             1.39465             1.30981          0.00434857
                  90             1.32999             1.31004          0.00430603
                  91             1.36585             1.31065          0.00430216
                  92             1.37004              1.3113          0.00430357
                  93             1.31911             1.31138          0.00425811
                  94             1.37748             1.31208          0.00427048
                  95             1.31728             1.31214          0.00422588
                  96             1.31861             1.31221           0.0041824
                  97             1.30047             1.31208          0.00414103
                  98             1.31274             1.31209          0.00409878
                  99             1.33013             1.31227          0.00406143
                 100             1.33662             1.31252          0.00402811
                 101             1.34364             1.31282               0.004
                 102              1.3352             1.31304          0.00396679
                 103             1.23913             1.31233          0.00399266
                 104             1.32282             1.31243          0.00395555
                 105             1.29863              1.3123          0.00392006
                 106             1.33829             1.31254          0.00389074
                 107             1.32643             1.31267          0.00385654
                 108             1.30706             1.31262          0.00382118
                 109             1.30914             1.31259          0.00378626
                 110             1.32131             1.31267          0.00375267
                 111             1.33234             1.31284          0.00372304
                 112             1.30921             1.31281          0.00368994
                 113             1.29914             1.31269          0.00365927
                 114             1.31061             1.31267          0.00362722
                 115             1.36268             1.31311          0.00362165
                 116             1.26924             1.31273          0.00361011
                 117             1.24107             1.31212          0.00363084
                 118             1.26759             1.31174          0.00361962
                 119             1.25525             1.31126           0.0036202
                 120             1.31499              1.3113          0.00359016
                 121             1.34441             1.31157          0.00357091
                 122              1.3202             1.31164          0.00354234
                 123             1.32569             1.31175          0.00351538
                 124             1.30653             1.31171          0.00348728
                 125             1.30282             1.31164          0.00346011
                 126             1.33692             1.31184          0.00343846
                 127             1.30416             1.31178          0.00341192
                 128             1.30873             1.31176          0.00338535
                 129             1.42192             1.31261          0.00346514
                 130             1.35083             1.31291          0.00345093
                 131             1.33227             1.31305          0.00342775
                 132             1.28979             1.31288          0.00340631
                 133             1.32815             1.31299          0.00338264
                 134             1.27481             1.31271          0.00336937
                 135              1.2867             1.31251          0.00334992
                 136             1.35221             1.31281          0.00333797
                 137             1.28064             1.31257          0.00332186
                 138             1.29484             1.31244          0.00330027
                 139             1.32407             1.31253          0.00327759
                 140             1.32888             1.31264          0.00325626
                 141             1.27738             1.31239          0.00324275
                 142             1.35942             1.31272          0.00323678
                 143             1.31716             1.31276           0.0032143
                 144             1.31667             1.31278          0.00319209
                 145             1.34233             1.31299          0.00317658
                 146             1.28437             1.31279          0.00316086
                 147             1.32958              1.3129          0.00314142
                 148             1.28188             1.31269          0.00312718
                 149             1.31679             1.31272          0.00310631
                 150             1.25317             1.31233          0.00311088
                 151             1.29434             1.31221          0.00309255
                 152             1.33076             1.31233          0.00307462
                 153             1.28425             1.31214          0.00305999
                 154             1.29211             1.31201          0.00304289
                 155             1.34603             1.31223          0.00303116
                 156              1.3534              1.3125          0.00302319
                 157              1.3174             1.31253           0.0030041
                 158             1.32922             1.31263          0.00298694
                 159             1.33911              1.3128          0.00297279
                 160             1.29572             1.31269          0.00295613
                 161              1.2773             1.31247          0.00294593
                 162             1.32044             1.31252          0.00292816
                 163             1.35334             1.31277          0.00292088
                 164             1.32537             1.31285          0.00290408
                 165             1.33796               1.313          0.00289046
                 166             1.32951              1.3131          0.00287476
                 167             1.30157             1.31303          0.00285838
                 168             1.25136             1.31267          0.00286484
                 169             1.30215              1.3126          0.00284856
                 170             1.30712             1.31257          0.00283199
                 171             1.22974             1.31209          0.00285655
                 172             1.32201             1.31215          0.00284053
                 173             1.31789             1.31218           0.0028243
                 174             1.29911              1.3121          0.00280907
                 175             1.25714             1.31179          0.00281052
                 176             1.27086             1.31156          0.00280416
                 177              1.3385             1.31171          0.00279245
                 178              1.3036             1.31166          0.00277713
                 179             1.33428             1.31179          0.00276449
                 180             1.26562             1.31153            0.002761
                 181             1.28288             1.31138          0.00275029
                 182             1.31635              1.3114          0.00273531
                 183              1.2178             1.31089          0.00276777
                 184              1.3172             1.31093          0.00275294
                 185             1.28248             1.31077          0.00274235
                 186             1.29297             1.31068          0.00272927
                 187             1.32644             1.31076          0.00271598
                 188             1.33335             1.31088          0.00270419
                 189             1.31168             1.31088          0.00268989
                 190             1.32174             1.31094          0.00267634
                 191             1.26977             1.31073          0.00267099
                 192             1.30608              1.3107          0.00265719
                 193             1.26612             1.31047          0.00265344
                 194             1.32551             1.31055           0.0026409
                 195             1.32466             1.31062          0.00262835
                 196             1.33129             1.31073          0.00261705
                 197             1.25552             1.31045          0.00261873
                 198             1.41831             1.31099          0.00266156
                 199             1.36974             1.31129          0.00266451
                 200             1.35519             1.31151          0.00266022
