                   1            0.197982            0.197982                   0
                   2            0.191381            0.194682          0.00233381
                   3            0.193549            0.194304          0.00158613
                   4             0.19467            0.194396          0.00119224
                   5            0.194333            0.194383         0.000953858
                   6            0.187689            0.193268          0.00129201
                   7            0.187301            0.192415          0.00135981
                   8            0.189516            0.192053          0.00123719
                   9            0.188895            0.191702          0.00114839
                  10            0.188305            0.191362          0.00108262
                  11            0.187972            0.191054          0.00102714
                  12            0.194206            0.191317         0.000974546
                  13            0.190836             0.19128         0.000900282
                  14            0.184784            0.190816         0.000948031
                  15            0.195261            0.191112         0.000929997
                  16              0.1945            0.191324         0.000895654
                  17            0.193961            0.191479         0.000856295
                  18            0.191601            0.191486          0.00080875
                  19              0.1908             0.19145         0.000766989
                  20            0.192426            0.191498         0.000730193
                  21            0.190717            0.191461         0.000696369
                  22             0.18422            0.191132         0.000738415
                  23            0.191768             0.19116         0.000706827
                  24            0.189002             0.19107         0.000683068
                  25            0.187327             0.19092         0.000671956
                  26            0.191173             0.19093         0.000646182
                  27            0.186428            0.190763           0.0006434
                  28            0.189317            0.190711         0.000622491
                  29            0.187074            0.190586         0.000613529
                  30            0.193364            0.190679         0.000600024
                  31            0.185804            0.190521         0.000600918
                  32            0.196898            0.190721         0.000614292
                  33            0.191878            0.190756         0.000596677
                  34            0.192611             0.19081         0.000581617
                  35            0.193651            0.190891         0.000570636
                  36            0.195788            0.191028         0.000570765
                  37            0.194856            0.191131         0.000564641
                  38            0.188983            0.191074         0.000552604
                  39            0.189347             0.19103         0.000540207
                  40            0.182972            0.190829         0.000563013
                  41            0.189335            0.190792         0.000550458
                  42            0.191519             0.19081         0.000537623
                  43            0.191224            0.190819         0.000525207
                  44            0.194877            0.190911         0.000521305
                  45            0.188781            0.190864         0.000511866
                  46            0.189059            0.190825         0.000502241
                  47            0.186972            0.190743           0.0004982
                  48            0.187328            0.190672         0.000492875
                  49            0.186183             0.19058         0.000491257
                  50            0.189207            0.190553         0.000482199
                  51            0.188382             0.19051         0.000474619
                  52            0.187031            0.190443         0.000470184
                  53             0.19158            0.190465         0.000461802
                  54            0.192204            0.190497         0.000454372
                  55            0.187398             0.19044         0.000449591
                  56            0.191511             0.19046         0.000441969
                  57            0.185703            0.190376         0.000442023
                  58            0.187486            0.190326         0.000437202
                  59            0.186562            0.190263         0.000434421
                  60            0.192425            0.190299         0.000428673
                  61            0.188846            0.190275         0.000422306
                  62            0.191138            0.190289         0.000415724
                  63             0.19069            0.190295         0.000409174
                  64            0.187518            0.190252         0.000405075
                  65            0.188318            0.190222         0.000399935
                  66            0.190701            0.190229         0.000393941
                  67            0.192663            0.190265         0.000389733
                  68            0.189177            0.190249          0.00038433
                  69            0.185483             0.19018         0.000384918
                  70            0.189481             0.19017         0.000379549
                  71            0.184852            0.190095         0.000381523
                  72            0.194044             0.19015         0.000380145
                  73            0.183633            0.190061          0.00038528
                  74            0.190725             0.19007         0.000380178
                  75             0.18755            0.190036         0.000376591
                  76            0.188003             0.19001         0.000372585
                  77            0.191817            0.190033         0.000368485
                  78            0.192006            0.190058         0.000364628
                  79            0.190037            0.190058         0.000360013
                  80            0.192943            0.190094         0.000357313
                  81            0.188139             0.19007         0.000353716
                  82            0.195426            0.190135         0.000355381
                  83            0.193083            0.190171          0.00035287
                  84            0.190606            0.190176         0.000348707
                  85            0.189223            0.190165         0.000344785
                  86            0.192548            0.190193         0.000341888
                  87            0.188521            0.190173         0.000338498
                  88            0.184994            0.190115          0.00033973
                  89            0.193867            0.190157         0.000338519
                  90            0.183192            0.190079         0.000343487
                  91            0.187411             0.19005         0.000340962
                  92             0.19168            0.190068         0.000337716
                  93            0.181105            0.189971         0.000347563
                  94            0.191181            0.189984         0.000344104
                  95            0.188109            0.189964         0.000341048
                  96            0.191281            0.189978         0.000337771
                  97            0.192184            0.190001         0.000335053
                  98            0.192891             0.19003         0.000332929
                  99            0.193365            0.190064         0.000331266
                 100            0.191798            0.190081         0.000328407
                 101            0.193644            0.190117         0.000327043
                 102            0.188866            0.190104         0.000324067
                 103            0.188951            0.190093         0.000321114
                 104            0.189075            0.190083         0.000318176
                 105            0.191653            0.190098         0.000315496
                 106            0.190448            0.190102         0.000312537
                 107            0.192146            0.190121           0.0003102
                 108            0.188082            0.190102         0.000307901
                 109            0.196244            0.190158          0.00031019
                 110            0.184839             0.19011         0.000311116
                 111            0.191287            0.190121         0.000308494
                 112            0.191402            0.190132         0.000305952
                 113            0.183851            0.190076         0.000308253
                 114            0.186987            0.190049         0.000306738
                 115            0.189769            0.190047          0.00030408
                 116            0.187445            0.190024         0.000302285
                 117            0.193436            0.190054         0.000301104
                 118            0.191528            0.190066         0.000298812
                 119            0.183627            0.190012          0.00030116
                 120            0.187948            0.189995         0.000299141
                 121            0.185993            0.189962         0.000298491
                 122            0.196587            0.190016         0.000300944
                 123            0.188333            0.190002         0.000298808
                 124            0.189006            0.189994         0.000296507
                 125            0.186224            0.189964         0.000295665
                 126            0.192284            0.189983         0.000293891
                 127            0.197809            0.190044         0.000297968
                 128            0.191638            0.190057           0.0002959
                 129            0.190213            0.190058         0.000293609
                 130            0.192668            0.190078         0.000292036
                 131            0.194642            0.190113         0.000291877
                 132            0.189801             0.19011         0.000289676
                 133            0.188301            0.190097         0.000287817
                 134            0.183988            0.190051         0.000289256
                 135            0.189887             0.19005         0.000287116
                 136            0.193336            0.190074          0.00028602
                 137            0.187619            0.190056         0.000284493
                 138             0.19229            0.190072         0.000282892
                 139            0.194309            0.190103         0.000282494
                 140            0.188845            0.190094         0.000280619
                 141            0.191418            0.190103         0.000278786
                 142            0.189978            0.190102         0.000276824
                 143            0.191465            0.190112         0.000275052
                 144            0.191001            0.190118         0.000273211
                 145            0.190261            0.190119         0.000271329
                 146            0.189277            0.190113         0.000269531
                 147            0.184277            0.190074         0.000270607
                 148            0.191567            0.190084         0.000268966
                 149            0.191312            0.190092         0.000267288
                 150             0.18937            0.190087         0.000265549
                 151            0.187563             0.19007         0.000264316
                 152            0.191306            0.190079         0.000262702
                 153            0.189502            0.190075         0.000261012
                 154            0.186648            0.190053         0.000260264
                 155            0.184394            0.190016         0.000261132
                 156            0.190083            0.190016         0.000259459
                 157            0.191732            0.190027         0.000258036
                 158            0.185301            0.189997         0.000258131
                 159            0.191778            0.190009          0.00025675
                 160            0.187897            0.189995         0.000255485
                 161            0.186637            0.189975         0.000254748
                 162            0.189945            0.189974         0.000253176
                 163            0.186502            0.189953         0.000252517
                 164             0.19012            0.189954         0.000250979
                 165            0.191749            0.189965         0.000249694
                 166            0.186273            0.189943         0.000249179
                 167            0.188638            0.189935         0.000247809
                 168            0.182653            0.189892         0.000250096
                 169            0.187833            0.189879         0.000248912
                 170            0.186841            0.189862         0.000248089
                 171            0.189875            0.189862         0.000246638
                 172            0.188416            0.189853         0.000245348
                 173            0.189047            0.189849         0.000243974
                 174            0.195235             0.18988         0.000244527
                 175            0.190677            0.189884         0.000243173
                 176            0.186424            0.189864         0.000242584
                 177            0.190659            0.189869         0.000241255
                 178            0.191674            0.189879         0.000240113
                 179            0.185108            0.189852         0.000240247
                 180            0.188884            0.189847         0.000238972
                 181            0.188135            0.189838         0.000237839
                 182             0.19451            0.189863         0.000237914
                 183            0.182968            0.189826         0.000239578
                 184            0.194545            0.189851         0.000239646
                 185            0.192086            0.189863         0.000238654
                 186            0.194665            0.189889         0.000238763
                 187            0.191847              0.1899         0.000237716
                 188            0.188653            0.189893         0.000236544
                 189            0.189559            0.189891         0.000235299
                 190            0.190608            0.189895         0.000234091
                 191            0.193288            0.189913         0.000233538
                 192            0.186643            0.189896         0.000232942
                 193            0.191187            0.189902         0.000231831
                 194            0.187392            0.189889         0.000230997
                 195            0.188515            0.189882          0.00022992
                 196            0.193015            0.189898         0.000229302
                 197            0.187747            0.189887         0.000228398
                 198             0.19175            0.189897         0.000227438
                 199            0.192143            0.189908         0.000226575
                 200            0.191514            0.189916         0.000225584
