0.056485
0.0554165
0.0549014
0.0533009
0.0552254
0.0493018
0.0479799
0.0478554
0.0469982
0.0479173
0.044218
0.0554037
0.0634294
0.0480814
0.0506785
0.0466374
0.0509836
0.0499909
0.0440564
0.0499221
0.0503546
0.0523158
0.0469487
0.0450098
0.0542836
0.0530364
0.0506883
0.0502507
0.0466494
0.0585022
0.039008
0.042115
0.0381989
0.047743
0.0594229
0.0448095
0.0680433
0.0450104
0.0627733
0.0487848
0.0472654
0.0457413
0.0412435
0.0506833
0.0508192
0.056909
0.0452182
0.0495138
0.0551239
0.0539041
0.0490897
0.0536087
0.0522332
0.0603461
0.047218
0.0506816
0.0710527
0.0530118
0.0436729
0.0392427
0.038979
0.0432883
0.0479913
0.0371096
0.0459814
0.0489027
0.0543568
0.054081
0.0496824
0.0508386
0.0482483
0.0463743
0.0550124
0.0484778
0.0414257
0.0525694
0.0501565
0.0443716
0.0385441
0.043181
0.0416385
0.050433
0.0525716
0.0472481
0.0422694
0.0726212
0.0695724
0.0581868
0.0422292
0.0549465
0.0586149
0.0527385
0.0493628
0.0519515
0.0450733
0.0375513
0.0441696
0.04288
0.0453147
0.0508463
0.0500047
0.0554753
0.052989
0.0418685
0.0569239
0.0508694
0.0435129
0.0467488
0.0563948
0.0460541
0.0549408
0.0483258
0.0478319
0.0453244
0.0450951
0.0598488
0.05384
0.0495042
0.063182
0.0589662
0.042939
0.048263
0.0429572
0.0355687
0.049778
0.0481499
0.0485575
0.0452065
0.041037
0.0448901
0.046888
0.0446905
0.0417101
0.0419776
0.0444784
0.0552872
0.0383679
0.0478798
0.0540886
0.0453512
0.0452352
0.0495078
0.0572476
0.0503805
0.0427071
0.0427213
0.0472528
0.0427707
0.046707
0.0524249
0.0501774
0.0457893
0.0480873
0.0574475
0.0492698
0.0481067
0.0553906
0.0686726
0.0477378
0.0400228
0.044527
0.0472679
0.0409189
0.0380597
0.0569058
0.0502068
0.0442942
0.0478135
0.0539824
0.0450847
0.0571792
0.0536851
0.060357
0.0608916
0.054378
0.0436172
0.0581506
0.0578176
0.0563786
0.0485741
0.0467497
0.0457539
0.0438877
0.0527414
0.0488509
0.0477685
0.0487113
0.0431623
0.0370177
0.0588592
0.0577276
0.057125
0.04173
0.0483692
0.0499819
0.0489593
0.0605387
0.0467361
0.0463439
0.0466786
0.0606327
0.0473996
0.057004
0.0589368
0.0535578
0.0575258
0.0410925
0.0422563
0.0449075
0.040589
0.0517231
0.0481056
0.0466943
0.0445161
0.0456843
0.0531766
0.0493075
0.0546484
0.0480375
0.0561138
0.0547556
0.0576052
0.0574116
0.0513577
0.049517
0.0422741
0.0447124
0.0477011
0.0436045
0.0497558
0.0464214
0.0488782
0.0511894
0.0634772
0.0527009
0.04271
0.0551484
0.0548857
0.0466098
0.0428406
0.0486563
0.0467385
0.0420382
0.0481092
0.0461105
0.0473263
0.0435785
0.0416851
0.0539339
0.0501623
0.0467123
0.0394827
0.0419891
0.0459278
0.0480544
0.0421459
0.0541604
0.0414098
0.0421854
0.0415699
0.0378789
0.0367598
0.037039
0.0444344
0.0426128
0.0446047
0.0412012
0.056735
0.0565093
0.0499984
0.0502535
0.0428242
0.0469422
0.0457763
0.0424434
0.0509936
0.0535619
0.0506272
0.0568619
0.0423804
0.0536899
0.0454486
0.0537977
0.0433429
0.0437529
0.0625204
0.0450078
0.0596772
0.0620858
0.0547109
0.0382348
0.0397782
0.0430813
0.0406514
0.0473416
0.040757
0.0454696
0.0515226
0.0445518
0.0535922
0.0549239
0.0821456
0.0609647
0.0553537
0.0418653
0.0343272
0.0583607
0.0442404
0.0423604
0.0554738
0.0419116
0.0538681
0.042138
0.0384152
0.0535412
0.0663916
0.0571333
0.0616557
0.0703487
0.0573806
0.0480665
0.0528389
0.0479658
0.0384584
0.0445088
0.0416955
0.0478884
0.0497497
0.0377666
0.0460307
0.0400196
0.0395335
0.039802
0.0470208
0.0413638
0.0473194
0.0561167
0.0517834
0.0542789
0.053262
0.0487335
0.0568448
0.0515659
0.0499123
0.0515809
0.0476078
0.0450093
0.0574681
0.0461132
0.0682793
0.0521367
0.0496663
0.0634694
0.0546065
0.0374566
0.0438467
0.0670472
0.0431366
0.0458905
0.0562229
0.0482531
0.0423038
0.0366041
0.0426141
0.0526039
0.04111
0.0475066
0.0445435
0.0395008
0.0388168
0.0452474
0.0397059
0.0548811
0.0576692
0.0470125
0.054805
0.0598853
0.0608513
0.0557126
0.0428738
0.0445393
0.0493427
0.0548507
0.0554807
0.0553524
0.0479896
0.0463492
0.0491853
0.044802
0.0543958
0.0415526
0.0400826
0.0476576
0.0382757
0.0552641
0.0426986
0.0476022
0.0424199
0.0471388
0.048595
0.0362407
0.0336825
0.0463275
0.049194
0.0479045
0.0437173
0.0476967
0.0440717
0.0439636
0.0482673
0.0498731
0.0503258
0.0540307
0.0637074
0.0551983
0.0558005
0.0522629
0.0532884
0.039085
0.0484721
0.0451413
0.0417922
0.0557727
0.0576553
0.0558055
0.0413484
0.0377067
0.0464874
0.0371761
0.0292604
0.0335485
0.0516072
0.0479843
0.0479828
0.0431356
0.053152
0.049621
0.0493419
0.052521
0.0559099
0.0518621
0.0461571
0.0529711
0.0638631
0.0536295
0.04983
0.0492964
0.0532503
0.0462768
0.0444583
0.0382117
0.0402231
0.0668447
0.0525015
0.0569353
0.0625389
0.0530963
0.0456391
0.0461864
0.0399663
0.0500817
0.0431512
0.0446897
0.0517129
0.0599631
0.0410613
0.0591593
0.0446271
0.0422039
0.0479724
0.043674
0.0605704
0.0592142
0.0610121
0.0513869
0.0507505
0.0606295
0.0492781
0.0497177
0.0448084
0.0509551
0.0501074
0.0444641
0.0411586
0.0411237
0.0369734
0.0357868
0.0539451
0.0436014
0.0495346
0.0546404
0.0542106
0.0513931
0.0579238
0.0485923
0.0445348
0.0515778
0.0475198
0.0587908
0.0437103
0.0459338
0.0485039
0.0551001
0.0451523
0.0492389
0.051248
0.0420799
0.0487625
0.051117
0.0476553
0.0473519
0.0502703
0.0569072
0.0477358
0.0473198
0.036676
0.0336504
0.0439764
0.056294
0.0325604
0.0436754
0.0419601
0.0475637
0.0486677
0.0376321
0.0454654
0.0454216
0.0411376
0.0421595
0.0442093
0.0446753
0.0454516
0.0412809
0.0435011
0.0523999
0.0522339
0.0413842
0.0491984
0.0450702
0.0389832
0.041066
0.0428113
0.0496527
0.0421304
0.0519646
0.0418179
0.0403675
0.0393652
0.0437035
0.0511521
0.0442106
0.0618387
0.0543144
0.0487506
0.0468091
0.0442034
0.0425439
0.0392767
0.0418026
0.0423177
0.0436063
0.0505872
0.0481295
0.0509399
0.0511103
0.052247
0.0536616
0.0498249
0.0499098
0.0582041
0.0637153
0.0549784
0.0518721
0.0507523
0.0458592
0.0412856
0.0579857
0.0532845
0.0496375
0.0522626
0.0538457
0.0485107
0.0561534
0.0507777
0.0400473
0.0466881
0.0521309
0.0476667
0.0405705
0.036998
0.0483142
0.0381968
0.0503729
0.0552293
0.0438468
0.0442646
0.0389118
0.0391871
0.0403057
0.0495956
0.0513453
0.0516146
0.0599343
0.0574056
0.05364
0.0481924
0.0489216
0.0521364
0.0482482
0.0529008
0.0462704
0.0382141
0.0463612
0.0469844
0.0553905
0.0586346
0.0469229
0.0551588
0.0520354
0.0463748
0.047724
0.0393384
0.0343059
0.0513557
0.0443686
0.0443205
0.0423361
0.0424695
0.040558
0.0463605
0.0416755
0.0381428
0.0410569
0.045366
0.0414662
0.0412877
0.0509317
0.0518271
0.0535851
0.0487012
0.0733953
0.0496654
0.0396718
0.0489883
0.0553403
0.0380001
0.0373864
0.0460162
0.0374693
0.0490297
0.059316
0.0582398
0.0487112
0.0463242
0.0430869
0.0488936
0.0458918
0.0478844
0.0480861
0.0447025
0.0389766
0.0420086
0.0395936
0.0370044
0.0447588
0.0540515
0.0682451
0.0670413
0.0520513
0.0468351
0.052812
0.0443692
0.0459946
0.0595648
0.0586882
0.0484287
0.0520549
0.0384349
0.0431159
0.0388922
0.0472517
0.048145
0.0415909
0.0454605
0.0457155
0.0682822
0.0473228
0.0429139
0.0464155
0.0428652
0.0422475
0.0391666
0.0394393
0.0400055
0.0448213
0.0469605
0.0555873
0.0639124
0.060067
0.0491405
0.0524621
0.0472269
0.034545
0.0457745
0.0456175
0.0477382
0.0617442
0.0573172
0.0466262
0.047329
0.0425799
0.0538875
0.0468334
0.0385976
0.0488608
0.039125
0.0424344
0.0490458
0.0517344
0.0466345
0.0578275
0.0591417
0.0549719
0.0656962
0.0466369
0.0502308
0.0424972
0.0461382
0.0391727
0.0478752
0.0415807
0.0484054
0.0436341
0.0477369
0.0428146
0.0528071
0.0428328
0.0451781
0.0576101
0.0567628
0.0541829
0.0481282
0.0612756
0.0600348
0.0468473
0.0442129
0.0479331
0.0502917
0.0447579
0.05048
0.0489386
0.0597517
0.0523587
0.0418759
0.0496501
0.0500527
0.0468485
0.0571763
0.0500462
0.0394477
0.0418918
0.0441248
0.0508342
0.0381139
0.038447
0.0470898
0.0539682
0.0534779
0.0578421
0.05102
0.0492763
0.045954
0.0397594
0.0335468
0.0415503
0.0522602
0.0484085
0.0389856
0.0380533
0.0459249
0.0448875
0.0417596
0.0468607
0.043305
0.0505512
0.0476511
0.0467416
0.0538757
0.0441059
0.0456094
0.0410759
0.0478644
0.0469538
0.0568631
0.0450502
0.0473192
0.0446067
0.0404921
0.0589612
0.0528767
0.0637688
0.0549905
0.0372121
0.047287
0.0407866
0.0440663
0.0486795
0.0534513
0.0437913
0.0410922
0.0566159
0.0553084
0.0534758
0.0354903
0.0489885
0.059039
0.0455495
0.0587193
0.0569119
0.0489734
0.0379968
0.0393368
0.0428566
0.0596431
0.0532222
0.0498935
0.0435896
0.0466517
0.0533975
0.0508154
0.0490942
0.0555454
0.0481332
0.0567723
0.0526397
0.048933
0.038164
0.0350708
0.0402289
0.0379575
0.0439077
0.0439751
0.0521632
0.0461871
0.0466287
0.0460711
0.0367192
0.0485446
0.0536423
0.0372594
0.0436438
0.0445915
0.0491285
0.0475346
0.0347129
0.0422319
0.045514
0.0499478
0.0468935
0.0442038
0.0410342
0.0445317
0.0433943
0.048041
0.0508738
0.0463894
0.0571655
0.053586
0.0460002
0.0480426
0.0516971
0.04242
0.0517653
0.061542
0.0464217
0.0416538
0.0489467
0.0502166
0.0447824
0.0526227
0.0415261
0.0432184
0.0422599
0.034673
0.0433748
0.0446931
0.0455159
0.0449581
0.049499
0.0452415
0.0438611
0.0467594
0.0450631
0.0406077
0.0382335
0.0431296
0.0409041
0.0387146
0.0431246
0.0509035
0.0463042
0.0391926
0.0533262
0.0409794
0.0404693
0.0381221
0.0482164
0.0469171
0.0579287
0.0606737
0.0398365
0.0504227
0.0408621
0.0452268
0.0400186
0.0414855
0.0605649
0.0524358
0.0576527
0.0465581
0.0349028
0.0446523
0.0497005
0.0556582
0.0580492
0.0495459
0.0479839
0.0545633
0.0504592
0.0547678
0.0518364
0.0462715
0.0502791
0.0467053
0.040813
0.0388081
0.0535099
0.0608399
0.0481381
0.0762871
0.0647636
0.0685166
0.0642679
0.0508789
0.0449643
0.0453758
0.0553959
0.0556411
0.0533402
0.0640539
0.046234
0.0455408
0.0546015
0.0513948
0.0483935
0.0407275
0.0489942
0.0461139
0.0468705
0.0433924
0.0533733
0.0427406
0.0436309
0.0441751
0.0433236
0.0418661
0.053537
0.0522766
0.0457187
0.0560733
0.0581224
0.060686
0.0504044
0.047013
0.042323
0.0413128
0.0404244
0.0511886
0.0562044
0.0539251
0.0456209
0.0528443
0.0610203
0.0421806
0.0377447
0.0431892
0.0529504
0.0497091
0.0422524
0.050951
0.0469462
0.0447437
0.0469923
0.0439136
0.0723965
0.0512016
0.0596661
0.0508538
0.0407336
0.0477143
0.0483744
