           1           0           0           0           0
           1    0.064633           0           0           0
           1    0.129266           0           0           0
           1    0.193899           0           0           0
           1    0.258532           0           0           0
           1    0.323165           0           0           0
           1    0.387798           0           0           0
           1    0.452431           0           0           0
           1    0.517064           0           0           0
           1    0.581697           0           0           0
           1     0.64633           0           0           0
           1    0.710963           0           0           0
           1    0.775596           0           0           0
           1     0.84023 0.000598682 0.000598682           0
           1    0.904863    0.121442    0.121442           0
           1    0.969496    0.965632    0.965632           0
           1     1.03413     1.93161     1.93161           0
           1     1.09876     2.13628     2.13628           0
           1     1.16339     1.99549     1.99549           0
           1     1.22803     1.80759     1.80759           0
           1     1.29266        1.58        1.58           0
           1     1.35729     1.40223     1.40223           0
           1     1.42193      1.2959      1.2959           0
           1     1.48656     1.20418     1.20418           0
           1     1.55119     1.15718     1.15718           0
           1     1.61583     1.13669     1.13669           0
           1     1.68046     1.07289     1.07289           0
           1     1.74509      1.0686      1.0686           0
           1     1.80973     1.03001     1.03001           0
           1     1.87436     1.02107     1.02107           0
           1     1.93899     1.01576     1.01576           0
           1     2.00362    0.996848    0.996848           0
           1     2.06826    0.994632    0.994632           0
           1     2.13289     1.00743     1.00743           0
           1     2.19752     0.97932     0.97932           0
           1     2.26216    0.997335    0.997335           0
           1     2.32679    0.969902    0.969902           0
           1     2.39142    0.974133    0.974133           0
           1     2.45606    0.968299    0.968299           0
           1     2.52069    0.957742    0.957742           0
           1     2.58532    0.948965    0.948965           0
           1     2.64995     0.94777     0.94777           0
           1     2.71459     0.95331     0.95331           0
           1     2.77922    0.945116    0.945116           0
           1     2.84385    0.964744    0.964744           0
           1     2.90849     0.95481     0.95481           0
           1     2.97312    0.964769    0.964769           0
           1     3.03775    0.939526    0.939526           0
           1     3.10239    0.955477    0.955477           0
           1     3.16702    0.943279    0.943279           0
           1     3.23165    0.947725    0.947725           0
           1     3.29629    0.947496    0.947496           0
           1     3.36092    0.949963    0.949963           0
           1     3.42555    0.946208    0.946208           0
           1     3.49018    0.945284    0.945284           0
           1     3.55482    0.955682    0.955682           0
           1     3.61945    0.945542    0.945542           0
           1     3.68408     0.97042     0.97042           0
           1     3.74872    0.966394    0.966394           0
           1     3.81335    0.950464    0.950464           0
           1     3.87798    0.975788    0.975788           0
           1     3.94262    0.963534    0.963534           0
           1     4.00725      0.9631      0.9631           0
           1     4.07188    0.968578    0.968578           0
           1     4.13651    0.973543    0.973543           0
           1     4.20115    0.962083    0.962083           0
           1     4.26578     0.97212     0.97212           0
           1     4.33041     0.96756     0.96756           0
           1     4.39505    0.962315    0.962315           0
           1     4.45968    0.967206    0.967206           0
           1     4.52431    0.967855    0.967855           0
           1     4.58895    0.979235    0.979235           0
           1     4.65358    0.970227    0.970227           0
           1     4.71821    0.984317    0.984317           0
           1     4.78285    0.969123    0.969123           0
           1     4.84748    0.991208    0.991208           0
           1     4.91211    0.989862    0.989862           0
           1     4.97674    0.998213    0.998213           0
           1     5.04138    0.983306    0.983306           0
           1     5.10601      0.9947      0.9947           0
           1     5.17064    0.986211    0.986211           0
           1     5.23528    0.986727    0.986727           0
           1     5.29991    0.988099    0.988099           0
           1     5.36454    0.995934    0.995934           0
           1     5.42918    0.989669    0.989669           0
           1     5.49381    0.991442    0.991442           0
           1     5.55844    0.992358    0.992358           0
           1     5.62307     1.00375     1.00375           0
           1     5.68771    0.994842    0.994842           0
           1     5.75234    0.997891    0.997891           0
           1     5.81697     1.00196     1.00196           0
           1     5.88161     0.99266     0.99266           0
           1     5.94624     1.00252     1.00252           0
           1     6.01087    0.994824    0.994824           0
           1     6.07551    0.999612    0.999612           0
           1     6.14014    0.985753    0.985753           0
           1     6.20477    0.988815    0.988815           0
           1      6.2694    0.993921    0.993921           0
           1     6.33404    0.992147    0.992147           0
           1     6.39867    0.992824    0.992824           0
