-0.0351882
-0.0462302
-0.051356
-0.0681538
-0.0847503
-0.126944
-0.150405
-0.173461
-0.163723
-0.190775
-0.222515
-0.233592
-0.242873
-0.310206
-0.297483
-0.305819
-0.30154
-0.299652
-0.323878
-0.312735
-0.29671
-0.312297
-0.309908
-0.311794
-0.300662
-0.300205
-0.317241
-0.305425
-0.34279
-0.352319
-0.380789
-0.360265
-0.383857
-0.352798
-0.329567
-0.324651
-0.314634
-0.372819
-0.323533
-0.372323
-0.417327
-0.368686
-0.372733
-0.368519
-0.386551
-0.379267
-0.422612
-0.433093
-0.410172
-0.431488
-0.471631
-0.41477
-0.429851
-0.411164
-0.426062
-0.410024
-0.394711
-0.43632
-0.444069
-0.442183
-0.460016
-0.456313
-0.464439
-0.480467
-0.456064
-0.434793
-0.41579
-0.389795
-0.39087
-0.39403
-0.411394
-0.42297
-0.390098
-0.401517
-0.377376
-0.362188
-0.434194
-0.40071
-0.387617
-0.453176
-0.43216
-0.495744
-0.421224
-0.434572
-0.439765
-0.380941
-0.393228
-0.39231
-0.435428
-0.404406
-0.399425
-0.451358
-0.407409
-0.409046
-0.434328
-0.438447
-0.475053
-0.486136
-0.494013
-0.448529
-0.445339
-0.391116
-0.397053
-0.401977
-0.32913
-0.355728
-0.389072
-0.43186
-0.379701
-0.391892
-0.353369
-0.402828
-0.404086
-0.436891
-0.456606
-0.367606
-0.426537
-0.419615
-0.396218
-0.470187
-0.48763
-0.485315
-0.469045
-0.457181
-0.415651
-0.398942
-0.410967
-0.407897
-0.458048
-0.431018
-0.421121
-0.420938
-0.413144
-0.424938
-0.444573
-0.414509
-0.429084
-0.420441
-0.403337
-0.397362
-0.396587
-0.416433
-0.379408
-0.352852
-0.329241
-0.330587
-0.327069
-0.343148
-0.353821
-0.36447
-0.361362
-0.372685
-0.370882
-0.325108
-0.329894
-0.326599
-0.346953
-0.315301
-0.340177
-0.356052
-0.334018
-0.368361
-0.362416
-0.388649
-0.321379
-0.35703
-0.371358
-0.346702
-0.345288
-0.376117
-0.308415
-0.321735
-0.304497
-0.310133
-0.312817
-0.329966
-0.288641
-0.285531
-0.269069
-0.313606
-0.34556
-0.318658
-0.321809
-0.323648
-0.339705
-0.334295
-0.327409
-0.364931
-0.380514
-0.379575
-0.362323
-0.327843
-0.403209
-0.396634
-0.400672
-0.379635
-0.368925
-0.39161
-0.388371
-0.413289
-0.380046
-0.409884
-0.370213
-0.379363
-0.363397
-0.341413
-0.38356
-0.369175
-0.363258
-0.367181
-0.348015
-0.336412
-0.372004
-0.323205
-0.357177
-0.333908
-0.362259
-0.358864
-0.346785
-0.317865
-0.319464
-0.311729
-0.333692
-0.365308
-0.360999
-0.370625
-0.353093
-0.389823
-0.385304
-0.342312
-0.368766
-0.349443
-0.375538
-0.348063
-0.3568
-0.357309
-0.324945
-0.300127
-0.3178
-0.340451
-0.352692
-0.390587
-0.356899
-0.385438
-0.38151
-0.367969
-0.330585
-0.355885
-0.354416
-0.404794
-0.409469
-0.456074
-0.401646
-0.369362
-0.367654
-0.397072
-0.369332
-0.380936
-0.394556
-0.394578
-0.44357
-0.471124
-0.485661
-0.441033
-0.417313
-0.362234
-0.385672
-0.357354
-0.358478
-0.370657
-0.349338
-0.37974
-0.389982
-0.393022
-0.40985
-0.383837
-0.399739
-0.401191
-0.396342
-0.417579
-0.388938
-0.391771
-0.40005
-0.423545
-0.414051
-0.377174
-0.420305
-0.393094
-0.351503
-0.363402
-0.401554
-0.392287
-0.388398
-0.404116
-0.441602
-0.446876
-0.437061
-0.43106
-0.450737
-0.465854
-0.449265
-0.370809
-0.392926
-0.353376
-0.413009
-0.444342
-0.425745
-0.423481
-0.406906
-0.377635
-0.423572
-0.426066
-0.449795
-0.491438
-0.489585
-0.466485
-0.488307
-0.500371
-0.431165
-0.511322
-0.487133
-0.46118
-0.452833
-0.434813
-0.439222
-0.454385
-0.460637
-0.463456
-0.439732
-0.381637
-0.3791
-0.388778
-0.368406
-0.347917
-0.396678
-0.399426
-0.422034
-0.410331
-0.379416
-0.419083
-0.437085
-0.388938
-0.385097
-0.379903
-0.394318
-0.396509
-0.394102
-0.349853
-0.386914
-0.332334
-0.372803
-0.36512
-0.354659
-0.388625
-0.431154
-0.396581
-0.375596
-0.404378
-0.381358
-0.405109
-0.41449
-0.399214
-0.368938
-0.39096
-0.380324
-0.427103
-0.409683
-0.391328
-0.436133
-0.422982
-0.418708
-0.431138
-0.374067
-0.401357
-0.420495
-0.403997
-0.373863
-0.390511
-0.383706
-0.408234
-0.416524
-0.404861
-0.400124
-0.369405
-0.377038
-0.38159
-0.34481
-0.319627
-0.318233
-0.302363
-0.321518
-0.346475
-0.35966
-0.369683
-0.33359
-0.402758
-0.427989
-0.420687
-0.413495
-0.427133
-0.473592
-0.444178
-0.403267
-0.409644
-0.373852
-0.39231
-0.381064
-0.367176
-0.411682
-0.401088
-0.437081
-0.448749
-0.446288
-0.391416
-0.396619
-0.413233
-0.422158
-0.408696
-0.410803
-0.403597
-0.440947
-0.467376
-0.461413
-0.422783
-0.471466
-0.48887
-0.482393
-0.470081
-0.486458
-0.545302
-0.578242
-0.523505
-0.52316
-0.528306
-0.526953
-0.531338
-0.500288
-0.469569
-0.419593
-0.441017
-0.435679
-0.422022
-0.415171
-0.379229
-0.394784
-0.363293
-0.385533
-0.358539
-0.384334
-0.381629
-0.404051
-0.40421
-0.358992
-0.401661
-0.399481
-0.412997
-0.41307
-0.398057
-0.414551
-0.425858
-0.39735
-0.383666
-0.393526
-0.398964
-0.359326
-0.400265
-0.400341
-0.469661
-0.415016
-0.344037
-0.375995
-0.317348
-0.309876
-0.353871
-0.334573
-0.350479
-0.331045
-0.382078
-0.383576
-0.38325
-0.376294
-0.379105
-0.421907
-0.422164
-0.429548
-0.454741
-0.473666
-0.469481
-0.494327
-0.394579
-0.390762
-0.422046
-0.409589
-0.381156
-0.401876
-0.392376
-0.382361
-0.39179
-0.393397
-0.469331
-0.437809
-0.41051
-0.38501
-0.416523
-0.434883
-0.428195
-0.443341
-0.403177
-0.419292
-0.419677
-0.430765
-0.427564
-0.358629
-0.378017
-0.417104
-0.43999
-0.430465
-0.468091
-0.457794
-0.501286
-0.501413
-0.514454
-0.468247
-0.472573
-0.46945
-0.468279
-0.462214
-0.456735
-0.440544
-0.428494
-0.453383
-0.461624
-0.422335
-0.425073
-0.408122
-0.434205
-0.424734
-0.402639
-0.441298
-0.410846
-0.419587
-0.353251
-0.362722
-0.394876
-0.355405
-0.366779
-0.353822
-0.356166
-0.365044
-0.332913
-0.379851
-0.315277
-0.318103
-0.351665
-0.351185
-0.391925
-0.403627
-0.392023
-0.429465
-0.431185
-0.427339
-0.453291
-0.417419
-0.430961
-0.430274
-0.401658
-0.383884
-0.399859
-0.416143
-0.362734
-0.341375
-0.395859
-0.374771
-0.354912
-0.349738
-0.37642
-0.329932
-0.375589
-0.375249
-0.386407
-0.399016
-0.403645
-0.35424
-0.389758
-0.43074
-0.407559
-0.419939
-0.406267
-0.38819
-0.445582
-0.403801
-0.414529
-0.408634
-0.411275
-0.431178
-0.438674
-0.424431
-0.399603
-0.376554
-0.35828
-0.359438
-0.379239
-0.367199
-0.380602
-0.352213
-0.389328
-0.385777
-0.350637
-0.374103
-0.377274
-0.386827
-0.388044
-0.377788
-0.376141
-0.383606
-0.366902
-0.408022
-0.391798
-0.369396
-0.387784
-0.377745
-0.374638
-0.372329
-0.34494
-0.380561
-0.374922
-0.392855
-0.350519
-0.338285
-0.341144
-0.30941
-0.365319
-0.360083
-0.36681
-0.38776
-0.398102
-0.417252
-0.460526
-0.445724
-0.440093
-0.385824
-0.359681
-0.352014
-0.376514
-0.365545
-0.407117
-0.393795
-0.389889
-0.380537
-0.380387
-0.419453
-0.421097
-0.458884
-0.454493
-0.465599
-0.42126
-0.449057
-0.453176
-0.457006
-0.459854
-0.463764
-0.504165
-0.533884
-0.552209
-0.569366
-0.482827
-0.420045
-0.407077
-0.455282
-0.456608
-0.437012
-0.473888
-0.436027
-0.429019
-0.440755
-0.455138
-0.44097
-0.479216
-0.503533
-0.458415
-0.408945
-0.429719
-0.462055
-0.467641
-0.438986
-0.390572
-0.456948
-0.459333
-0.417885
-0.410147
-0.427927
-0.456207
-0.453477
-0.451346
-0.472333
-0.488039
-0.431096
-0.469329
-0.478776
-0.496729
-0.439011
-0.42958
-0.443937
-0.43667
-0.435407
-0.439979
-0.393318
-0.37699
-0.423545
-0.452082
-0.461928
-0.458051
-0.496558
-0.464083
-0.480426
-0.458276
-0.424085
-0.426042
-0.414041
-0.425662
-0.383629
-0.327486
-0.327036
-0.290153
-0.333602
-0.314271
-0.380221
-0.406635
-0.394345
-0.351682
-0.339669
-0.359585
-0.374042
-0.373874
-0.369476
-0.323635
-0.332639
-0.348541
-0.340191
-0.299629
-0.352371
-0.360258
-0.33191
-0.317476
-0.385694
-0.372691
-0.339059
-0.332007
-0.377112
-0.366172
-0.354887
-0.37837
-0.378516
-0.38405
-0.390936
-0.389832
-0.378693
-0.435249
-0.444446
-0.48645
-0.509619
-0.507635
-0.434319
-0.444122
-0.414172
-0.393015
-0.364142
-0.374029
-0.344174
-0.370906
-0.395123
-0.403479
-0.427289
-0.467687
-0.466071
-0.463254
-0.434163
-0.430264
-0.392718
-0.40248
-0.43475
-0.413662
-0.456436
-0.46481
-0.43958
-0.439166
-0.460727
-0.418345
-0.432567
-0.457735
-0.475133
-0.429909
-0.453045
-0.38884
-0.409494
-0.441002
-0.441089
-0.439529
-0.419718
-0.418211
-0.348118
-0.346687
-0.414833
-0.403715
-0.396371
-0.429805
-0.417252
-0.401793
-0.395374
-0.439692
-0.441727
-0.447323
-0.473032
-0.47783
-0.47505
-0.43166
-0.48136
-0.417626
-0.461315
-0.465033
-0.439543
-0.417166
-0.401847
-0.390484
-0.417481
-0.419982
-0.426969
-0.426455
-0.411487
-0.39742
-0.394849
-0.355747
-0.386959
-0.337145
-0.355922
-0.354405
-0.35247
-0.357634
-0.349681
-0.375432
-0.347828
-0.33619
-0.317281
-0.343835
-0.349936
-0.337314
-0.388327
-0.345401
-0.372353
-0.39336
-0.419024
-0.452711
-0.467069
-0.428014
-0.43232
-0.418958
-0.411804
-0.447514
-0.458332
-0.500451
-0.469198
-0.435
-0.471188
-0.497389
-0.476196
-0.481606
-0.475332
-0.513377
-0.480785
-0.466001
-0.423154
-0.458058
-0.419583
-0.371863
-0.405084
-0.4436
-0.483863
-0.494909
-0.491874
-0.448612
-0.440707
-0.41863
-0.415203
-0.412935
-0.3743
-0.38466
-0.376495
-0.419618
-0.418423
-0.413945
-0.422561
-0.364211
-0.374675
-0.388692
-0.378275
-0.389767
-0.399731
-0.410228
-0.393392
-0.397188
-0.435417
-0.45198
-0.44262
-0.439886
-0.437378
-0.469235
-0.448968
-0.459071
-0.478989
-0.493317
-0.459238
-0.405955
-0.456015
-0.420728
-0.421113
-0.430322
-0.457096
-0.4412
-0.439661
-0.430664
-0.495115
-0.488655
-0.509412
-0.48566
-0.460885
-0.440232
-0.40915
-0.361659
-0.371517
-0.42048
-0.441196
-0.485658
-0.453184
-0.404431
-0.411655
-0.404993
-0.358871
-0.381124
-0.39288
-0.391362
-0.3675
-0.396066
-0.40212
-0.469884
-0.476023
-0.430576
-0.424873
-0.429765
-0.44136
-0.399574
-0.390756
-0.395537
-0.36519
-0.328037
-0.354783
-0.39004
-0.356802
-0.337119
-0.346405
-0.30699
-0.293254
-0.340525
-0.35944
-0.348272
-0.352497
-0.374311
-0.376505
-0.390155
-0.379031
-0.380471
-0.350005
-0.353357
-0.376101
-0.374098
-0.388971
-0.397704
-0.421609
-0.420295
-0.37737
-0.34627
-0.364999
-0.381414
-0.422341
-0.417557
-0.434949
-0.428438
-0.429637
-0.404871
-0.419927
-0.375715
-0.442066
-0.414507
-0.423315
-0.395112
-0.323637
-0.395783
-0.368719
-0.354987
-0.342169
-0.32769
-0.34943
