0 -0.767708 0.00419496
1 -0.767607 0.00419262
2 -0.767236 0.00425865
3 -0.766941 0.00416581
4 -0.767517 0.00414436
5 -0.76764 0.00412266
6 -0.767821 0.00406386
7 -0.768398 0.00401672
8 -0.768037 0.00399543
9 -0.768055 0.00403213
10 -0.768738 0.00405441
11 -0.769017 0.00391929
12 -0.769188 0.00377039
13 -0.769067 0.00363351
14 -0.769392 0.00351216
15 -0.770503 0.0034625
16 -0.770825 0.00354394
17 -0.770688 0.00353999
18 -0.770708 0.00357318
19 -0.770107 0.00366661
20 -0.770226 0.00366102
21 -0.77021 0.00373868
22 -0.770419 0.00363623
23 -0.770464 0.00365596
24 -0.770083 0.00362541
25 -0.770852 0.00361653
26 -0.771009 0.00368138
27 -0.770919 0.00364991
28 -0.770697 0.0035112
29 -0.770772 0.00352491
30 -0.770847 0.00353076
31 -0.770713 0.00350156
32 -0.771252 0.00356953
33 -0.770934 0.00358008
34 -0.771102 0.00354993
35 -0.77016 0.0035661
36 -0.770131 0.00358648
37 -0.769604 0.00359167
38 -0.769805 0.00358707
39 -0.769774 0.00356041
40 -0.769708 0.0034879
41 -0.769341 0.00351584
42 -0.769901 0.00341361
43 -0.769704 0.00343293
44 -0.769852 0.0033994
45 -0.769943 0.00334122
46 -0.769717 0.00339651
47 -0.769487 0.0034037
48 -0.76929 0.00348229
49 -0.769266 0.00347931
50 -0.768964 0.00348095
51 -0.768714 0.00340925
52 -0.769057 0.00329945
53 -0.769203 0.00333099
54 -0.768811 0.00325846
55 -0.768654 0.00324821
56 -0.768852 0.00319735
57 -0.768846 0.00330367
58 -0.768962 0.00330538
59 -0.769501 0.00336401
60 -0.769622 0.00335278
61 -0.769587 0.00317531
62 -0.769027 0.00320531
63 -0.768887 0.0032582
64 -0.768935 0.00326305
65 -0.76919 0.00335167
66 -0.769387 0.00331034
67 -0.769186 0.00327223
68 -0.769481 0.00340018
69 -0.769711 0.00335413
70 -0.770363 0.00335199
71 -0.770109 0.00340424
72 -0.770315 0.00329459
73 -0.769875 0.00332421
74 -0.769591 0.0034271
75 -0.769484 0.00339672
76 -0.769466 0.00352157
77 -0.768724 0.00354686
78 -0.768691 0.00360449
79 -0.768372 0.0036514
80 -0.76871 0.00369909
81 -0.768855 0.00370103
82 -0.768709 0.00365072
83 -0.768859 0.00371338
84 -0.769148 0.00376947
85 -0.769493 0.00375319
86 -0.769252 0.00371596
87 -0.769451 0.00370702
88 -0.769497 0.00367332
89 -0.769412 0.0036578
90 -0.769365 0.00360152
91 -0.769511 0.00354814
92 -0.769656 0.00349935
93 -0.769024 0.00347624
94 -0.76948 0.00341328
95 -0.769543 0.00347455
96 -0.769434 0.00351634
97 -0.76956 0.00360778
98 -0.769111 0.00358246
99 -0.768787 0.00360691
100 -0.769223 0.00359572
101 -0.769619 0.00373224
102 -0.769598 0.00367195
103 -0.76979 0.0036175
104 -0.770081 0.00351038
105 -0.769874 0.00354938
106 -0.770072 0.00343766
107 -0.769642 0.00339446
108 -0.769403 0.00333983
109 -0.769654 0.00329843
110 -0.770058 0.0032678
111 -0.769901 0.00332929
112 -0.770276 0.00331131
113 -0.770304 0.00333647
114 -0.770619 0.00334538
115 -0.770735 0.00340095
116 -0.770897 0.0034069
117 -0.771076 0.00341769
118 -0.770584 0.0033944
119 -0.770679 0.00340063
120 -0.770989 0.00338468
121 -0.771643 0.00340035
122 -0.771446 0.00339677
123 -0.771543 0.00336541
124 -0.771632 0.00330108
125 -0.771678 0.00325071
126 -0.771791 0.00340417
127 -0.772174 0.00336257
128 -0.771941 0.00334661
129 -0.772277 0.00337905
130 -0.773101 0.00334615
131 -0.772912 0.00336644
132 -0.773119 0.00322625
133 -0.772966 0.00311214
134 -0.772771 0.00312534
135 -0.772755 0.0030616
136 -0.772302 0.00296
137 -0.772647 0.00291961
138 -0.772401 0.00294154
139 -0.772719 0.00288908
140 -0.772952 0.00284732
141 -0.772804 0.00294946
142 -0.773031 0.00291701
143 -0.773057 0.00298679
144 -0.773006 0.00297609
145 -0.772838 0.00295291
146 -0.772599 0.00287606
147 -0.772249 0.00284014
148 -0.772157 0.00277395
149 -0.77213 0.00276969
150 -0.772122 0.00291211
151 -0.772177 0.00281941
152 -0.772398 0.00282459
153 -0.772229 0.00297616
154 -0.772308 0.0031394
155 -0.772053 0.00322514
156 -0.771892 0.00324912
157 -0.77186 0.00328773
158 -0.771804 0.00342765
159 -0.771875 0.00334452
160 -0.771733 0.00332203
161 -0.77198 0.00331004
162 -0.771862 0.00336278
163 -0.772063 0.0033266
164 -0.771498 0.00328186
165 -0.771276 0.00343985
166 -0.771427 0.00334936
167 -0.771712 0.00339073
168 -0.771204 0.00342696
169 -0.771425 0.0034487
170 -0.771703 0.00343402
171 -0.772064 0.0033622
172 -0.771777 0.00325128
173 -0.771548 0.00330804
174 -0.77181 0.00328417
175 -0.77162 0.00325075
176 -0.771697 0.00327231
177 -0.771318 0.00339524
178 -0.771324 0.0033655
179 -0.771297 0.00336166
180 -0.771369 0.00324956
181 -0.771578 0.00329461
182 -0.771621 0.00333974
183 -0.771758 0.00334343
184 -0.771958 0.00342728
185 -0.771702 0.00342167
186 -0.771779 0.00332677
187 -0.771771 0.00326278
188 -0.771765 0.00330172
189 -0.772034 0.00319735
190 -0.771661 0.00314688
191 -0.771883 0.00320289
192 -0.771939 0.0032107
193 -0.771834 0.00321289
194 -0.771997 0.00317493
195 -0.771856 0.00321855
196 -0.771844 0.00320864
197 -0.771755 0.00318813
198 -0.77147 0.0032726
199 -0.771448 0.00313797
200 -0.771219 0.00305806
201 -0.771015 0.00310358
202 -0.770653 0.00314477
203 -0.77084 0.00313391
204 -0.77077 0.00312898
205 -0.770929 0.00312458
206 -0.77026 0.0031811
207 -0.770141 0.00321048
208 -0.769219 0.00322348
209 -0.768941 0.00320353
210 -0.768823 0.00312689
211 -0.769037 0.00323924
212 -0.769269 0.00326513
213 -0.769417 0.0032966
214 -0.769519 0.00334065
215 -0.769709 0.00337482
216 -0.76995 0.00340869
217 -0.769769 0.00331999
218 -0.769757 0.00325564
219 -0.769162 0.00327267
220 -0.768921 0.00314803
221 -0.768536 0.00309853
222 -0.769398 0.00303756
223 -0.769424 0.00305452
224 -0.769617 0.00309407
225 -0.769626 0.00305918
226 -0.769374 0.00307325
227 -0.768942 0.0030009
228 -0.768617 0.00297302
229 -0.768725 0.00303739
230 -0.768684 0.00292211
231 -0.76915 0.00307596
232 -0.769519 0.00300858
233 -0.769331 0.00298347
234 -0.769319 0.00294125
235 -0.769324 0.0028979
236 -0.769172 0.00294082
237 -0.769198 0.00282802
238 -0.76922 0.00278958
239 -0.769066 0.00281064
240 -0.768952 0.00279905
241 -0.768454 0.00283351
242 -0.768405 0.00287697
243 -0.768391 0.00286354
244 -0.7684 0.00281218
245 -0.76842 0.0028441
246 -0.768248 0.00281211
247 -0.767979 0.0027751
248 -0.767643 0.00277301
249 -0.767876 0.00286983
250 -0.767818 0.00292745
251 -0.767409 0.00282888
252 -0.766825 0.0028296
253 -0.766621 0.00282814
254 -0.766573 0.00275763
255 -0.766411 0.00285533
256 -0.76658 0.00276021
257 -0.766442 0.0028784
258 -0.766203 0.00295869
259 -0.766147 0.00289482
260 -0.766132 0.00294357
261 -0.766014 0.00297784
262 -0.765936 0.00299799
263 -0.76615 0.00292799
264 -0.766044 0.00294264
265 -0.765971 0.0028747
266 -0.76659 0.00301335
267 -0.766804 0.00306665
268 -0.76658 0.00322555
269 -0.766541 0.00329789
270 -0.766712 0.00332036
271 -0.766653 0.00329027
272 -0.766473 0.0032213
273 -0.765993 0.00320998
274 -0.765616 0.00327831
275 -0.765457 0.00324849
276 -0.765081 0.00333045
277 -0.765 0.00338106
278 -0.765362 0.0033695
279 -0.765088 0.00337096
280 -0.765347 0.00329382
281 -0.765409 0.00335292
282 -0.76476 0.00331014
283 -0.76495 0.00323034
284 -0.764493 0.0032029
285 -0.764106 0.00320597
286 -0.763629 0.00314269
287 -0.763718 0.00318134
288 -0.763528 0.00307965
289 -0.763552 0.00314621
290 -0.762714 0.00328233
291 -0.762182 0.0033474
292 -0.762481 0.00332251
293 -0.762502 0.00333576
294 -0.76239 0.00332644
295 -0.762399 0.0032826
296 -0.762616 0.003294
297 -0.762548 0.00336763
298 -0.762526 0.00343015
299 -0.761725 0.00350121
