0.294918   -0.213158   0.294299
0.010006   0.362857   -0.285263
-0.328304   0.491299   -0.275931
-0.238718   0.0352853   0.456021
0.285237   0.222762   0.247613
0.105523   0.431305   0.494022
-0.320407   0.291878   0.146219
0.201102   0.234838   -0.403559
-0.215752   0.120231   -0.317864
-0.230478   -0.329553   0.224077
-0.415996   0.237701   0.277674
-0.316516   -0.349844   -0.344911
-0.329631   0.246026   -0.104653
-0.41813   0.177674   -0.119839
0.0112236   0.425984   0.015127
0.0194282   0.12732   0.481544
-0.419866   -0.32807   -0.448947
0.279846   -0.323036   0.0578569
0.290731   -0.190561   0.142347
-0.385493   0.218956   0.187032
-0.121861   -0.310536   0.387473
-0.0786247   0.332814   -0.200747
0.194244   0.205622   0.00939973
0.0145249   0.380168   -0.397382
-0.278731   0.179669   0.156571
0.129977   -0.498979   0.00667768
0.120651   0.462392   -0.0785058
-0.388048   -0.344566   0.230364
0.422992   0.355817   -0.169725
-0.00469777   -0.229252   0.00864346
-0.481462   0.0617341   -0.214626
-0.454617   -0.317563   0.178268
-0.345954   -0.132065   -0.19059
0.427687   -0.292742   -0.182966
-0.332219   0.389447   0.430947
0.43647   0.351828   -0.245443
-0.491665   0.309396   0.407809
-0.142062   -0.494257   -0.443977
0.262675   0.0763322   -0.438636
0.0409224   -0.485715   0.247442
0.0804967   -0.373523   -0.231791
0.211558   -0.190025   0.459446
-0.385025   -0.172823   0.23973
-0.0757425   -0.485081   0.136456
-0.273454   -0.381027   -0.146733
0.150335   -0.47547   0.149232
-0.411506   -0.452796   0.14451
0.230114   0.286961   -0.471895
-0.102962   0.198931   -0.167534
-0.141342   -0.0555513   0.0691191
0.112842   0.275762   0.0320387
-0.267745   0.370729   -0.117295
0.124044   -0.0530572   0.465022
0.328688   0.142054   0.195539
0.396494   -0.314563   0.458143
0.119299   0.13173   0.482721
-0.0627358   -0.298367   0.210418
0.112009   -0.136029   0.292261
-0.315543   -0.219944   -0.284225
0.116139   -0.390964   0.0768227
0.482259   0.260672   0.203829
0.099525   -0.392735   -0.453638
-0.038739   0.194908   -0.0950956
0.164673   0.449137   0.0761612
0.146295   0.242014   0.12121
0.103911   -0.277741   0.266457
0.423007   0.276922   -0.171895
0.200396   -0.491026   -0.318715
-0.30191   -0.0706255   0.287306
0.155323   0.216526   -0.102786
-0.37374   0.295564   -0.403444
0.413473   -0.250163   -0.49242
-0.0679947   -0.309017   -0.16067
0.150435   -0.0848611   -0.104944
-0.0268838   0.250092   -0.169366
0.0728683   0.190862   0.117995
-0.201905   -0.358083   0.348259
0.427288   0.273954   -0.0658468
-0.238579   0.126428   0.0637643
0.307816   -0.0289249   0.438901
0.271791   -0.188905   -0.279304
0.183347   0.252208   0.355951
-0.000973115   -0.142287   -0.061089
0.223674   0.462582   0.281002
-0.412587   -0.194173   -0.043317
0.0556259   -0.393682   0.463382
-0.0276436   -0.0220402   -0.186555
0.0301576   -0.355455   0.166486
-0.498924   -0.210322   -0.463217
-0.16419   -0.0525801   -0.140775
0.441126   0.153394   -0.41061
0.218709   -0.413288   -0.397945
-0.10051   -0.42823   -0.0942749
-0.281662   -0.252401   0.45752
0.403876   0.232419   -0.403747
-0.103184   0.257165   -0.231333
0.285637   -0.469636   -0.00174627
0.0902812   -0.296538   -0.130568
-0.201772   0.29203   -0.435076
0.0221306   0.326496   -0.45179
-0.14042   -0.18054   0.346083
-0.118209   0.314118   -0.49359
0.189269   0.23901   -0.248498
0.219434   -0.101262   0.356246
0.361753   -0.369539   0.335216
0.137413   -0.178804   -0.493932
0.0282778   0.380082   0.126564
-0.0780195   0.301162   -0.109613
