           1   0.0489009   0.0489009           0
           2   0.0486366   0.0487687 0.000132132
           3   0.0490316   0.0488564 0.000116189
           4   0.0489466   0.0488789  8.5199e-05
           5   0.0492505   0.0489533 9.93939e-05
           6   0.0486665   0.0489055 9.41822e-05
           7   0.0489132   0.0489066 7.96062e-05
           8   0.0494748   0.0489776 9.89855e-05
           9   0.0488756   0.0489663 8.80293e-05
          10   0.0484214   0.0489118 9.57524e-05
          11   0.0492515   0.0489427 9.19514e-05
          12   0.0485884   0.0489131 8.89799e-05
          13   0.0491863   0.0489342 8.45034e-05
          14    0.048741   0.0489204 7.94426e-05
          15   0.0488887   0.0489182 7.39871e-05
          16   0.0478064   0.0488488 9.80731e-05
          17   0.0495328    0.048889 0.000100527
          18   0.0499436   0.0489476 0.000111425
          19   0.0486839   0.0489337 0.000106307
          20   0.0487635   0.0489252  0.00010121
          21   0.0487302   0.0489159 9.67166e-05
          22   0.0494161   0.0489386 9.49768e-05
          23   0.0486451   0.0489259 9.16468e-05
          24    0.048455   0.0489063 8.99121e-05
          25   0.0495251    0.048931  8.9723e-05
          26   0.0489576    0.048932 8.62091e-05
          27   0.0496708   0.0489594 8.73507e-05
          28    0.049175   0.0489671 8.45246e-05
          29   0.0482513   0.0489424  8.5211e-05
          30    0.049215   0.0489515 8.28214e-05
          31   0.0492117   0.0489599 8.05437e-05
          32   0.0493093   0.0489708 7.87467e-05
          33   0.0489649   0.0489706 7.63234e-05
          34   0.0487581   0.0489644 7.43081e-05
          35   0.0489183   0.0489631 7.21658e-05
          36   0.0492289   0.0489704 7.05202e-05
          37   0.0495413   0.0489859 7.03018e-05
          38   0.0482951   0.0489677    7.08e-05
          39   0.0487301   0.0489616 6.92294e-05
          40   0.0484587    0.048949 6.86378e-05
          41   0.0494416    0.048961 6.80123e-05
          42   0.0497683   0.0489803 6.91001e-05
          43    0.048895   0.0489783 6.75031e-05
          44   0.0491693   0.0489826 6.60938e-05
          45   0.0490823   0.0489848 6.46463e-05
          46   0.0495831   0.0489978 6.45492e-05
          47   0.0494181   0.0490068 6.37906e-05
          48   0.0491783   0.0490104 6.25496e-05
          49   0.0485337   0.0490006 6.20274e-05
          50   0.0491919   0.0490045 6.08945e-05
          51   0.0487942   0.0490003 5.98308e-05
          52   0.0489532   0.0489994 5.86759e-05
          53   0.0488335   0.0489963 5.76433e-05
          54   0.0486939   0.0489907 5.68423e-05
          55   0.0488311   0.0489878 5.58746e-05
          56   0.0487763    0.048984 5.49976e-05
          57   0.0483804   0.0489734 5.50524e-05
          58   0.0489671   0.0489733  5.4095e-05
          59   0.0488123   0.0489706 5.32402e-05
          60   0.0484655   0.0489622 5.30179e-05
          61   0.0491549   0.0489653 5.22371e-05
          62     0.04842   0.0489565  5.2135e-05
          63   0.0492251   0.0489608 5.14776e-05
          64   0.0487323   0.0489572 5.07924e-05
          65    0.048975   0.0489575 5.00057e-05
          66   0.0477734   0.0489396 5.24087e-05
          67   0.0490387    0.048941 5.16418e-05
          68   0.0490352   0.0489424 5.08955e-05
          69   0.0484657   0.0489355 5.06262e-05
          70   0.0489232   0.0489353  4.9898e-05
          71    0.049261   0.0489399 4.94036e-05
          72   0.0496605   0.0489499 4.97301e-05
          73   0.0488421   0.0489485 4.90664e-05
          74   0.0490775   0.0489502 4.84302e-05
          75   0.0485448   0.0489448 4.80849e-05
          76   0.0486844   0.0489414 4.75715e-05
          77   0.0489573   0.0489416 4.69501e-05
          78   0.0493813   0.0489472 4.66859e-05
          79    0.048655   0.0489435 4.62394e-05
          80   0.0500417   0.0489572 4.76768e-05
          81   0.0493256   0.0489618 4.73036e-05
          82   0.0494236   0.0489674 4.70614e-05
          83   0.0485276   0.0489621  4.6792e-05
          84   0.0481637   0.0489526 4.71987e-05
          85   0.0488457   0.0489514 4.66571e-05
          86   0.0492157   0.0489544 4.62137e-05
          87    0.048303   0.0489469 4.62891e-05
          88    0.049564    0.048954 4.62942e-05
          89   0.0488434   0.0489527  4.5788e-05
          90   0.0493244   0.0489568 4.54643e-05
          91   0.0478061   0.0489442 4.67064e-05
          92   0.0485117   0.0489395 4.64345e-05
          93   0.0486572   0.0489365 4.60327e-05
          94   0.0491739    0.048939 4.56104e-05
          95   0.0488897   0.0489385 4.51307e-05
          96   0.0490665   0.0489398  4.4678e-05
          97   0.0485108   0.0489354 4.44357e-05
          98    0.048773   0.0489337 4.40111e-05
          99   0.0484909   0.0489293 4.37933e-05
         100    0.049214   0.0489321 4.34466e-05
         101   0.0495001   0.0489377 4.33803e-05
         102   0.0486364   0.0489348 4.30544e-05
         103   0.0484368   0.0489299 4.29076e-05
         104   0.0491742   0.0489323 4.25579e-05
         105   0.0488357   0.0489314 4.21606e-05
         106    0.048195   0.0489244 4.23348e-05
         107   0.0489065   0.0489242 4.19376e-05
         108   0.0485442   0.0489207 4.16963e-05
         109   0.0487817   0.0489195 4.13317e-05
         110   0.0489386   0.0489196 4.09546e-05
         111   0.0492728   0.0489228 4.07084e-05
         112   0.0487193    0.048921 4.03842e-05
         113   0.0489744   0.0489215 4.00281e-05
         114    0.049215    0.048924 3.97588e-05
         115   0.0497281    0.048931  4.0027e-05
         116   0.0497168   0.0489378 4.02545e-05
         117   0.0490626   0.0489389 3.99232e-05
         118   0.0490309   0.0489397 3.95911e-05
         119    0.048738    0.048938 3.92935e-05
         120   0.0488252    0.048937  3.8976e-05
         121   0.0494021   0.0489409 3.88432e-05
         122   0.0489442   0.0489409 3.85235e-05
         123    0.048985   0.0489412 3.82107e-05
         124   0.0486947   0.0489393 3.79534e-05
         125   0.0490239   0.0489399 3.76546e-05
         126   0.0493919   0.0489435 3.75264e-05
         127    0.048774   0.0489422 3.72537e-05
         128   0.0487375   0.0489406  3.6996e-05
         129   0.0494682   0.0489447 3.69353e-05
         130   0.0500052   0.0489528  3.7547e-05
         131   0.0490111   0.0489533 3.72619e-05
         132   0.0487442   0.0489517 3.70125e-05
         133   0.0488871   0.0489512 3.67363e-05
         134   0.0490336   0.0489518 3.64663e-05
         135   0.0488754   0.0489513 3.61996e-05
         136   0.0490465    0.048952 3.59393e-05
         137   0.0495706   0.0489565 3.59606e-05
         138   0.0488372   0.0489556 3.57095e-05
         139   0.0476063   0.0489459 3.67566e-05
         140   0.0489524    0.048946 3.64931e-05
         141   0.0486894   0.0489441  3.6279e-05
         142   0.0483371   0.0489399 3.62754e-05
         143   0.0489173   0.0489397 3.60212e-05
         144   0.0493414   0.0489425 3.58787e-05
         145   0.0489501   0.0489425 3.56305e-05
         146   0.0489786   0.0489428 3.53865e-05
         147   0.0489692    0.048943 3.51454e-05
         148   0.0487372   0.0489416 3.49348e-05
         149   0.0488065   0.0489407 3.47114e-05
         150   0.0483172   0.0489365 3.47288e-05
         151   0.0490245   0.0489371  3.4503e-05
         152   0.0494709   0.0489406 3.44546e-05
         153   0.0491602    0.048942 3.42588e-05
         154   0.0494033    0.048945 3.41671e-05
         155   0.0491872   0.0489466 3.39819e-05
         156   0.0483534   0.0489428 3.39768e-05
         157   0.0489562   0.0489429 3.37598e-05
         158   0.0491713   0.0489443 3.35766e-05
         159   0.0489096   0.0489441 3.33654e-05
         160   0.0496453   0.0489485 3.34446e-05
         161   0.0489389   0.0489484 3.32363e-05
         162   0.0495026   0.0489519 3.32072e-05
         163    0.048249   0.0489475 3.32833e-05
         164   0.0486747   0.0489459 3.31215e-05
         165   0.0489329   0.0489458 3.29203e-05
         166   0.0494328   0.0489487 3.28526e-05
         167   0.0484841    0.048946 3.27736e-05
         168   0.0490034   0.0489463 3.25798e-05
         169   0.0483241   0.0489426  3.2595e-05
         170   0.0488504   0.0489421 3.24072e-05
         171   0.0489792   0.0489423 3.22179e-05
         172   0.0494288   0.0489451 3.21547e-05
         173   0.0490728   0.0489459 3.19768e-05
         174   0.0488258   0.0489452    3.18e-05
         175   0.0482529   0.0489412 3.18642e-05
         176   0.0499333   0.0489468 3.21802e-05
         177   0.0492235   0.0489484  3.2036e-05
         178   0.0491633   0.0489496 3.18784e-05
         179   0.0491386   0.0489507 3.17174e-05
         180   0.0489088   0.0489504 3.15416e-05
         181   0.0497494   0.0489549 3.16759e-05
         182   0.0496382   0.0489586 3.17244e-05
         183   0.0489748   0.0489587 3.15507e-05
         184   0.0495499   0.0489619 3.15428e-05
         185   0.0498144   0.0489665 3.17085e-05
         186   0.0490049   0.0489667 3.15382e-05
         187   0.0485304   0.0489644 3.14558e-05
         188   0.0488941    0.048964 3.12902e-05
         189   0.0495569   0.0489672 3.12819e-05
         190   0.0491505   0.0489681 3.11318e-05
         191   0.0481555   0.0489639 3.12593e-05
         192   0.0486621   0.0489623 3.11357e-05
         193   0.0486034   0.0489604 3.10297e-05
         194   0.0482759   0.0489569 3.10704e-05
         195   0.0496758   0.0489606 3.11297e-05
         196   0.0494044   0.0489629 3.10531e-05
         197   0.0484722   0.0489604 3.09953e-05
         198   0.0486169   0.0489586 3.08871e-05
         199   0.0484133   0.0489559 3.08535e-05
         200   0.0494182   0.0489582 3.07857e-05
         201   0.0488206   0.0489575 3.06398e-05
         202    0.049231   0.0489589 3.05178e-05
         203   0.0484178   0.0489562 3.04838e-05
         204   0.0491683   0.0489572 3.03518e-05
         205   0.0484748   0.0489549  3.0295e-05
         206   0.0479702   0.0489501 3.05242e-05
         207   0.0490793   0.0489507 3.03827e-05
         208   0.0485584   0.0489489 3.02951e-05
         209   0.0492074   0.0489501 3.01752e-05
         210   0.0495385   0.0489529 3.01616e-05
         211   0.0485663   0.0489511 3.00741e-05
         212   0.0491164   0.0489518 2.99421e-05
         213   0.0492785   0.0489534 2.98406e-05
         214   0.0486644    0.048952 2.97315e-05
         215   0.0489453    0.048952 2.95929e-05
         216   0.0479198   0.0489472 2.98407e-05
         217   0.0490138   0.0489475 2.97045e-05
         218   0.0488397    0.048947  2.9572e-05
         219    0.049341   0.0489488 2.94916e-05
         220   0.0492426   0.0489502 2.93876e-05
         221   0.0491994   0.0489513 2.92761e-05
         222   0.0490671   0.0489518 2.91486e-05
         223    0.048925   0.0489517 2.90178e-05
         224   0.0484903   0.0489496 2.89613e-05
         225   0.0484883   0.0489476 2.89051e-05
         226   0.0494605   0.0489498 2.88663e-05
         227   0.0487049   0.0489488 2.87591e-05
         228    0.048925   0.0489487 2.86329e-05
         229   0.0488476   0.0489482  2.8511e-05
         230   0.0493598     0.04895 2.84431e-05
         231   0.0487852   0.0489493 2.83287e-05
         232   0.0497672   0.0489528 2.84258e-05
         233   0.0489812   0.0489529 2.83038e-05
         234   0.0488828   0.0489526 2.81842e-05
         235   0.0489196   0.0489525 2.80643e-05
         236   0.0490413   0.0489529 2.79477e-05
         237   0.0494035   0.0489548 2.78944e-05
         238   0.0488255   0.0489542 2.77823e-05
         239   0.0493379   0.0489558 2.77123e-05
         240   0.0489601   0.0489559 2.75966e-05
         241   0.0493598   0.0489575 2.75329e-05
         242   0.0492669   0.0489588 2.74487e-05
         243   0.0495434   0.0489612 2.74411e-05
         244   0.0491573    0.048962 2.73403e-05
         245   0.0490977   0.0489626 2.72341e-05
         246   0.0481656   0.0489593 2.73159e-05
         247   0.0490969   0.0489599 2.72108e-05
         248    0.048823   0.0489593 2.71065e-05
         249   0.0490116   0.0489596 2.69982e-05
         250   0.0491444   0.0489603 2.69002e-05
         251   0.0492963   0.0489616 2.68262e-05
         252   0.0489693   0.0489617 2.67196e-05
         253   0.0485268   0.0489599 2.66692e-05
         254   0.0490002   0.0489601 2.65645e-05
         255    0.048837   0.0489596 2.64645e-05
         256   0.0486607   0.0489585 2.63868e-05
         257    0.048959   0.0489585 2.62839e-05
         258   0.0483338    0.048956 2.62935e-05
         259   0.0489077   0.0489558 2.61925e-05
         260    0.049203   0.0489568 2.61089e-05
         261   0.0490738   0.0489572 2.60125e-05
         262    0.048855   0.0489569  2.5916e-05
         263   0.0486806   0.0489558 2.58386e-05
         264    0.049145   0.0489565 2.57505e-05
         265   0.0491177   0.0489571 2.56603e-05
         266   0.0492902   0.0489584 2.55943e-05
         267   0.0491941   0.0489593 2.55136e-05
         268   0.0488494   0.0489589 2.54215e-05
         269   0.0498358   0.0489621 2.55358e-05
         270   0.0492114    0.048963 2.54578e-05
         271   0.0498129   0.0489662 2.55568e-05
         272   0.0500543   0.0489702  2.5775e-05
         273   0.0486828   0.0489691  2.5702e-05
         274   0.0495525   0.0489712 2.56964e-05
         275   0.0497031   0.0489739 2.57407e-05
         276   0.0489724   0.0489739 2.56472e-05
         277   0.0485182   0.0489723 2.56074e-05
         278   0.0486257    0.048971 2.55455e-05
         279   0.0490075   0.0489711 2.54541e-05
         280   0.0483952   0.0489691 2.54463e-05
         281   0.0494003   0.0489706  2.5402e-05
         282   0.0488721   0.0489703 2.53142e-05
         283   0.0492491   0.0489713 2.52438e-05
         284   0.0489027    0.048971 2.51559e-05
         285   0.0488138   0.0489705 2.50736e-05
         286   0.0492932   0.0489716 2.50112e-05
         287   0.0495054   0.0489735 2.49932e-05
         288    0.049178   0.0489742 2.49164e-05
         289   0.0499516   0.0489775 2.50593e-05
         290   0.0488798   0.0489772 2.49751e-05
         291   0.0494911    0.048979 2.49516e-05
         292   0.0488649   0.0489786 2.48691e-05
         293   0.0493128   0.0489797 2.48103e-05
         294   0.0491916   0.0489804 2.47363e-05
         295   0.0484096   0.0489785 2.47281e-05
         296   0.0487803   0.0489778 2.46535e-05
         297    0.048249   0.0489754 2.46926e-05
         298   0.0490856   0.0489758 2.46124e-05
         299   0.0492744   0.0489768 2.45503e-05
         300    0.048692   0.0489758 2.44867e-05
         301   0.0488937   0.0489755 2.44067e-05
         302   0.0489176   0.0489753 2.43266e-05
         303   0.0493749   0.0489767  2.4282e-05
         304   0.0489021   0.0489764 2.42032e-05
         305   0.0490152   0.0489765 2.41241e-05
         306   0.0483912   0.0489746 2.41211e-05
         307   0.0487573   0.0489739 2.40528e-05
         308   0.0478849   0.0489704 2.42339e-05
         309   0.0488271   0.0489699 2.41598e-05
         310   0.0487196   0.0489691 2.40952e-05
         311   0.0491802   0.0489698 2.40272e-05
         312   0.0489772   0.0489698 2.39501e-05
         313   0.0492953   0.0489709 2.38961e-05
         314   0.0488614   0.0489705 2.38224e-05
         315   0.0490301   0.0489707 2.37474e-05
         316     0.04823   0.0489684 2.37879e-05
         317   0.0488084   0.0489678 2.37182e-05
         318   0.0496254   0.0489699 2.37337e-05
         319   0.0481418   0.0489673 2.38012e-05
         320   0.0495856   0.0489693 2.38052e-05
         321   0.0487973   0.0489687  2.3737e-05
         322   0.0482719   0.0489666 2.37619e-05
         323   0.0487287   0.0489658 2.36996e-05
         324   0.0493139   0.0489669 2.36508e-05
         325   0.0481791   0.0489645 2.37022e-05
         326   0.0486671   0.0489636  2.3647e-05
         327   0.0493147   0.0489646  2.3599e-05
         328   0.0489587   0.0489646 2.35269e-05
         329       0.049   0.0489647 2.34555e-05
         330   0.0489854   0.0489648 2.33844e-05
         331   0.0489875   0.0489648 2.33138e-05
         332   0.0490537   0.0489651  2.3245e-05
         333   0.0487656   0.0489645 2.31828e-05
         334    0.048922   0.0489644 2.31137e-05
         335   0.0497586   0.0489668 2.31662e-05
         336   0.0487515   0.0489661  2.3106e-05
         337   0.0493507   0.0489673 2.30656e-05
         338   0.0489425   0.0489672 2.29974e-05
         339   0.0479614   0.0489642 2.31206e-05
         340   0.0495367   0.0489659 2.31139e-05
         341    0.049499   0.0489675  2.3099e-05
         342   0.0489566   0.0489674 2.30314e-05
         343     0.04894   0.0489674 2.29643e-05
         344   0.0493262   0.0489684 2.29211e-05
         345   0.0488171    0.048968 2.28588e-05
         346   0.0487717   0.0489674 2.27997e-05
         347   0.0490505   0.0489676 2.27352e-05
         348   0.0488408   0.0489673 2.26727e-05
         349   0.0491415   0.0489678 2.26131e-05
         350   0.0494914   0.0489693  2.2598e-05
         351   0.0487189   0.0489685 2.25448e-05
         352   0.0488969   0.0489683 2.24816e-05
         353   0.0489272   0.0489682 2.24181e-05
         354   0.0494225   0.0489695 2.23915e-05
         355   0.0492393   0.0489703 2.23413e-05
         356   0.0493877   0.0489714 2.23093e-05
         357   0.0489199   0.0489713 2.22471e-05
         358   0.0489489   0.0489712  2.2185e-05
         359   0.0485767   0.0489701 2.21504e-05
         360   0.0481939    0.048968 2.21938e-05
         361   0.0489153   0.0489678 2.21327e-05
         362   0.0498312   0.0489702    2.22e-05
         363   0.0492187   0.0489709 2.21493e-05
         364   0.0485438   0.0489697 2.21195e-05
         365   0.0492137   0.0489704  2.2069e-05
         366   0.0494978   0.0489718 2.20557e-05
         367   0.0491485   0.0489723 2.20008e-05
         368   0.0491505   0.0489728 2.19463e-05
         369    0.048826   0.0489724 2.18903e-05
         370    0.049234   0.0489731 2.18425e-05
         371   0.0485283   0.0489719 2.18165e-05
         372   0.0490039    0.048972  2.1758e-05
         373   0.0491756   0.0489726 2.17064e-05
         374   0.0486545   0.0489717  2.1665e-05
         375   0.0487121    0.048971 2.16183e-05
         376   0.0490916   0.0489713 2.15631e-05
         377   0.0491655   0.0489718  2.1512e-05
         378   0.0490248    0.048972 2.14554e-05
         379   0.0488501   0.0489717 2.14012e-05
         380   0.0489285   0.0489715 2.13451e-05
         381   0.0494471   0.0489728 2.13255e-05
         382   0.0492046   0.0489734 2.12783e-05
         383   0.0490908   0.0489737 2.12249e-05
         384   0.0490193   0.0489738 2.11699e-05
         385   0.0494007   0.0489749 2.11439e-05
         386   0.0493907    0.048976 2.11165e-05
         387   0.0493013   0.0489769 2.10787e-05
         388   0.0487382   0.0489762 2.10333e-05
         389   0.0494494   0.0489775 2.10143e-05
         390   0.0489968   0.0489775 2.09604e-05
         391   0.0494691   0.0489788 2.09445e-05
         392   0.0487137   0.0489781  2.0902e-05
         393   0.0487713   0.0489776 2.08554e-05
         394   0.0484647   0.0489763 2.08431e-05
         395   0.0485103   0.0489751 2.08237e-05
         396   0.0484752   0.0489738 2.08093e-05
         397   0.0490746   0.0489741 2.07584e-05
         398   0.0489821   0.0489741 2.07062e-05
         399   0.0493527    0.048975  2.0676e-05
         400   0.0488483   0.0489747 2.06267e-05
         401   0.0486269   0.0489739 2.05935e-05
         402   0.0492874   0.0489746  2.0557e-05
         403   0.0480786   0.0489724 2.06261e-05
         404   0.0485542   0.0489714  2.0601e-05
         405   0.0491385   0.0489718 2.05542e-05
         406   0.0490031   0.0489719 2.05036e-05
         407   0.0488254   0.0489715 2.04564e-05
         408   0.0490944   0.0489718 2.04084e-05
         409   0.0490112   0.0489719 2.03587e-05
         410   0.0486808   0.0489712 2.03214e-05
         411   0.0492225   0.0489718 2.02811e-05
         412   0.0494803    0.048973 2.02694e-05
         413   0.0490788   0.0489733 2.02219e-05
         414   0.0492427   0.0489739 2.01835e-05
         415   0.0497329   0.0489758 2.02177e-05
         416   0.0489647   0.0489757  2.0169e-05
         417    0.049369   0.0489767 2.01427e-05
         418   0.0487892   0.0489762 2.00994e-05
         419   0.0489924   0.0489763 2.00515e-05
         420   0.0494064   0.0489773 2.00299e-05
         421   0.0495953   0.0489788 2.00361e-05
         422   0.0492628   0.0489794 1.99999e-05
         423   0.0488377   0.0489791 1.99553e-05
         424   0.0493285   0.0489799 1.99253e-05
         425   0.0493085   0.0489807 1.98934e-05
         426   0.0490915    0.048981 1.98483e-05
         427   0.0486779   0.0489803 1.98145e-05
         428   0.0495927   0.0489817 1.98199e-05
         429   0.0490669   0.0489819 1.97746e-05
         430   0.0483786   0.0489805 1.97784e-05
         431   0.0493913   0.0489814 1.97554e-05
         432   0.0489043   0.0489813 1.97105e-05
         433   0.0492237   0.0489818 1.96729e-05
         434   0.0490063   0.0489819 1.96276e-05
         435   0.0499029    0.048984 1.96965e-05
         436   0.0492977   0.0489847 1.96645e-05
         437   0.0494544   0.0489858 1.96488e-05
         438   0.0491381   0.0489861  1.9607e-05
         439   0.0486225   0.0489853 1.95798e-05
         440    0.048844    0.048985 1.95379e-05
         441    0.049154   0.0489854 1.94973e-05
         442   0.0495003   0.0489865  1.9488e-05
         443   0.0486309   0.0489857 1.94605e-05
         444   0.0488372   0.0489854 1.94195e-05
         445   0.0493903   0.0489863 1.93972e-05
         446   0.0493531   0.0489871 1.93711e-05
         447   0.0486451   0.0489864 1.93429e-05
         448    0.049376   0.0489872 1.93192e-05
         449   0.0494093   0.0489882 1.92991e-05
         450   0.0492786   0.0489888 1.92669e-05
         451   0.0488867   0.0489886 1.92255e-05
         452   0.0492568   0.0489892 1.91921e-05
         453   0.0485723   0.0489883 1.91718e-05
         454   0.0495046   0.0489894 1.91633e-05
         455   0.0494291   0.0489904 1.91455e-05
         456   0.0491835   0.0489908 1.91082e-05
         457   0.0492125   0.0489913 1.90725e-05
         458    0.049512   0.0489924 1.90647e-05
         459   0.0484492   0.0489912 1.90599e-05
         460   0.0490944   0.0489915 1.90198e-05
         461   0.0497359   0.0489931 1.90471e-05
         462   0.0490856   0.0489933 1.90068e-05
         463   0.0495184   0.0489944 1.89996e-05
         464   0.0490426   0.0489945 1.89589e-05
         465   0.0489366   0.0489944 1.89185e-05
         466   0.0498088   0.0489961 1.89586e-05
         467    0.048429   0.0489949 1.89569e-05
         468   0.0488458   0.0489946  1.8919e-05
         469   0.0492776   0.0489952 1.88883e-05
         470   0.0491761   0.0489956  1.8852e-05
         471   0.0486991    0.048995 1.88225e-05
         472   0.0491043   0.0489952  1.8784e-05
         473   0.0493153   0.0489959 1.87564e-05
         474   0.0492006   0.0489963 1.87218e-05
         475   0.0490526   0.0489964 1.86827e-05
         476   0.0494321   0.0489973 1.86659e-05
         477   0.0480752   0.0489954 1.87267e-05
         478   0.0491555   0.0489957 1.86905e-05
         479   0.0489417   0.0489956 1.86518e-05
         480   0.0483723   0.0489943 1.86582e-05
         481   0.0487501   0.0489938 1.86262e-05
         482   0.0493618   0.0489946 1.86032e-05
         483    0.048825   0.0489942  1.8568e-05
         484   0.0488544   0.0489939 1.85318e-05
         485   0.0488992   0.0489937 1.84946e-05
         486   0.0494137   0.0489946 1.84767e-05
         487   0.0493679   0.0489954 1.84547e-05
         488   0.0500701   0.0489976 1.85481e-05
         489   0.0490677   0.0489977 1.85106e-05
         490    0.049645    0.048999   1.852e-05
         491   0.0488027   0.0489986 1.84866e-05
         492   0.0489576   0.0489986 1.84491e-05
         493   0.0491969    0.048999 1.84161e-05
         494   0.0493818   0.0489997 1.83951e-05
         495   0.0496183    0.049001 1.84004e-05
         496   0.0490264    0.049001 1.83633e-05
         497   0.0498684   0.0490028 1.84092e-05
         498   0.0482921   0.0490014 1.84276e-05
         499   0.0493368    0.049002 1.84029e-05
         500   0.0491583   0.0490023 1.83687e-05
