2.08235
2.02247
1.92275
1.78602
1.61744
1.42555
1.22276
1.02513
0.850444
0.714541
0.627497
0.591114
0.599118
0.639761
0.699234
0.764588
0.825514
0.875002
0.909251
0.927193
0.929874
0.919883
0.900779
0.876566
0.851309
0.828693
0.811897
0.803597
0.805938
0.820433
0.847713
0.887174
0.936645
0.992417
1.04975
1.10371
1.15003
1.18569
1.20919
1.22063
1.22163
1.21488
1.20355
1.19078
1.17894
1.16928
1.16193
1.15617
1.15094
1.14526
1.13846
1.13015
1.12016
1.10862
1.09591
1.08268
1.07004
1.05944
1.05257
1.05086
1.05511
1.06496
1.07886
1.09461
1.11014
1.1242
1.13653
1.14748
1.1574
1.16609
1.17298
1.1773
1.17863
1.17695
1.17271
1.16643
1.15863
1.14942
1.1386
1.12604
1.11226
1.09857
1.08689
1.07912
1.07594
1.07627
1.07764
1.07712
1.07231
1.06191
1.04594
1.02574
1.00372
0.982839
0.965872
0.954871
0.95094
0.95422
0.964086
0.979356
0.998263
1.0185
1.03723
1.05151
1.05878
1.0574
1.04707
1.02894
1.00549
0.980197
0.957084
0.94025
0.933191
0.938122
0.95579
0.985229
1.02408
1.06892
1.11587
1.16099
1.20075
1.23251
1.25463
1.2667
1.26949
1.26469
1.25463
1.24191
1.22872
1.2162
1.20417
1.19143
1.17669
1.15938
1.14015
1.12043
1.10151
1.08397
1.06777
1.05283
1.03918
1.02695
1.01615
1.00675
0.998741
0.992628
0.989349
0.990114
0.995824
1.00666
1.02192
1.04031
1.06038
1.08086
1.10081
1.11932
1.13545
1.14781
1.15463
1.15412
1.14507
1.12782
1.10468
1.07973
1.05766
1.04186
1.0329
1.02876
1.02668
1.02518
1.02466
1.02662
1.03252
1.04272
1.05632
1.07159
1.08689
1.10093
1.11291
1.12215
1.12815
1.13079
1.13044
1.12802
1.12504
1.12306
1.12334
1.12625
1.13125
1.13698
1.14181
1.14448
1.14433
1.14153
1.13669
1.13028
1.12269
1.11434
1.10593
1.09831
1.09234
1.08847
1.08681
1.08702
1.08837
1.08984
1.09061
1.0902
1.08866
1.08643
1.08421
1.08297
1.08342
1.0858
1.08987
1.09488
1.0998
1.10382
1.10659
1.10824
1.1094
1.11064
1.11181
1.11191
1.10927
1.10247
1.09112
1.07606
1.05951
1.04437
1.03348
1.0287
1.03043
1.03751
1.04763
1.058
1.06589
1.06933
1.06728
1.05975
1.04762
1.03249
1.01657
1.0024
0.992836
0.9905
0.997172
1.01321
1.03722
1.06645
1.09746
1.12699
1.15254
1.1726
1.18641
1.19398
1.19576
1.19242
1.18477
1.1738
1.16048
1.14592
1.13105
1.11672
1.10331
1.09083
1.07915
1.0684
1.05943
1.05396
1.05403
1.06104
1.07466
1.09239
1.11021
1.1239
1.1305
1.12925
1.12168
1.11108
1.10118
1.09477
1.093
1.09504
1.09885
1.10212
1.10315
1.10138
1.09743
1.09256
1.08798
1.08418
1.08082
1.07714
1.0726
1.06746
1.0629
1.06072
1.0625
1.06868
1.07792
1.08762
1.09508
1.0983
1.09642
1.0897
1.07926
1.06654
1.05289
1.03935
1.02668
1.01553
1.00656
1.0005
0.998066
0.999961
1.00659
1.01778
1.03285
1.05079
1.07045
1.09068
1.11006
1.12701
1.13966
1.1463
1.14599
1.13912
1.12772
1.11469
1.10281
1.09397
1.08881
1.08722
1.08873
1.09273
1.09858
1.10565
1.11326
1.12058
1.12669
1.13042
1.13051
1.12573
1.11556
1.10038
1.08171
1.06198
1.04395
1.03001
1.02167
1.01925
1.02193
1.02801
1.03535
1.04196
1.04667
1.04949
1.05113
1.05243
1.05385
1.05545
1.05738
1.06025
1.06509
1.07273
1.08335
1.09613
1.1093
1.12076
1.12881
1.13246
1.1315
1.1262
1.11711
1.10511
1.09195
1.08057
1.07427
1.07479
1.08127
1.09105
1.10147
1.11104
1.11941
1.12697
1.13431
1.14198
1.14993
1.15735
1.16293
1.16524
1.16331
1.15675
1.14535
1.1291
1.10835
1.08417
1.05865
1.03469
1.01535
1.00304
0.998906
1.00293
1.0143
1.03147
1.05254
1.07506
1.09612
1.1129
1.12356
1.12779
1.12679
1.12235
1.11582
1.10771
1.09814
1.08748
1.07649
1.06616
1.0575
1.05132
1.0482
1.04855
1.05242
1.0593
1.06811
1.07735
1.08541
1.09095
1.09331
1.09245
1.08893
1.08378
1.07805
1.07231
1.06684
1.06153
1.05629
1.05119
1.04654
1.04279
1.04034
1.03949
1.04027
1.04258
1.0463
1.0513
1.05753
1.06504
1.07392
1.08417
1.09555
1.10723
1.1178
1.12541
1.12816
1.12446
1.11353
1.09582
1.07304
1.04821
1.02508
1.00752
0.998733
1.00062
1.01323
1.03476
1.06218
1.09187
1.12068
1.14654
1.16869
1.18728
1.2026
1.21454
1.22252
1.22566
1.22343
1.21589
1.20354
1.18717
1.16778
1.14636
1.12393
1.1014
1.07971
1.05967
1.04194
1.02733
1.01692
1.0123
1.01516
1.02623
1.0443
1.06585
1.08609
1.10044
1.106
1.10206
2.06826
1.99959
1.90313
1.79098
1.67805
1.57984
1.50915
1.47239
1.46771
1.48628
1.51557
1.54311
1.5596
1.56145
1.55187
1.53968
1.53401
1.5379
1.54728
1.55622
1.56129
1.56209
1.55963
1.55496
1.54931
1.5447
1.54301
1.54371
1.54303
1.53693
1.5253
1.51372
1.5112
1.52546
1.55875
1.60694
1.66168
1.71371
1.75542
1.78154
1.78936
1.77826
1.74962
1.70736
1.65804
1.60985
1.57063
1.54543
1.53581
1.54068
1.55751
1.58327
1.61501
1.65017
1.68658
1.7223
1.75544
1.78429
1.80676
1.82012
1.82105
1.80661
1.7752
1.72725
1.66538
1.59432
1.52077
1.45298
1.40025
1.37139
1.37183
1.40089
1.45132
1.5124
1.57419
1.62944
1.67319
1.7016
1.71188
1.70358
1.68012
1.64876
1.61752
1.5916
1.57264
1.56091
1.5571
1.5621
1.5758
1.59645
1.62071
1.64471
1.66489
1.67853
1.68459
1.68426
1.68045
1.67638
1.67369
1.67198
1.66972
1.66529
1.6578
1.64697
1.63274
1.61495
1.59347
1.5685
1.541
1.51293
1.48717
1.46709
1.45627
1.45772
1.47277
1.50038
1.53723
1.57869
1.61966
1.65568
1.68389
1.70367
1.71677
1.72619
1.7343
1.74153
1.74606
1.74464
1.73406
1.71302
1.68318
1.64869
1.61449
1.58446
1.56074
1.54463
1.5372
1.53913
1.55002
1.56788
1.5898
1.6128
1.63412
1.65143
1.66343
1.6702
1.67303
1.67342
1.67179
1.66732
1.65851
1.64454
1.62622
1.60586
1.58597
1.5681
1.55274
1.54045
1.53282
1.53195
1.53829
1.54941
1.56078
1.56833
1.57044
1.5683
1.56499
1.5643
1.56938
1.58221
1.60346
1.63242
1.66715
1.70451
1.74093
1.77279
1.79692
1.81092
1.81345
1.80419
1.78338
1.75173
1.71039
1.6611
1.60595
1.54768
1.49064
1.44138
1.40776
1.39572
1.40637
1.43555
1.47601
1.52087
1.56595
1.60969
1.6517
1.69124
1.72656
1.75591
1.77828
1.79355
1.80191
1.80354
1.79897
1.78937
1.77674
1.76285
1.74853
1.73359
1.71657
1.6949
1.66594
1.62912
1.58721
1.54551
1.50977
1.4841
1.47002
1.46666
1.47179
1.48333
1.4999
1.52001
1.54102
1.55883
1.56911
1.56898
1.55807
1.53866
1.51477
1.49151
1.47391
1.46643
1.47218
1.4922
1.52517
1.56784
1.61552
1.66292
1.70523
1.73872
1.76114
1.77173
1.7707
1.75887
1.73789
1.71038
1.67975
1.64952
1.62249
1.60032
1.58371
1.57251
1.56589
1.56257
1.56109
1.56007
1.5588
1.55803
1.56031
1.56902
1.58604
1.61018
1.63781
1.66446
1.6862
1.69989
1.70305
1.69391
1.6718
1.63827
1.59744
1.55578
1.52093
1.49938
1.49435
1.50451
1.52476
1.54859
1.5707
1.58798
1.59968
1.60707
1.613
1.62145
1.63616
1.65864
1.6868
1.71589
1.74094
1.75856
1.76674
1.76438
1.75118
1.72816
1.69768
1.66333
1.62927
1.59964
1.57768
1.56502
1.56131
1.56527
1.57559
1.5908
1.60848
1.625
1.63699
1.64341
1.6458
1.64654
1.64773
1.65127
1.659
1.67205
1.68966
1.70926
1.72718
1.73972
1.7439
1.73819
1.72303
1.69987
1.67004
1.63461
1.59529
1.55587
1.52245
1.50234
1.50115
1.51925
1.55006
1.58286
1.60748
1.6187
1.61737
1.60886
1.59996
1.59588
1.59856
1.60711
1.61909
1.63179
1.64307
1.65167
1.657
1.65883
1.65696
1.65137
1.64261
1.63227
1.62296
1.61741
1.61683
1.61934
1.6208
1.61684
1.60519
1.58683
1.56531
1.54543
1.53177
1.52714
1.53214
1.54545
1.56451
1.5861
1.60657
1.62239
1.63112
1.63234
1.62735
1.61853
1.60879
1.60111
1.59829
1.60183
1.61079
1.62199
1.63123
1.63506
1.63201
1.62281
1.61007
1.59767
1.58989
1.59028
1.60059
1.62025
1.64632
1.67398
1.69781
1.71307
1.71746
1.7122
1.70193
1.69177
1.6842
1.67832
1.67165
1.66234
1.65055
1.63905
1.63176
1.63144
1.63803
1.64911
1.66113
1.67038
1.67373
1.66924
1.65682
1.63783
1.61478
1.59115
1.5716
1.56101
1.56274
1.57678
1.59849
1.61901
1.62795
1.61775
1.58729
1.54338
1.49905
1.46747
1.456
1.46501
1.49072
1.52728
1.56802
1.6064
1.63703
1.65711
1.66677
1.66898
1.66829
1.66897
1.67336
1.68109
1.68996
1.69756
1.70253
1.70485
1.70491
1.70288
1.69835
1.69064
1.67944
1.66506
1.64868
1.63244
1.61908
1.61132
1.61103
1.61827
1.63057
1.64334
1.6518
1.65335
1.64859
1.64098
1.63536
1.63596
1.64482
1.6604
1.67737
1.68799
1.68496
1.66442
1.62832
1.58547
1.54903
1.52869
1.52325
1.52324
1.52039
1.51281
1.50369
1.49787
1.4991
1.50884
1.52669
1.55143
1.5817
1.61582
1.6508
1.68225
1.70529
1.71622
1.71397
1.7003
1.67912
1.65499
1.63218
1.61473
1.60634
1.60949
2.10681
2.10806
2.1014
2.08705
2.06717
2.04436
2.01996
1.99386
1.96494
1.93122
1.8909
1.84427
1.79531
1.75093
1.71843
1.70265
1.70448
1.72098
1.74691
1.77647
1.80483
1.82897
1.84798
1.86256
1.87436
1.88498
1.89475
1.90121
1.89955
1.88491
1.85589
1.81639
1.7757
1.74641
1.74028
1.76246
1.80775
1.86291
1.91337
1.94928
1.96714
1.96836
1.95701
1.93802
1.91648
1.89678
1.88188
1.8731
1.87038
1.87281
1.87869
1.88523
1.88953
1.88972
1.88592
1.87999
1.8742
1.86982
1.8678
1.86993
1.87921
1.899
1.93033
1.96941
2.00853
2.03957
2.05764
2.06217
2.05654
2.0471
2.04067
2.04117
2.04737
2.05451
2.05738
2.05209
2.0362
2.00862
1.96938
1.9202
1.86538
1.81182
1.76713
1.7361
1.71891
1.7122
1.71169
1.71388
1.71665
1.71924
1.72203
1.72578
1.7314
1.73973
1.75093
1.76332
1.77347
1.77847
1.77747
1.77095
1.75952
1.74441
1.72909
1.71919
1.72025
1.73442
1.75965
1.7918
1.82702
1.86224
1.89478
1.92238
1.94341
1.9575
1.966
1.97235
1.98124
1.99661
2.01956
2.04762
2.0756
2.0971
2.10624
2.09954
2.07742
2.04438
2.00737
1.97227
1.94056
1.90879
1.87182
1.82708
1.7773
1.73018
1.69405
1.67261
1.66365
1.66228
1.66465
1.66915
1.67558
1.68399
1.69486
1.70983
1.73195
1.76428
1.80842
1.86278
1.92224
1.97955
2.02787
2.06318
2.08501
2.09572
2.09788
2.09248
2.07947
2.05993
2.03721
2.01591
1.99946
1.98747
1.97532
1.95681
1.92878
1.89438
1.86237
1.84331
1.84482
1.86751
1.90428
1.94337
1.97287
1.98472
1.97633
1.95103
1.91718
1.88521
1.86339
1.85547
1.8608
1.87502
1.89187
1.90547
1.91224
1.91094
1.90148
1.8848
1.8632
1.84022
1.81963
1.80466
1.7976
1.79992
1.81248
1.83502
1.86481
1.89635
1.923
1.93965
1.94442
1.93851
1.92504
1.90765
1.88978
1.87377
1.86042
1.84957
1.8412
1.83675
1.83907
1.85067
1.87135
1.89666
1.91919
1.93157
1.92955
1.91321
1.88672
1.85661
1.82945
1.8095
1.79861
1.79742
1.80545
1.81868
1.82919
1.82929
1.81611
1.79249
1.76549
1.74462
1.73984
1.75817
1.79935
1.8551
1.91348
1.96442
2.00219
2.02547
2.03629
2.03821
2.034
2.02431
2.00786
1.98337
1.95268
1.92255
1.90159
1.89365
1.89551
1.90126
1.90682
1.91081
1.91287
1.91258
1.90912
1.90162
1.88942
1.87283
1.85322
1.83278
1.81482
1.80307
1.79956
1.80202
1.80457
1.80149
1.7904
1.77244
1.75045
1.7276
1.70735
1.69483
1.69642
1.71728
1.75835
1.81578
1.88291
1.95193
2.01448
2.06214
2.08819
2.08977
2.06869
2.02997
1.97941
1.92287
1.86743
1.8219
1.79518
1.79306
1.81565
1.85686
1.90693
1.95547
1.99416
2.01799
2.02547
2.01779
1.99797
1.97092
1.94268
1.91796
1.89773
1.87998
1.86332
1.84984
1.84535
1.85679
1.88809
1.93705
1.99576
2.05359
2.10039
2.12819
2.13208
2.11049
2.06533
2.00207
1.92976
1.86015
1.80465
1.77084
1.76057
1.77088
1.79602
1.82949
1.86486
1.8965
1.92045
1.93487
1.94013
1.93751
1.9279
1.91118
1.88605
1.85114
1.80801
1.76482
1.73575
1.73202
1.75259
1.78721
1.82589
1.86225
1.89247
1.91409
1.92605
1.92828
1.92128
1.90585
1.88357
1.85729
1.83137
1.81089
1.79999
1.8005
1.81185
1.83155
1.8567
1.88478
1.91411
1.94315
1.96975
1.99096
2.00357
2.00409
1.98959
1.95997
1.91976
1.87752
1.84176
1.81646
1.80026
1.78934
1.78082
1.77369
1.76839
1.76574
1.76671
1.77242
1.78377
1.80073
1.82215
1.84622
1.87149
1.89828
1.9279
1.96037
1.99218
2.01646
2.02562
2.01441
1.98183
1.93277
1.87831
1.83225
1.80509
1.79946
1.81167
1.83633
1.86996
1.91113
1.95842
2.00776
2.05295
2.08919
2.11607
2.13634
2.15208
2.16198
2.16103
2.14257
2.10129
2.03585
1.95052
1.85534
1.76432
1.69195
1.64891
1.63937
1.66154
1.70945
1.77408
1.844
1.90743
1.95511
1.98218
1.98818
1.97583
1.94966
1.91577
1.88136
1.85273
1.8322
1.8179
1.80721
1.80015
1.79911
1.80584
1.81974
1.83886
1.86148
1.88611
1.91062
1.93271
1.95077
1.96458
1.97514
1.98416
1.9932
2.00215
2.00894
2.01082
2.00626
1.99568
1.98024
1.96064
1.93668
1.90801
1.8753
1.84063
1.80696
1.77722
1.7538
1.73795
1.72912
1.72511
1.72328
1.72265
1.72588
1.73919
1.76815
1.81073
1.85471
1.88386
1.88675
1.86117
1.81352
1.75655
1.70568
1.67389
1.66674
1.68131
1.70981
1.74459
1.78099
1.8176
1.85474
1.89283
1.93132
1.9689
2.00495
2.03984
2.07337
2.10289
2.12363
2.13091
2.12223
2.07286
2.03229
1.98473
1.93821
1.90125
1.87916
1.87107
1.87084
1.87073
1.86485
1.85127
1.83222
1.81291
1.7992
1.79511
1.80064
1.812
1.82367
1.83103
1.83302
1.83237
1.83297
1.8358
1.83691
1.83
1.81074
1.77968
1.74216
1.70575
1.67745
1.66281
1.66589
1.68998
1.73757
1.80897
1.90004
2.00015
2.09364
2.16446
2.20127
2.20072
2.16868
2.11866
2.0668
2.02432
1.99278
1.96617
1.93753
1.90429
1.86903
1.83596
1.80683
1.7805
1.75632
1.73719
1.73004
1.7421
1.77571
1.82524
1.8792
1.92528
1.95465
1.96359
1.95299
1.92742
1.89407
1.86205
1.8419
1.84375
1.87313
1.92595
1.98831
2.04319
2.07797
2.08746
2.07284
2.03906
1.99287
1.9414
1.89138
1.84913
1.82036
1.80964
1.81753
1.83759
1.85881
1.8716
1.87121
1.85717
1.83117
1.79583
1.75464
1.71172
1.67194
1.64037
1.62134
1.61673
1.62466
1.64028
1.65832
1.67607
1.69406
1.71494
1.74141
1.7751
1.816
1.86226
1.91043
1.95617
1.99558
2.02592
2.04549
2.05313
2.04772
2.0284
1.99548
1.95174
1.90321
1.85815
1.82406
1.80503
1.80183
1.81358
1.83818
1.87193
1.90992
1.94731
1.98052
2.00733
2.02585
2.03399
2.03032
2.01473
1.98794
1.95012
1.90131
1.8435
1.78239
1.72678
1.68498
1.66171
1.65735
1.66966
1.69533
1.72993
1.76794
1.80464
1.83865
1.87169
1.90527
1.93804
1.96576
1.98322
1.98702
1.9774
1.95798
1.93393
1.90986
1.88898
1.87397
1.86763
1.87267
1.89073
1.9204
1.95615
1.99022
2.01584
2.02994
2.03379
2.03159
2.0282
2.02735
2.03046
2.03564
2.03766
2.0301
2.00837
1.97192
1.92501
1.87612
1.83514
1.80981
1.8029
1.81196
1.83102
1.85287
1.87076
1.87905
1.87372
1.8529
1.8177
1.77332
1.72877
1.69547
1.68362
1.69845
1.73813
1.79453
1.85618
1.91175
1.95288
1.97557
1.98021
1.9703
1.95067
1.92594
1.899
1.87019
1.83774
1.79997
1.75822
1.71858
1.69054
1.68329
1.70147
1.74283
1.7991
1.85946
1.91396
1.95548
1.98071
1.99055
1.98926
1.98238
1.97424
1.96582
1.95417
1.93425
1.90245
1.85989
1.81384
1.7755
1.75423
1.75101
1.7587
1.76885
1.77707
1.78398
1.7931
1.8082
1.83141
1.86231
1.89762
1.93243
1.9618
1.98216
1.99211
1.99296
1.98882
1.98541
1.98751
1.99658
2.01041
2.02477
2.03548
2.03955
2.03555
2.02356
2.00547
1.98484
1.96602
1.95216
1.94396
1.93929
1.93398
1.92388
1.90623
1.88066
1.84983
1.81907
1.79444
1.78022
1.77734
1.78383
1.79632
1.8119
1.8291
1.84767
1.86748
1.88714
1.9036
1.9127
1.91051
1.89492
1.86825
1.84052
1.82698
1.83532
1.85881
1.88501
1.90605
1.92013
1.92905
1.93495
1.93788
1.93552
1.92433
1.90157
1.86718
1.82481
1.78138
1.74489
1.72069
1.70993
1.71139
1.72443
1.74926
1.78555
1.83125
1.88178
1.93002
1.96786
1.98898
1.99072
1.97378
1.94003
1.89165
1.83315
1.77287
1.72161
1.68919
1.68113
1.6974
1.73287
1.77834
1.82263
1.85572
1.87238
1.87363
1.86562
1.85653
1.85268
1.85625
1.86538
1.87582
1.88315
1.88496
1.88208
1.87806
1.87691
1.88043
1.88797
1.89818
1.91052
1.92491
1.94053
1.9548
1.96312
1.95948
1.93841
1.89793
1.84312
1.78645
1.74209
1.71776
1.71095
1.7149
1.72515
1.73907
1.75449
1.77204
1.79469
1.82391
1.85811
1.89509
1.93389
1.97426
2.01519
2.05415
2.08686
2.10749
2.10979
2.08989
2.04914
1.99551
1.94162
1.89958
1.87612
1.87086
1.87831
1.89118
1.90286
1.9091
1.90872
1.90351
1.89683
1.89084
1.88427
1.87369
1.85781
1.84006
1.82567
1.81626
1.80898
1.8004
1.78921
1.77599
1.76247
1.75138
1.74592
1.74829
1.75897
1.7771
1.80103
1.82891
1.85849
1.88662
1.90969
1.92433
1.92852
1.9222
1.90686
1.88499
1.85968
1.83483
1.81522
1.80548
1.80849
1.82427
1.84986
1.8804
1.91033
1.93434
1.94804
1.94899
1.93758
1.91698
1.89182
1.8663
1.84315
1.82388
1.80938
1.80038
1.7972
1.79906
1.80459
1.81289
1.82436
1.8398
1.85841
1.87656
1.88868
1.89003
1.87903
1.85806
1.83224
1.80759
1.7892
1.78102
1.78617
1.80664
1.84184
1.88705
1.93376
1.97206
1.99365
1.99448
1.9763
1.94622
1.91445
1.89027
1.87826
1.87696
1.88076
1.88343
1.88072
1.87169
1.85881
1.84644
1.83846
1.83535
1.83363
1.82848
1.8175
1.8026
1.78931
1.78403
1.79113
1.81062
1.8382
1.86711
1.89107
1.9063
1.91225
1.91135
1.90745
1.90438
1.90491
1.91004
1.91884
1.92886
1.93699
1.93993
1.93506
1.92182
1.9036
1.88789
1.88324
1.8938
1.91642
2.12166
2.13618
2.13939
2.1321
2.11663
2.09444
2.06516
2.02814
1.98432
1.93738
1.89299
1.85791
1.8385
1.83838
1.85668
1.88818
1.92581
1.96286
1.99487
2.02053
2.04123
2.05897
2.07405
2.08353
2.0821
2.06428
2.02721
1.97289
1.90785
1.8411
1.7818
1.73757
1.71444
1.71554
1.73841
1.774
1.81172
1.8461
1.87851
1.91335
1.95248
1.99257
2.02767
2.05292
2.06593
2.06697
2.05887
2.04645
2.03455
2.0254
2.0172
2.00528
1.98535
1.95656
1.92264
1.89086
1.86913
1.86283
1.87323
1.89728
1.92864
1.95927
1.98213
1.99397
1.99644
1.99469
1.99413
1.99762
2.00506
2.01511
2.02682
2.03988
2.05439
2.07053
2.08841
2.10788
2.12878
2.15087
2.17324
2.19347
2.20734
2.21002
2.19857
2.17387
2.14084
2.10592
2.07322
2.04278
2.01178
1.97731
1.93774
1.89315
1.84506
1.79591
1.74865
1.70641
1.67212
1.64826
1.6363
1.63641
1.64791
1.6704
1.70403
1.74868
1.80233
1.86061
1.91767
1.96765
2.00631
2.03158
2.04357
2.04428
2.037
2.02481
2.00939
1.99097
1.96977
1.94707
1.92506
1.90564
1.88925
1.87509
1.86226
1.85118
1.84329
1.83984
1.84142
1.84874
1.86364
1.88801
1.92158
1.96052
1.99888
2.03173
2.05672
2.07337
2.08159
2.0818
2.07619
2.06894
2.06493
2.06809
2.08069
2.10174
2.12533
2.14167
2.14235
2.12524
2.09506
2.06003
2.02801
2.00382
1.98858
1.98089
1.97827
1.97836
1.97918
1.97829
1.97246
1.9582
1.93365
1.89968
1.86051
1.82347
1.79753
1.79044
1.80519
1.83823
1.88038
1.92007
1.94683
1.9547
1.94478
1.92544
1.90825
1.90182
1.90801
1.9234
1.9427
1.961
1.97454
1.9802
1.97616
1.96298
1.9445
1.92649
1.9142
1.91045
1.91571
1.92898
1.94885
1.97338
1.99967
2.02419
2.0436
2.0552
2.05711
2.04902
2.03367
2.01754
2.00914
2.01499
2.03602
2.06781
2.10326
2.13536
2.15885
2.17073
2.17015
2.1576
2.13342
2.09696
2.04771
1.98754
1.92189
1.85914
1.80807
1.7756
1.76495
1.77518
1.80212
1.8398
1.88111
1.91866
1.94735
1.96625
1.97794
1.98736
2.00018
2.02036
2.04704
2.07406
2.09317
2.09856
2.08949
2.07054
2.04868
2.02907
2.01279
1.99733
1.97932
1.95678
1.92909
1.89614
1.85835
1.81755
1.77898
1.7515
1.74502
1.76524
1.80916
1.86664
1.92601
1.97841
2.01894
2.04591
2.05999
2.06275
2.05564
2.04015
2.0189
1.99599
1.97587
1.9615
1.95365
1.95076
1.94932
1.94442
1.93176
1.91063
1.88589
1.86668
1.86184
1.87504
1.90431
1.94523
1.99327
2.04378
2.09127
2.13001
2.1557
2.16638
2.16144
2.14054
2.10484
2.05913
2.01228
1.97317
1.94564
1.92758
1.91338
1.89687
1.87414
1.84634
1.8207
1.80841
1.81979
1.85894
1.9205
1.99106
2.05428
2.09685
2.11212
2.10071
2.06855
2.02403
1.97552
1.93064
1.89645
1.87852
1.87963
1.89905
1.93134
1.96638
1.99488
2.01479
2.03113
2.04985
2.07263
2.09627
2.11473
2.12191
2.11318
2.08652
2.04308
1.98751
1.92772
1.87312
1.83187
1.80877
1.80454
1.81674
1.8416
1.8756
1.91606
1.96067
2.00668
2.05029
2.08682
2.11125
2.11937
2.10908
2.08146
2.04075
1.99291
1.94382
1.89769
1.8576
1.82701
1.80986
1.80874
1.82318
1.85024
1.88667
1.93002
1.97789
2.0259
2.06804
2.09859
2.11385
2.11201
2.09159
2.05284
1.99962
1.94028
1.88509
1.84183
1.81256
1.79433
1.78206
1.77158
1.76099
1.75083
1.74392
1.74495
1.75973
1.79291
1.84549
1.91347
1.988
2.05685
2.10747
2.13088
2.12449
2.0928
2.04589
1.99674
1.95746
1.93531
1.93069
1.93877
1.95357
1.97125
1.99047
2.01109
2.03219
2.05084
2.06251
2.06314
2.05147
2.03009
2.00424
1.98009
1.96319
1.95735
1.96418
1.98286
2.01041
2.04182
2.07082
2.09163
2.10046
2.09689
2.08357
2.06495
2.04496
2.02543
2.00574
1.98394
1.95878
1.9323
1.9101
1.89742
1.89316
1.88996
1.88169
1.86908
1.8586
1.85779
1.87073
1.89665
1.93074
1.96624
1.99692
2.01898
2.03118
2.03372
2.02815
2.01775
2.00695
1.99947
1.99604
1.99375
1.98808
1.97663
1.96165
1.94887
1.943
1.94412
1.94856
1.95286
1.95604
1.95869
1.96021
1.95788
1.94915
1.93431
1.91658
1.90036
1.88909
1.88407
1.88402
1.8853
1.88346
1.87538
1.86141
1.84514
1.83183
1.82624
1.83133
1.84844
1.87738
1.9162
1.96088
2.00589
2.04565
2.07636
2.09752
2.11163
2.12222
2.13108
2.13742
2.13891
2.13347
2.12051
2.10079
2.07542
2.04565
2.01341
1.98181
1.95461
1.93513
1.92619
1.93011
1.94705
1.97247
1.99756
2.01257
2.01032
1.98748
2.051
1.98004
1.8989
1.82307
1.76941
1.74851
1.76038
1.79661
1.84537
1.89491
1.93667
1.96759
1.99053
2.01156
2.03563
2.06369
2.09276
2.11823
2.13636
2.14552
2.14576
2.13742
2.12017
2.09356
2.05928
2.02334
1.99497
1.98161
1.98396
1.99719
2.01639
2.03924
2.06372
2.08533
2.09767
2.09537
2.07757
2.05029
2.0251
2.01267
2.01424
2.0203
2.01815
2.00049
1.96858
1.93086
1.89874
1.88151
1.8829
1.90085
1.92978
1.96379
1.99809
2.02946
2.0563
2.07892
2.09968
2.1229
2.15353
2.19455
2.24369
2.29343
2.33447
2.35872
2.36061
2.33818
2.29466
2.23794
2.17772
2.1218
2.07408
2.03473
2.00136
1.97057
1.94074
1.91408
1.89588
1.89119
1.9012
1.9226
1.94997
1.97857
2.00559
2.02972
2.05084
2.0699
2.08871
2.10916
2.13183
2.15438
2.17174
2.17801
2.16838
2.14043
2.09539
2.03939
1.98345
1.9405
1.91938
1.91981
1.93373
1.95186
1.96797
1.97876
1.9823
1.97731
1.96357
1.94243
1.91637
1.88831
1.86084
1.8368
1.82033
1.81704
1.83217
1.86717
1.91748
1.9747
2.03107
2.08218
2.12636
2.16266
2.18886
2.20236
2.20147
2.18623
2.1581
2.12078
2.08208
2.05314
2.04182
2.04653
2.05906
2.07266
2.08613
2.10199
2.12218
2.14505
2.16534
2.17719
2.17763
2.16728
2.14955
2.12896
2.10951
2.09339
2.08136
2.0734
2.06875
2.06668
2.06698
2.06983
2.07571
2.08562
2.10043
2.11886
2.13585
2.14442
2.13905
2.11783
2.0823
2.03644
1.9858
1.93732
1.89861
1.87615
1.87162
1.88101
1.89911
1.92384
1.95608
1.99601
2.03987
2.07927
2.1048
2.11066
2.09641
2.06505
2.02062
1.967
1.90833
1.8501
1.79958
1.76495
1.75307
1.76715
1.80519
1.86078
1.926
1.99455
2.06221
2.12504
2.17845
2.21854
2.24345
2.25266
2.24598
2.22339
2.18589
2.13653
2.08049
2.02422
1.97449
1.93796
1.92109
1.92863
1.95981
2.00661
2.05739
2.10234
2.13475
2.14957
2.14382
2.11894
2.08185
2.04197
2.00606
1.97655
1.95416
1.9415
1.94351
1.96452
2.0043
2.0568
2.11186
2.15854
2.18799
2.19482
2.17823
2.14306
2.09985
2.06241
2.042
2.04192
2.05731
2.07913
2.09762
2.10492
2.09648
2.07132
2.03181
1.98276
1.9305
1.88208
1.84412
1.82201
1.81896
1.83425
1.86321
1.90087
1.94536
1.99656
2.0519
2.10493
2.14755
2.17368
2.18103
2.17
2.14237
2.10207
2.05725
2.02018
2.00324
2.01213
2.04146
2.0773
2.10517
2.11748
2.1159
2.10958
2.10877
2.11747
2.1301
2.13576
2.12642
2.10226
2.07098
2.04317
2.02622
2.02176
2.02717
2.0386
2.05254
2.06549
2.07381
2.07462
2.06739
2.05557
2.04654
2.04893
2.06669
2.09503
2.12198
2.13503
2.12692
2.09745
2.05205
1.99954
1.9501
1.91275
1.89343
1.89325
1.90864
1.93341
1.96178
1.9899
2.01486
2.03383
2.04476
2.04843
2.04862
2.04874
2.04825
2.04236
2.02556
1.99574
1.95608
1.91423
1.87969
1.8607
1.86162
1.88184
1.91647
1.95887
2.0024
2.04109
2.0702
2.08789
2.09592
2.09821
2.09703
2.09073
2.07556
2.04919
2.01384
1.97631
1.94477
1.92518
1.91909
1.92426
1.93702
1.95531
1.97883
2.00647
2.03453
2.05881
2.07758
2.09225
2.10527
2.11769
2.12823
2.13445
2.13476
2.12985
2.1225
2.11637
2.11452
2.11874
2.12945
2.14585
2.16523
2.18284
2.19335
2.19299
2.18153
2.16182
2.13698
2.10738
2.07095
2.02628
1.97392
1.91599
1.85484
1.79327
1.73657
1.69418
1.67837
1.69875
1.75693
1.84644
1.95696
2.07517
2.18342
2.26527
2.31274
2.32684
2.31398
2.28321
2.24455
2.20673
2.1735
2.14133
2.10309
2.0548
1.99855
1.94057
1.88748
1.84408
1.81335
1.79786
1.80007
1.82147
1.86098
1.91384
1.97178
2.02513
2.06654
2.09402
2.11152
2.12604
2.14362
2.16652
2.19271
2.21767
2.23641
2.24492
2.24114
2.22516
2.19896
2.16578
2.12954
2.0943
2.06371
2.04025
2.02466
2.01665
2.01555
2.02008
2.02782
2.03602
2.04316
2.04876
2.05156
2.04784
2.03293
2.00483
1.96638
1.9248
1.88822
1.86218
1.84811
1.84447
1.84849
1.85745
1.86867
1.87882
1.88395
1.8814
1.87293
1.86541
1.86682
1.88117
1.90664
1.93762
1.96788
1.99304
2.01154
2.02441
2.03439
2.04365
2.05166
2.0546
2.04749
2.02821
2.00008
1.97073
1.94699
1.93069
1.91996
1.91247
1.90669
1.90147
1.89637
1.89347
1.8993
1.92245
1.96565
2.02039
2.07286
2.11303
2.13781
2.14909
2.15122
2.14929
2.14825
2.15234
2.16456
2.18561
2.21264
2.23912
2.25685
2.25924
2.24372
2.2119
2.16823
2.11852
2.06877
2.02441
1.98948
1.96628
2.08506
2.07631
2.07255
2.07149
2.0722
2.07523
2.08042
2.08472
2.08347
2.07431
2.05892
2.04122
2.02572
2.0178
2.02258
2.04203
2.0726
2.10597
2.1327
2.14624
2.14574
2.13622
2.12477
2.11523
2.1066
2.09549
2.07883
2.05419
2.01961
1.97469
1.9233
1.87576
1.84634
1.84533
1.87364
1.92411
1.98641
2.05093
2.11028
2.15939
2.19531
2.21732
2.22688
2.22728
2.22325
2.22015
2.22274
2.23357
2.25077
2.26724
2.27459
2.2698
2.25774
2.24751
2.2467
2.25705
2.27373
2.28821
2.29241
2.28223
2.25901
2.22856
2.19795
2.17206
2.15107
2.13109
2.10769
2.07962
2.04938
2.02062
1.9948
1.97183
1.95283
1.94133
1.94151
1.955
1.97925
2.00923
2.04029
2.06941
2.09399
2.11025
2.11358
2.10144
2.07665
2.0467
2.01991
2.00167
1.99402
1.99663
2.00746
2.02308
2.04041
2.05895
2.08098
2.10905
2.14241
2.17589
2.20201
2.21421
2.20944
2.19021
2.16442
2.1423
2.13173
2.13417
2.14512
2.15846
2.17131
2.18497
2.20041
2.21382
2.21841
2.2104
2.19141
2.16541
2.13539
2.10276
2.06909
2.03674
2.00823
1.98581
1.97229
1.97079
1.98288
2.00635
2.03601
2.06601
2.09154
2.10935
2.11788
2.11721
2.10902
2.09721
2.08803
2.08842
2.10133
2.12236
2.14176
2.15048
2.14381
2.1221
2.09027
2.05569
2.02562
2.00455
1.99337
1.99101
1.99643
2.00811
2.02297
2.0379
2.05268
2.06972
2.09041
2.11267
2.13274
2.14858
2.16095
2.17166
2.18104
2.1873
2.18841
2.18439
2.17821
2.17505
2.17906
2.1899
2.2018
2.20674
2.19981
2.18141
2.1553
2.12569
2.09706
2.07428
2.05891
2.04729
2.03608
2.02706
2.02511
2.03379
2.05371
2.08277
2.11638
2.14851
2.17382
2.1894
2.19453
2.18933
2.1738
2.14801
2.11344
2.0745
2.03869
2.01489
2.01031
2.02703
2.06047
2.10097
2.13686
2.15767
2.15735
2.1375
2.10709
2.07797
2.05818
2.04867
2.04597
2.0474
2.05356
2.06655
2.0871
2.11334
2.14171
2.1682
2.18874
2.19911
2.19554
2.17588
2.14039
2.09217
2.03758
1.98623
1.94867
1.93157
1.93519
1.95601
1.98916
2.02763
2.06232
2.0847
2.09034
2.08076
2.06296
2.04699
2.04221
2.05435
2.08457
2.12984
2.18454
2.24174
2.29461
2.33692
2.36367
2.37186
2.36102
2.33391
2.29713
2.26054
2.23348
2.22029
2.21798
2.21823
2.21209
2.19388
2.16257
2.12128
2.0759
2.03307
1.99857
1.97589
1.96631
1.96989
1.98571
2.01127
2.04295
2.07679
2.10933
2.13749
2.15885
2.17251
2.17925
2.17991
2.17401
2.1599
2.13659
2.10484
2.06647
2.02286
1.97441
1.9216
1.8674
1.81922
1.7877
1.78176
1.80254
1.84188
1.8868
1.9258
1.95238
1.96479
1.96447
1.95477
1.94042
1.92754
1.92361
1.93567
1.96646
2.01179
2.06245
2.10975
2.14928
2.18135
2.20822
2.23068
2.24627
2.25023
2.23808
2.20777
2.16093
2.10268
2.03998
1.98012
1.93074
1.89995
1.89471
1.91758
1.96436
2.02467
2.08519
2.13346
2.16152
2.1684
2.16038
2.14854
2.14298
2.14772
2.16016
2.17486
2.18725
2.19543
2.20001
2.20268
2.2056
2.21074
2.21959
2.23209
2.24553
2.25428
2.25246
2.23729
2.21088
2.17913
2.14857
2.12373
2.10747
2.10154
2.10598
2.11817
2.13383
2.14948
2.16365
2.17607
2.18674
2.19563
2.20216
2.2045
2.19938
2.18286
2.15084
2.09972
2.02894
1.94582
1.87055
1.83328
1.85402
1.92331
2.01366
2.1006
2.16909
2.21137
2.22504
2.21265
2.18145
2.14117
2.09899
2.05536
2.0076
1.95796
1.91478
1.88367
1.86104
1.83975
1.82029
1.81498
1.83977
1.90037
1.98632
2.07825
2.159
2.21962
2.25898
2.27887
2.28003
2.26245
2.22885
2.18607
2.14393
2.11274
2.10026
2.10868
2.13266
2.161
2.1809
2.18336
2.16639
2.13503
2.09809
2.06283
2.03214
2.00598
1.98325
1.96182
1.93888
1.91381
1.89195
1.88312
1.89431
1.92349
1.96364
2.00992
2.06043
2.11344
2.16622
2.21526
2.25568
2.28149
2.28761
2.27149
2.23436
2.18319
2.13136
2.09265
2.07343
2.07342
2.09134
2.12447
2.1656
2.20422
2.23096
2.24114
2.23573
2.21924
2.19652
2.17147
2.14743
2.12712
2.11167
2.09995
2.08946
2.07774
2.06325
2.04548
2.02426
1.99977
1.97308
1.94697
1.92591
1.9141
1.91319
1.92256
1.94056
1.96546
1.99567
2.02969
2.066
2.10309
2.13837
2.16747
2.18533
2.18959
2.18395
2.17728
2.17784
2.18984
2.21412
2.24672
2.27704
2.29256
2.28643
2.2599
2.22011
2.17616
2.13587
2.10308
2.07715
2.05491
2.03399
2.01507
2.00093
1.99422
1.99615
2.00608
2.02115
2.03709
2.04975
2.05744
2.06214
2.06794
2.10738
2.124
2.15255
2.19156
2.23352
2.26799
2.28686
2.28663
2.26812
2.23523
2.19369
2.14959
2.1083
2.07327
2.04514
2.02199
2.00108
1.97966
1.95583
1.93192
1.91673
1.92104
1.94946
1.99744
2.05565
2.11486
2.1675
2.2076
2.23138
2.23799
2.22998
2.21215
2.19052
2.17096
2.15805
2.15396
2.15742
2.16408
2.16746
2.16129
2.14236
2.11255
2.07848
2.04843
2.0289
2.02247
2.02729
2.03844
2.05013
2.05809
2.06081
2.0594
2.05578
2.05107
2.04455
2.03436
2.01908
1.99888
1.97629
1.95608
1.94339
1.94146
1.95008
1.96621
1.98616
2.00824
2.0339
2.06635
2.10744
2.15629
2.21007
2.26365
2.30885
2.33788
2.34813
2.34149
2.32137
2.29149
2.25611
2.2197
2.18657
2.16112
2.14809
2.15078
2.16863
2.19608
2.22513
2.24952
2.26711
2.27876
2.28605
2.28971
2.28923
2.2829
2.26805
2.24241
2.20563
2.16004
2.1095
2.05716
2.00417
1.95123
1.90169
1.86334
1.84575
1.85514
1.89043
1.94425
2.00656
2.06794
2.12088
2.16055
2.18528
2.19635
2.19749
2.19378
2.19028
2.19102
2.19784
2.20946
2.22149
2.22727
2.22011
2.19578
2.15525
2.10608
2.06038
2.02866
2.01357
2.00998
2.00998
2.00804
2.00233
1.99336
1.98181
1.9684
1.95459
1.94292
1.93531
1.93131
1.92843
1.92495
1.92364
1.93267
1.96098
2.01164
2.08039
2.15892
2.23776
2.30692
2.3574
2.38353
2.38442
2.36335
2.3254
2.27643
2.22431
2.17955
2.15203
2.14587
2.1566
2.17419
2.18906
2.19708
2.19973
2.2
2.19823
2.19074
2.17249
2.14074
2.09868
2.05638
2.02631
2.01403
2.01445
2.01863
2.02138
2.02248
2.02462
2.03155
2.04646
2.07024
2.09989
2.12854
2.14688
2.146
2.12139
2.07814
2.03277
2.00481
2.00593
2.03799
2.09308
2.15371
2.2015
2.22677
2.22992
2.21709
2.19558
2.17146
2.14937
2.13268
2.12365
2.12338
2.13151
2.14572
2.16129
2.17264
2.17622
2.17203
2.16217
2.14885
2.13324
2.11534
2.09489
2.07331
2.05506
2.0458
2.0483
2.06105
2.08111
2.10562
2.13034
2.14998
2.16136
2.16612
2.17026
2.17986
2.19621
2.21502
2.23137
2.24484
2.25801
2.26997
2.27559
2.27005
2.25118
2.21947
2.1794
2.14012
2.10814
2.07956
2.04648
2.00808
1.9706
1.93923
1.91454
1.89594
1.88528
1.88618
1.90031
1.92396
1.94948
1.9709
1.98828
2.00633
2.02892
2.05483
2.08013
2.10335
2.12691
2.1558
2.19521
2.24707
2.30719
2.36553
2.41055
2.43311
2.42918
2.39948
2.34743
2.27723
2.19934
2.13542
2.10053
2.08447
2.06898
2.04847
2.02938
2.02252
2.0358
2.0682
2.10791
2.13827
2.1469
2.13353
2.11078
2.09314
2.08583
2.08833
2.1026
2.13234
2.17798
2.23458
2.29416
2.34939
2.39512
2.42724
2.44118
2.43309
2.40289
2.35538
2.29739
2.23374
2.16677
2.09993
2.03999
1.99552
1.97162
1.96596
1.97095
1.98029
1.99286
2.00972
2.02899
2.04465
2.05022
2.04261
2.02358
1.99779
1.97017
1.94458
1.92405
1.91073
1.90554
1.90824
1.91854
1.93792
1.97002
2.01789
2.07883
2.14388
2.20374
2.25291
2.28807
2.30678
2.30837
2.29468
2.26914
2.23539
2.19756
2.16198
2.13675
2.12916
2.14254
2.1741
2.21448
2.25011
2.26733
2.25664
2.21534
2.14967
2.07626
2.01884
1.99564
2.00534
2.02936
2.04822
2.05287
2.04387
2.02625
2.0058
1.98826
1.97945
1.9831
1.99863
2.02286
2.05373
2.09109
2.13487
2.18317
2.23134
2.27252
2.29959
2.30712
2.29318
2.26017
2.21453
2.16571
2.12338
2.09416
2.08051
2.08123
2.09282
2.11033
2.12823
2.14164
2.14803
2.14851
2.14682
2.14604
2.14554
2.14115
2.1293
2.11041
2.08771
2.06337
2.03639
2.00391
1.96506
1.92384
1.88892
1.87001
1.87296
1.89687
1.93583
1.98281
2.03207
2.07895
2.11872
2.14643
2.15885
2.15702
2.14644
2.13436
2.12623
2.12445
2.12927
2.14026
2.15657
2.17519
2.19077
2.19703
2.18965
2.16896
2.14121
2.11804
2.11347
2.13627
2.18268
2.23882
2.28986
2.32584
2.34286
2.34239
2.32994
2.31174
2.2924
2.27458
2.25995
2.24964
2.24298
2.23737
2.22926
2.21547
2.19362
2.16251
2.12267
2.0757
2.02378
1.97091
1.92388
1.88949
1.86969
1.86049
1.85685
1.85692
1.86208
1.87375
1.89149
1.91433
1.94259
1.97781
2.02084
2.06994
2.12034
2.16604
2.20195
2.22526
2.2359
2.23647
2.23113
2.22381
2.21683
2.21094
2.20668
2.20539
2.20826
2.21383
2.21675
2.20894
2.18384
2.14079
2.08628
2.03177
1.98811
1.96139
1.95346
1.96428
1.99207
2.03061
2.0699
2.10061
2.11797
2.12265
2.11855
2.10957
2.09802
2.08556
2.07354
