-5.74634
-5.72508
-5.70309
-5.68861
-5.67321
-5.66501
-5.6615
-5.65845
-5.65844
-5.66137
-5.66359
-5.66907
-5.67261
-5.67416
-5.6753
-5.67463
-5.67375
-5.67235
-5.67008
-5.66718
-5.66513
-5.66469
-5.66496
-5.66468
-5.66543
-5.66684
-5.66726
-5.66856
-5.66939
-5.67098
-5.6716
-5.67208
-5.67485
-5.67458
-5.67446
-5.6742
-5.67422
-5.67207
-5.67245
-5.67261
-5.67299
-5.67206
-5.67081
-5.67179
-5.67326
-5.67285
-5.67306
-5.67187
-5.67251
-5.67372
-5.67261
-5.67212
-5.67163
-5.67279
-5.67108
-5.66914
-5.66895
-5.6686
-5.66679
-5.66736
-5.66699
-5.66942
-5.67101
-5.67269
-5.67388
-5.67273
-5.67419
-5.67473
-5.67656
-5.67447
-5.67392
-5.67558
-5.67851
-5.67758
-5.67606
-5.67459
-5.67542
-5.67398
-5.67348
-5.67267
-5.67196
-5.67207
-5.67238
-5.67316
-5.67165
-5.67382
-5.67312
-5.67278
-5.67064
-5.67233
-5.6728
-5.67184
-5.67344
-5.67339
-5.67391
-5.67361
-5.67434
-5.67536
-5.67467
-5.6748
-5.67343
-5.67342
-5.67245
-5.67154
-5.66911
-5.66885
-5.66638
-5.66636
-5.66406
-5.66571
-5.66648
-5.66667
-5.66779
-5.67035
-5.6716
-5.67299
-5.67344
-5.67512
-5.67771
-5.67797
-5.67825
-5.68089
-5.68248
-5.68053
-5.67838
-5.67612
-5.67736
-5.6769
-5.6779
-5.67799
-5.6783
-5.67816
-5.67791
-5.67573
-5.67431
-5.67337
-5.6735
-5.67137
-5.67215
-5.67163
-5.67111
-5.67029
-5.67237
-5.67315
-5.67331
-5.67257
-5.67422
-5.67176
-5.67228
-5.67148
-5.67218
-5.67176
-5.67283
-5.67217
-5.67304
-5.67414
-5.67254
-5.67304
-5.67304
-5.6719
-5.67168
-5.66868
-5.66603
-5.66837
-5.66888
-5.66959
-5.67052
-5.67246
-5.6732
-5.67423
-5.67439
-5.67214
-5.67582
-5.67621
-5.67808
-5.67719
-5.67743
-5.68017
-5.67863
-5.67736
-5.6754
-5.67605
-5.67611
-5.67533
-5.67374
-5.67522
-5.67386
-5.6767
-5.67782
-5.68136
-5.67958
-5.67542
-5.67514
-5.67491
-5.67441
-5.67395
-5.67353
-5.67252
-5.67223
-5.67398
-5.67385
-5.67245
-5.67396
-5.67605
-5.67644
-5.67446
-5.67371
-5.67261
-5.67123
-5.67054
-5.67286
-5.67301
-5.67255
-5.67403
-5.67741
-5.6768
-5.67803
-5.67533
-5.67487
-5.67447
-5.6751
-5.67641
-5.67604
-5.67488
-5.67225
-5.67179
-5.67071
-5.66947
-5.6685
-5.6701
-5.6713
-5.67357
-5.67289
-5.67396
-5.67283
-5.67172
-5.67167
-5.67148
-5.67092
-5.67267
-5.67164
-5.67113
-5.67053
-5.66989
-5.6718
-5.67491
-5.67456
-5.67577
-5.67935
-5.68131
-5.67838
-5.67841
-5.67953
-5.67666
-5.67603
-5.67413
-5.67423
-5.67441
-5.67565
-5.67537
-5.67584
-5.67545
-5.67708
-5.67717
-5.67662
-5.67605
-5.67354
-5.67205
-5.67069
-5.67244
-5.67504
-5.67445
-5.67728
-5.67943
-5.67823
-5.67633
-5.67522
-5.67448
-5.67627
-5.67586
-5.6761
-5.67525
-5.67699
-5.6763
-5.677
-5.67619
-5.67429
-5.67662
-5.67679
-5.67807
-5.67458
-5.67206
-5.67303
-5.67361
-5.67514
-5.6748
-5.67367
-5.67594
-5.67833
-5.67905
-5.67923
-5.68009
-5.67812
-5.67504
-5.67485
-5.67312
-5.67218
-5.67171
-5.67135
-5.674
-5.67412
-5.67139
-5.67068
-5.66939
-5.67011
-5.66993
-5.67137
-5.6718
-5.67214
-5.6743
-5.6783
-5.67893
-5.67877
-5.6781
-5.67757
-5.67722
-5.67555
-5.67434
-5.67565
-5.675
-5.67363
-5.6743
-5.675
-5.67501
-5.67496
-5.67647
-5.67695
-5.67541
-5.67445
-5.67373
-5.67452
-5.67227
-5.67119
-5.67098
-5.66947
-5.66936
-5.67075
-5.6695
-5.66851
-5.66773
-5.66833
-5.6731
-5.67289
-5.67408
-5.67409
-5.67329
-5.67308
-5.67487
-5.67609
-5.67674
-5.67514
-5.67516
-5.67424
-5.67439
-5.67659
-5.67592
-5.67619
-5.67632
-5.67689
-5.67791
-5.6775
-5.67672
-5.67464
-5.67327
-5.67098
-5.67174
-5.67015
-5.66857
-5.66986
-5.66924
-5.66809
-5.66858
-5.66789
-5.67101
-5.6722
-5.67442
-5.67411
-5.67674
-5.67576
-5.67532
-5.67765
-5.67693
-5.67454
-5.67212
-5.67001
-5.66921
-5.66687
-5.66533
-5.66663
-5.66664
-5.66692
-5.66836
-5.66757
-5.66836
-5.66837
-5.66983
-5.67333
-5.67364
-5.67528
-5.6757
-5.6731
-5.67412
-5.6724
-5.67473
-5.67294
-5.67215
-5.6746
-5.67582
-5.67617
-5.67629
-5.67748
-5.67646
-5.67291
-5.67359
-5.67425
-5.67418
-5.67526
-5.67457
-5.67405
-5.6744
-5.67342
-5.67441
-5.67387
-5.67345
-5.67149
-5.67183
-5.67153
-5.67251
-5.67252
-5.6706
-5.6697
-5.66949
-5.67255
-5.67272
-5.67288
-5.67367
-5.67413
-5.67717
-5.67697
-5.67807
-5.67659
-5.67802
-5.67486
-5.6758
-5.67462
-5.67519
-5.67428
-5.6739
-5.67383
-5.6729
-5.67157
-5.67059
-5.67129
-5.67301
-5.67337
-5.6748
-5.67612
-5.67719
-5.67694
-5.67795
-5.67773
-5.67607
-5.677
-5.67537
-5.67569
-5.67565
-5.67618
-5.67533
-5.67706
-5.67396
-5.67481
-5.67349
-5.67163
-5.66954
-5.66819
-5.66888
-5.66869
-5.66889
-5.67078
-5.67017
-5.67035
-5.67102
-5.67248
-5.67263
-5.67447
-5.67553
-5.67384
-5.67209
-5.67308
-5.67055
-4.66682
-4.66424
-4.66368
-4.66063
-4.66044
-4.66236
-4.66592
-4.66902
-4.67152
-4.67287
-4.67323
-4.67085
-4.66944
-4.66933
-4.6699
-4.66955
-4.67083
-4.67294
-4.67217
-4.67027
-4.67111
-4.67073
-4.67176
-4.67193
-4.67063
-4.67085
-4.67182
-4.67157
-4.67215
-4.67054
-4.6715
-4.6697
-4.67077
-4.67301
-4.67575
-4.67845
-4.67794
-4.67527
-4.67359
-4.67249
-4.67059
-4.6668
-4.66618
-4.66514
-4.66519
-4.66835
-4.66925
-4.67144
-4.67492
-4.67527
-4.67857
-4.67768
-4.67781
-4.67705
-4.67513
-4.6756
-4.67428
-4.67374
-4.67556
-4.67253
-4.67144
-4.66978
-4.66743
-4.6662
-4.66471
-4.66219
-4.66139
-4.66214
-4.66448
-4.66692
-4.6709
-4.67444
-4.67439
-4.67358
-4.67451
-4.67323
-4.67024
-4.66885
-4.66728
-4.66521
-4.66502
-4.66631
-4.66797
-4.66863
-4.66837
-4.66977
-4.67127
-4.67217
-4.67167
-4.66929
-4.66977
-4.67213
-4.6719
-4.6718
-4.67269
-4.67284
-4.67332
-4.67342
-4.67421
-4.67294
-4.67182
-4.67025
-4.67056
-4.66991
-4.66762
-4.66661
-4.66332
-4.66334
-4.66479
-4.66715
-4.66496
-4.66767
-4.66975
-4.6727
-4.67437
-4.67483
-4.67325
-4.67213
-4.67053
-4.66952
-4.66867
-4.66983
-4.67223
-4.67299
-4.67487
-4.6718
-4.67331
-4.67123
-4.67149
-4.66919
-4.66851
-4.66767
-4.66794
-4.66623
-4.66824
-4.66841
-4.66835
-4.668
-4.67011
-4.66871
-4.66927
-4.6702
-4.67087
-4.67167
-4.66918
-4.66968
-4.67003
-4.67048
-4.67155
-4.67021
-4.6723
-4.6705
-4.67212
-4.67142
-4.67222
-4.66922
-4.66884
-4.66986
-4.67142
-4.6712
-4.67086
-4.67273
-4.67315
-4.6723
-4.67276
-4.67409
-4.67548
-4.67755
-4.67922
-4.68038
-4.67959
-4.67898
-4.67842
-4.67623
-4.67885
-4.67723
-4.67535
-4.67327
-4.67112
-4.67157
-4.66883
-4.66845
-4.66724
-4.66591
-4.66578
-4.6647
-4.66417
-4.66603
-4.66668
-4.66932
-4.67144
-4.67453
-4.67558
-4.67509
-4.67597
-4.6771
-4.67691
-4.67366
-4.67217
-4.67215
-4.67143
-4.67105
-4.67232
-4.67135
-4.67207
-4.67199
-4.67374
-4.67238
-4.67169
-4.67028
-4.66929
-4.66964
-4.66948
-4.66781
-4.66627
-4.66629
-4.66683
-4.66505
-4.66749
-4.66683
-4.66917
-4.66973
-4.67146
-4.66943
-4.66867
-4.66551
-4.66392
-4.66475
-4.66603
-4.66635
-4.66811
-4.66781
-4.66734
-4.66919
-4.67159
-4.67557
-4.67801
-4.6768
-4.67831
-4.67768
-4.67694
-4.67624
-4.67409
-4.6755
-4.67373
-4.67369
-4.67323
-4.67016
-4.6707
-4.67512
-4.67393
-4.67447
-4.67503
-4.67359
-4.67301
-4.67294
-4.67434
-4.67401
-4.6714
-4.67221
-4.67173
-4.67187
-4.67334
-4.67258
-4.67139
-4.67236
-4.66942
-4.66815
-4.66472
-4.6631
-4.66411
-4.66445
-4.66566
-4.66534
-4.66674
-4.66669
-4.66932
-4.67093
-4.67158
-4.67357
-4.67221
-4.67003
-4.67081
-4.67116
-4.67186
-4.6746
-4.6744
-4.67351
-4.67352
-4.67429
-4.6727
-4.67313
-4.67211
-4.67103
-4.67256
-4.67169
-4.67047
-4.67063
-4.67024
-4.67282
-4.67112
-4.67077
-4.67095
-4.67294
-4.67382
-4.67453
-4.6733
-4.67492
-4.67306
-4.67191
-4.6739
-4.67257
-4.67401
-4.67499
-4.67549
-4.67538
-4.67345
-4.67702
-4.67826
-4.67495
-4.67335
-4.67009
-4.66922
-4.6685
-4.66789
-4.66999
-4.66912
-4.66811
-4.66846
-4.67016
-4.66928
-4.67063
-4.67394
-4.6732
-4.67329
-4.67255
-4.67057
-4.6699
-4.66986
-4.66954
-4.67118
-4.67164
-4.67378
-4.67437
-4.67447
-4.67384
-4.67155
-4.67184
-4.66919
-4.66754
-4.66665
-4.66403
-4.66397
-4.66543
-4.66814
-4.66728
-4.67048
-4.67074
-4.66996
-4.67302
-4.67133
-4.6695
-4.67096
-4.67387
-4.67155
-4.67355
-4.67234
-4.6737
-4.67112
-4.67243
-4.67135
-4.67128
-4.67078
-4.6699
-4.67095
-4.67294
-4.67548
-4.67579
-4.67619
-4.67521
-4.67318
-4.67155
-4.66957
-4.66875
-4.66989
-4.66951
-4.67019
-4.67017
-4.67052
-4.67036
-4.66979
-4.67095
-4.67093
-4.67055
-4.67076
-4.66936
-4.67045
-4.67131
-4.67286
-4.67387
-4.6714
-4.66851
-4.66675
-4.66764
-4.66761
-4.67029
-4.67023
-4.67049
-4.66974
-4.66863
-4.66823
-4.66838
-4.6712
-4.6684
-4.66848
-4.66931
-4.66708
-4.6682
-4.67048
-4.67315
-4.67511
-4.67604
-4.67277
-4.66905
-4.66824
-4.66883
-4.66957
-4.67007
-4.67252
-4.67636
-4.67741
-4.67521
-4.67721
-4.67633
-4.67632
-4.67296
-4.67106
-4.67088
-4.67116
-4.67082
-4.67057
-4.67015
-4.6711
-4.66861
-4.6693
-4.66873
-4.66885
-4.67057
-4.67319
-4.67123
-4.67315
-4.67159
-4.67214
-4.67132
-4.67209
-4.67116
-4.67259
-4.67131
-4.67062
-4.6733
-4.673
-4.67196
-4.67148
-4.67049
-4.67159
-4.67367
-4.67416
-4.6733
-4.67433
-4.67359
-4.67258
-4.67115
-4.66964
-4.66966
-4.67194
-4.67207
-4.67471
-4.67375
-4.67163
-4.67095
-4.67171
-4.67292
-4.67375
-4.67168
-4.67211
-4.67272
-4.67547
-4.67345
-4.67234
-4.67107
-4.67097
-4.66932
-4.66903
-4.66872
-4.66531
-4.66396
-4.66625
-4.66538
-4.66711
-4.67025
-4.1812
-4.18176
-4.17964
-4.17897
-4.17598
-4.17449
-4.17435
-4.17672
-4.1744
-4.17121
-4.17052
-4.16939
-4.17015
-4.17232
-4.17318
-4.17497
-4.17825
-4.18075
-4.18234
-4.18566
-4.18404
-4.18224
-4.18012
-4.18106
-4.18412
-4.1847
-4.18324
-4.18493
-4.18447
-4.18399
-4.18429
-4.18561
-4.18324
-4.18573
-4.18815
-4.19088
-4.19255
-4.19205
-4.19062
-4.18725
-4.18611
-4.184
-4.18138
-4.1809
-4.17993
-4.18095
-4.18282
-4.18312
-4.18402
-4.18219
-4.18143
-4.18197
-4.18097
-4.18021
-4.18151
-4.1837
-4.1825
-4.18301
-4.18494
-4.18324
-4.18641
-4.18694
-4.18797
-4.18902
-4.18757
-4.18481
-4.1847
-4.18477
-4.18374
-4.18408
-4.18499
-4.18538
-4.18345
-4.18001
-4.18
-4.18194
-4.18274
-4.18285
-4.18174
-4.18126
-4.18007
-4.18128
-4.18249
-4.18395
-4.1868
-4.18664
-4.18672
-4.18815
-4.18653
-4.18587
-4.18464
-4.18543
-4.18599
-4.18564
-4.18587
-4.18388
-4.18314
-4.18286
-4.18325
-4.18274
-4.18131
-4.17947
-4.17941
-4.18061
-4.18157
-4.18251
-4.18501
-4.18645
-4.18787
-4.19031
-4.18959
-4.18996
-4.18829
-4.18763
-4.18529
-4.18662
-4.18745
-4.1853
-4.18436
-4.183
-4.18136
-4.18166
-4.18115
-4.17919
-4.17525
-4.17646
-4.1774
-4.17809
-4.17895
-4.1793
-4.17857
-4.1759
-4.17608
-4.17717
-4.17825
-4.17774
-4.18002
-4.17956
-4.17981
-4.18065
-4.17922
-4.18105
-4.18266
-4.18322
-4.18314
-4.18396
-4.18156
-4.18398
-4.18475
-4.18575
-4.18717
-4.18449
-4.1868
-4.18391
-4.18411
-4.18109
-4.18034
-4.18016
-4.17912
-4.17658
-4.17777
-4.179
-4.17961
-4.17871
-4.17782
-4.17856
-4.18133
-4.18474
-4.18891
-4.18849
-4.18897
-4.18787
-4.18639
-4.18471
-4.18407
-4.18115
-4.17924
-4.18124
-4.18028
-4.18267
-4.18219
-4.18308
-4.18202
-4.18275
-4.18262
-4.18114
-4.18069
-4.18104
-4.18105
-4.18177
-4.18317
-4.18193
-4.18249
-4.18316
-4.1842
-4.18736
-4.1875
-4.18828
-4.18779
-4.18372
-4.1819
-4.18002
-4.18075
-4.18121
-4.18229
-4.18091
-4.18118
-4.18271
-4.18462
-4.18516
-4.18438
-4.18601
-4.18577
-4.18813
-4.18677
-4.18416
-4.182
-4.18106
-4.18071
-4.18137
-4.18001
-4.18216
-4.18375
-4.18344
-4.18454
-4.18241
-4.18134
-4.1781
-4.17685
-4.1771
-4.17758
-4.18166
-4.18472
-4.18522
-4.18781
-4.18959
-4.19022
-4.18876
-4.18666
-4.18495
-4.18293
-4.18221
-4.18038
-4.18206
-4.18128
-4.17954
-4.17759
-4.17717
-4.17874
-4.18125
-4.18223
-4.18072
-4.17963
-4.17847
-4.17762
-4.17702
-4.17471
-4.17685
-4.17605
-4.17697
-4.18066
-4.18106
-4.18152
-4.1836
-4.186
-4.18663
-4.18629
-4.18521
-4.18507
-4.18323
-4.183
-4.18244
-4.18392
-4.18503
-4.18742
-4.18787
-4.19006
-4.19396
-4.19387
-4.19231
-4.19185
-4.18897
-4.18399
-4.18383
-4.18407
-4.18133
-4.17851
-4.17568
-4.17496
-4.17808
-4.17938
-4.18325
-4.18709
-4.18878
-4.18747
-4.18778
-4.18744
-4.18614
-4.18454
-4.18057
-4.17862
-4.18082
-4.18165
-4.18245
-4.18249
-4.18165
-4.1818
-4.18271
-4.18271
-4.18525
-4.19111
-4.19316
-4.19325
-4.19291
-4.19003
-4.18619
-4.183
-4.17759
-4.17709
-4.17474
-4.17478
-4.17765
-4.18086
-4.18387
-4.18645
-4.18725
-4.18547
-4.1853
-4.18289
-4.18098
-4.18103
-4.18008
-4.17858
-4.1785
-4.17815
-4.17835
-4.17742
-4.17741
-4.17658
-4.17794
-4.18077
-4.17991
-4.18378
-4.18523
-4.1862
-4.18573
-4.18497
-4.18467
-4.18336
-4.18047
-4.17991
-4.18011
-4.17955
-4.1771
-4.17709
-4.17821
-4.17996
-4.1824
-4.18402
-4.18275
-4.18412
-4.18301
-4.18468
-4.1852
-4.18545
-4.18636
-4.18466
-4.18359
-4.18267
-4.18164
-4.17971
-4.18034
-4.18098
-4.18008
-4.18047
-4.18016
-4.17902
-4.17917
-4.17843
-4.18101
-4.17981
-4.18132
-4.18286
-4.18338
-4.18406
-4.18293
-4.18659
-4.18714
-4.18812
-4.1886
-4.1882
-4.18604
-4.18354
-4.18071
-4.18003
-4.18051
-4.18073
-4.1829
-4.18572
-4.18806
-4.18889
-4.18925
-4.19005
-4.19205
-4.19249
-4.19043
-4.18904
-4.18708
-4.18885
-4.18641
-4.18595
-4.18515
-4.18338
-4.17903
-4.17497
-4.17172
-4.17051
-4.16959
-4.17148
-4.17435
-4.17795
-4.18063
-4.18451
-4.18793
-4.18966
-4.18856
-4.18766
-4.18412
-4.1823
-4.18224
-4.17966
-4.17988
-4.1769
-4.17659
-4.179
-4.17943
-4.17826
-4.17954
-4.18034
-4.1814
-4.17829
-4.17988
-4.18062
-4.18251
-4.18358
-4.1828
-4.18147
-4.17974
-4.17806
-4.17912
-4.17971
-4.18104
-4.18127
-4.18154
-4.18062
-4.18094
-4.18202
-4.18126
-4.17988
-4.1791
-4.17702
-4.17865
-4.17958
-4.18017
-4.18265
-4.18402
-4.18316
-4.18052
-4.17891
-4.18032
-4.17858
-4.17959
-4.18194
-4.18616
-4.187
-4.18462
-4.18335
-4.18077
-4.17685
-4.17461
-4.17483
-4.17689
-4.18022
-4.18459
-4.18572
-4.18601
-4.18601
-4.1841
-4.1851
-4.18518
-4.18592
-4.18718
-4.18865
-4.18948
-4.18744
-4.18526
-4.18689
-4.1867
-4.1855
-4.18289
-4.19789
-4.19658
-4.19693
-4.19687
-4.1969
-4.20104
-4.20217
-4.2035
-4.20443
-4.20173
-4.19973
-4.20041
-4.20039
-4.20284
-4.20485
-4.20532
-4.20432
-4.20179
-4.2022
-4.20079
-4.19882
-4.1994
-4.19916
-4.19702
-4.1969
-4.1956
-4.194
-4.19473
-4.19654
-4.19606
-4.19734
-4.19898
-4.20318
-4.20592
-4.20785
-4.21064
-4.21236
-4.21208
-4.20811
-4.20405
-4.20049
-4.19571
-4.19546
-4.19376
-4.19722
-4.19806
-4.1978
-4.19866
-4.19698
-4.1967
-4.19675
-4.19743
-4.19796
-4.19794
-4.19909
-4.20201
-4.20321
-4.20616
-4.20816
-4.20887
-4.20558
-4.2033
-4.20123
-4.20174
-4.20319
-4.20515
-4.20616
-4.20761
-4.21283
-4.21651
-4.21757
-4.21596
-4.21149
-4.21069
-4.20685
-4.20467
-4.20278
-4.20128
-4.2008
-4.20194
-4.20207
-4.20273
-4.20306
-4.20468
-4.20791
-4.20549
-4.20463
-4.20388
-4.20097
-4.20023
-4.20109
-4.20008
-4.19983
-4.2014
-4.20119
-4.2026
-4.20335
-4.2047
-4.20419
-4.20455
-4.20288
-4.204
-4.20509
-4.20544
-4.20716
-4.20878
-4.20915
-4.21041
-4.20929
-4.20719
-4.20585
-4.20536
-4.20378
-4.20274
-4.20231
-4.2004
-4.19992
-4.20182
-4.20132
-4.20206
-4.20267
-4.20163
-4.20272
-4.20383
-4.20578
-4.20496
-4.20532
-4.2038
-4.20241
-4.20212
-4.19904
-4.19686
-4.19473
-4.19364
-4.19381
-4.19245
-4.1905
-4.19192
-4.18972
-4.19079
-4.19208
-4.1929
-4.19505
-4.19714
-4.20033
-4.20102
-4.20366
-4.20475
-4.20445
-4.20514
-4.20453
-4.20147
-4.20021
-4.19879
-4.19857
-4.19885
-4.19865
-4.19561
-4.19704
-4.19616
-4.19718
-4.19779
-4.20135
-4.20325
-4.20409
-4.20415
-4.20404
-4.20451
-4.20401
-4.20465
-4.20411
-4.20481
-4.20485
-4.20352
-4.2022
-4.20223
-4.20038
-4.19809
-4.19972
-4.20039
-4.20361
-4.20413
-4.20688
-4.20691
-4.20751
-4.20741
-4.20701
-4.20482
-4.20203
-4.19821
-4.19504
-4.19553
-4.19418
-4.19785
-4.19878
-4.20308
-4.20553
-4.20822
-4.20778
-4.20665
-4.20556
-4.20496
-4.20299
-4.20244
-4.20173
-4.1998
-4.19867
-4.19906
-4.19761
-4.19902
-4.19661
-4.19472
-4.19642
-4.20145
-4.20495
-4.20398
-4.20392
-4.20343
-4.20402
-4.20247
-4.20018
-4.19786
-4.19607
-4.1974
-4.19902
-4.19856
-4.19571
-4.19495
-4.19276
-4.19166
-4.19383
-4.19392
-4.19584
-4.19799
-4.19859
-4.19948
-4.19828
-4.20058
-4.20134
-4.20403
-4.20357
-4.20518
-4.20731
-4.20924
-4.20847
-4.20519
-4.20579
-4.20539
-4.20196
-4.19974
-4.19946
-4.20074
-4.20003
-4.20275
-4.20253
-4.20176
-4.19931
-4.19729
-4.19717
-4.19683
-4.19754
-4.19877
-4.20024
-4.20103
-4.2004
-4.20071
-4.19957
-4.19919
-4.19795
-4.19959
-4.19758
-4.1984
-4.19915
-4.19893
-4.19903
-4.20053
-4.20229
-4.20146
-4.20185
-4.20267
-4.20181
-4.2002
-4.19858
-4.19597
-4.19655
-4.19793
-4.20098
-4.20171
-4.20414
-4.2016
-4.20058
-4.20092
-4.19925
-4.19705
-4.20023
-4.20015
-4.19812
-4.1969
-4.19588
-4.19509
-4.19738
-4.20296
-4.20335
-4.20625
-4.20547
-4.20858
-4.20912
-4.21084
-4.21092
-4.20782
-4.20681
-4.20635
-4.20543
-4.20544
-4.20561
-4.20339
-4.20211
-4.19988
-4.19962
-4.20046
-4.20209
-4.20235
-4.20393
-4.20346
-4.20322
-4.2025
-4.20261
-4.19995
-4.19771
-4.1995
-4.19849
-4.20213
-4.20152
-4.20479
-4.20368
-4.2019
-4.2023
-4.20459
-4.20374
-4.20353
-4.20528
-4.20463
-4.2042
-4.20571
-4.20654
-4.20721
-4.20491
-4.20239
-4.20021
-4.19795
-4.1955
-4.19272
-4.19367
-4.19419
-4.19686
-4.19855
-4.19965
-4.20046
-4.19939
-4.20049
-4.19988
-4.20441
-4.20599
-4.20603
-4.20623
-4.20543
-4.20652
-4.20776
-4.20834
-4.20644
-4.20423
-4.19954
-4.19987
-4.19617
-4.1965
-4.19719
-4.19853
-4.20146
-4.20271
-4.20294
-4.20212
-4.20431
-4.2043
-4.20305
-4.20469
-4.20308
-4.20444
-4.2029
-4.20365
-4.20291
-4.20141
-4.20031
-4.20199
-4.20102
-4.2024
-4.2015
-4.2017
-4.20083
-4.20028
-4.20034
-4.2015
-4.20035
-4.20134
-4.20214
-4.20437
-4.20244
-4.20405
-4.20269
-4.20106
-4.20192
-4.20126
-4.20306
-4.19966
-4.19854
-4.20013
-4.2006
-4.20146
-4.20441
-4.20524
-4.20727
-4.20553
-4.20484
-4.20464
-4.20181
-4.20083
-4.20102
-4.20067
-4.19917
-4.19931
-4.20126
-4.20073
-4.19995
-4.20021
-4.19915
-4.19894
-4.20085
-4.20113
-4.2015
-4.20222
-4.20433
-4.20399
-4.20406
-4.20089
-4.19972
-4.19995
-4.19785
-4.19794
-4.19977
-4.19838
-4.20083
-4.20239
-4.204
-4.20686
-4.20484
-4.20091
-4.1999
-4.20074
-4.19882
-4.19946
-4.19888
-4.20161
-4.20187
-4.20267
-4.20348
-4.2047
-4.20308
-4.20415
-4.20496
-4.20396
-4.19997
-4.19999
-4.19662
-4.19835
-4.19714
-4.19604
-4.19689
-4.19701
-4.19865
-4.20296
-4.20276
-4.2035
-4.20274
-4.20146
-4.20289
-4.20144
-4.202
-4.20226
-4.20271
-4.20315
-4.20308
-4.20336
-4.2017
-4.20231
-4.2021
-4.19845
-4.19701
-4.19841
-4.2018
-4.20359
-4.20441
-4.022
-4.01865
-4.0172
-4.01788
-4.01556
-4.01521
-4.0164
-4.01888
-4.02062
-4.01995
-4.01959
-4.02154
-4.02337
-4.02436
-4.02533
-4.02465
-4.02455
-4.02355
-4.02422
-4.02363
-4.02422
-4.02367
-4.02265
-4.02247
-4.02236
-4.01952
-4.01697
-4.01586
-4.01656
-4.01723
-4.01809
-4.01996
-4.02102
-4.02148
-4.02358
-4.02423
-4.02306
-4.02399
-4.02468
-4.02576
-4.02705
-4.02586
-4.02473
-4.0239
-4.02103
-4.02027
-4.02381
-4.02172
-4.02228
-4.02285
-4.02497
-4.02271
-4.02082
-4.01942
-4.02024
-4.0196
-4.02064
-4.02103
-4.02098
-4.02042
-4.02105
-4.02055
-4.02243
-4.02263
-4.02032
-4.02055
-4.01893
-4.01872
-4.02066
-4.02183
-4.02035
-4.0192
-4.02097
-4.0192
-4.02001
-4.02243
-4.02321
-4.02265
-4.02452
-4.02475
-4.02351
-4.02348
-4.02236
-4.02158
-4.0211
-4.02153
-4.02246
-4.02159
-4.022
-4.02057
-4.01713
-4.01669
-4.01743
-4.01909
-4.01913
-4.01947
-4.02041
-4.02156
-4.02472
-4.02363
-4.02538
-4.02616
-4.02664
-4.028
-4.02869
-4.0282
-4.03034
-4.02936
-4.02938
-4.02768
-4.02546
-4.02548
-4.02616
-4.02578
-4.02549
-4.02324
-4.02043
-4.01909
-4.0196
-4.01733
-4.01986
-4.01808
-4.01401
-4.0149
-4.01692
-4.01869
-4.0189
-4.02021
-4.0214
-4.02239
-4.02446
-4.02695
-4.02755
-4.02489
-4.02179
-4.02225
-4.02011
-4.01972
-4.01772
-4.01751
-4.01775
-4.01894
-4.02153
-4.02246
-4.02383
-4.0229
-4.02206
-4.02077
-4.0228
-4.02084
-4.02017
-4.01848
-4.01997
-4.02254
-4.02453
-4.0247
-4.02368
-4.02172
-4.02362
-4.02458
-4.02354
-4.0231
-4.02229
-4.02298
-4.02262
-4.0238
-4.02331
-4.02568
-4.02597
-4.02446
-4.02113
-4.01884
-4.01613
-4.0184
-4.01984
-4.02112
-4.02161
-4.02289
-4.0243
-4.0243
-4.02364
-4.0237
-4.02271
-4.02066
-4.02076
-4.02112
-4.02221
-4.02378
-4.02366
-4.0231
-4.02237
-4.02366
-4.0243
-4.02523
-4.02521
-4.02431
-4.02393
-4.01914
-4.02129
-4.022
-4.02352
-4.02445
-4.02548
-4.02586
-4.02518
-4.02452
-4.02637
-4.02578
-4.02714
-4.0276
-4.02382
-4.02157
-4.01872
-4.01916
-4.01807
-4.01658
-4.01818
-4.02157
-4.0228
-4.02502
-4.02639
-4.02904
-4.02899
-4.02827
-4.0263
-4.02347
-4.0217
-4.0234
-4.02239
-4.02319
-4.02551
-4.02315
-4.0223
-4.02305
-4.02049
-4.02019
-4.02024
-4.02255
-4.02084
-4.02267
-4.02195
-4.02242
-4.02352
-4.02171
-4.01967
-4.01732
-4.01895
-4.02029
-4.02217
-4.02548
-4.02672
-4.02807
-4.02804
-4.02765
-4.02665
-4.02757
-4.02636
-4.02434
-4.02148
-4.02109
-4.02039
-4.01918
-4.02063
-4.02032
-4.01994
-4.02158
-4.02308
-4.0215
-4.02157
-4.01992
-4.01872
-4.01949
-4.02091
-4.02235
-4.02567
-4.024
-4.02544
-4.02735
-4.02737
-4.02655
-4.02607
-4.02582
-4.02359
-4.02201
-4.0191
-4.01756
-4.01734
-4.01972
-4.02247
-4.02217
-4.02383
-4.02332
-4.02039
-4.01889
-4.01871
-4.02358
-4.02469
-4.02767
-4.03089
-4.03219
-4.03194
-4.02583
-4.02205
-4.01931
-4.01639
-4.01659
-4.01727
-4.0177
-4.02171
-4.02159
-4.0232
-4.02515
-4.02594
-4.0253
-4.02763
-4.02632
-4.02633
-4.02804
-4.0264
-4.02682
-4.02467
-4.02292
-4.02053
-4.01841
-4.01725
-4.01739
-4.01489
-4.0146
-4.01562
-4.01915
-4.01965
-4.02303
-4.02409
-4.02582
-4.02667
-4.02824
-4.02787
-4.02803
-4.02737
-4.02364
-4.02444
-4.02325
-4.02203
-4.022
-4.02389
-4.02274
-4.02515
-4.02333
-4.02256
-4.02441
-4.02345
-4.02714
-4.02789
-4.02868
-4.03022
-4.02983
-4.02791
-4.02634
-4.02494
-4.0233
-4.0202
-4.01767
-4.01823
-4.01976
-4.01939
-4.01934
-4.01815
-4.01751
-4.01834
-4.02062
-4.01871
-4.01772
-4.01821
-4.01908
-4.02051
-4.02251
-4.02577
-4.02791
-4.02871
-4.02777
-4.02713
-4.02408
-4.01916
-4.01826
-4.01653
-4.0144
-4.01585
-4.01702
-4.02113
-4.02462
-4.0262
-4.02532
-4.02873
-4.0292
-4.03029
-4.02827
-4.02844
-4.02717
-4.02432
-4.02446
-4.02278
-4.02234
-4.01797
-4.01732
-4.01758
-4.01658
-4.01828
-4.01763
-4.0193
-4.02035
-4.01959
-4.018
-4.0175
-4.02
-4.01971
-4.02036
-4.01976
-4.019
-4.0203
-4.02033
-4.02047
-4.01963
-4.01871
-4.01953
-4.01856
-4.01894
-4.01848
-4.02074
-4.02266
-4.02407
-4.02548
-4.0253
-4.02604
-4.02498
-4.02563
-4.02431
-4.02437
-4.02404
-4.02217
-4.02334
-4.02571
-4.02505
-4.02458
-4.02599
-4.02384
-4.02636
-4.0269
-4.02606
-4.02659
-4.02605
-4.02692
-4.02521
-4.02484
-4.0259
-4.02469
-4.0211
-4.019
-4.02058
-4.0203
-4.02091
-4.02086
-4.02086
-4.0214
-4.02152
-4.01891
-4.01977
-4.02014
-4.01813
-4.01909
-4.02091
-4.01986
-4.02032
-4.0208
-4.02239
-4.02178
-4.01906
-4.01969
-4.01883
-4.01995
-4.02071
-4.02086
-4.02081
-4.02214
-4.02268
-4.02001
-4.02069
-4.0176
-4.01693
-4.01683
-4.01936
-4.02032
-4.02287
-4.02212
-4.0238
-4.02397
-4.02406
-4.02316
-4.02105
-4.01973
-4.01568
-3.89498
-3.8918
-3.89381
-3.89433
-3.89761
-3.90106
-3.9043
-3.90676
-3.90767
-3.90688
-3.90551
-3.9045
-3.90305
-3.90447
-3.9049
-3.90745
-3.91152
-3.90963
-3.90877
-3.90753
-3.9099
-3.90742
-3.90682
-3.90657
-3.90313
-3.90312
-3.90599
-3.90895
-3.91063
-3.91076
-3.91055
-3.91148
-3.90853
-3.90661
-3.90891
-3.90859
-3.90693
-3.90364
-3.90258
-3.90154
-3.9045
-3.90325
-3.90352
-3.90189
-3.90246
-3.9025
-3.90364
-3.90576
-3.9063
-3.90703
-3.90812
-3.90834
-3.90526
-3.90291
-3.90405
-3.90308
-3.90245
-3.90459
-3.90686
-3.90917
-3.90964
-3.90983
-3.90849
-3.90581
-3.90307
-3.90202
-3.9019
-3.90144
-3.90124
-3.90196
-3.90057
-3.90293
-3.9014
-3.89925
-3.89875
-3.89965
-3.90114
-3.90393
-3.90593
-3.90613
-3.90806
-3.90606
-3.90613
-3.90646
-3.90717
-3.90802
-3.90746
-3.90672
-3.90525
-3.90629
-3.90739
-3.90663
-3.90681
-3.90562
-3.90447
-3.90165
-3.90431
-3.90524
-3.90693
-3.90872
-3.91018
-3.90923
-3.90817
-3.90719
-3.90542
-3.90453
-3.90467
-3.90373
-3.90405
-3.90173
-3.89998
-3.90084
-3.90286
-3.90579
-3.90942
-3.91029
-3.913
-3.91291
-3.91284
-3.91349
-3.90985
-3.90993
-3.90878
-3.90576
-3.9043
-3.9026
-3.90406
-3.90315
-3.90231
-3.9032
-3.90374
-3.90462
-3.90592
-3.90587
-3.90694
-3.90603
-3.90904
-3.90777
-3.90781
-3.90707
-3.90525
-3.90336
-3.90319
-3.90346
-3.90275
-3.90282
-3.90551
-3.9075
-3.90358
-3.90673
-3.90665
-3.90919
-3.90792
-3.90741
-3.90821
-3.90966
-3.90979
-3.90633
-3.90509
-3.90483
-3.90067
-3.89862
-3.89883
-3.89946
-3.90052
-3.90331
-3.90689
-3.90798
-3.91061
-3.91226
-3.91599
-3.91728
-3.91663
-3.91564
-3.91288
-3.91016
-3.90763
-3.90678
-3.90569
-3.90369
-3.90313
-3.90192
-3.90346
-3.90482
-3.90767
-3.90992
-3.91267
-3.91302
-3.91231
-3.914
-3.91306
-3.91428
-3.91439
-3.91227
-3.91072
-3.90914
-3.90689
-3.90176
-3.90169
-3.90076
-3.90044
-3.89949
-3.89953
-3.90218
-3.90543
-3.90698
-3.90934
-3.91027
-3.91138
-3.91071
-3.90852
-3.90687
-3.9035
-3.90382
-3.9028
-3.90589
-3.90453
-3.90617
-3.90697
-3.90852
-3.91027
-3.91031
-3.91227
-3.914
-3.91462
-3.91358
-3.90857
-3.90715
-3.90368
-3.90393
-3.9029
-3.90516
-3.90882
-3.9081
-3.91113
-3.91188
-3.91075
-3.90867
-3.90764
-3.9054
-3.89999
-3.89903
-3.89682
-3.89823
-3.8983
-3.90044
-3.90238
-3.90401
-3.90636
-3.90934
-3.90937
-3.91094
-3.91138
-3.91103
-3.91057
-3.90842
-3.90621
-3.90574
-3.90489
-3.90366
-3.89994
-3.90047
-3.90329
-3.90576
-3.90843
-3.90628
-3.9033
-3.90103
-3.90071
-3.90148
-3.90598
-3.90612
-3.90496
-3.90275
-3.89981
-3.89897
-3.89982
-3.90325
-3.90322
-3.90469
-3.90579
-3.90587
-3.90723
-3.90888
-3.90597
-3.90416
-3.90444
-3.90304
-3.90381
-3.90432
-3.90608
-3.90429
-3.90212
-3.90151
-3.90024
-3.90157
-3.89945
-3.89961
-3.8998
-3.9014
-3.9027
-3.90319
-3.90281
-3.90146
-3.89996
-3.9014
-3.90352
-3.90472
-3.90357
-3.90237
-3.9029
-3.90521
-3.90559
-3.9044
-3.90409
-3.90287
-3.90321
-3.90448
-3.90376
-3.90434
-3.90573
-3.90842
-3.90853
-3.90603
-3.9071
-3.90761
-3.90779
-3.90799
-3.90464
-3.90749
-3.90549
-3.90219
-3.90112
-3.90003
-3.89978
-3.90131
-3.90197
-3.90203
-3.90137
-3.9039
-3.90645
-3.90568
-3.90586
-3.90546
-3.9059
-3.90472
-3.9055
-3.90426
-3.90678
-3.90733
-3.90669
-3.90614
-3.90457
-3.90353
-3.90121
-3.90185
-3.9024
-3.9024
-3.9014
-3.90316
-3.90484
-3.90404
-3.9047
-3.90321
-3.90319
-3.90257
-3.90181
-3.90092
-3.89721
-3.89541
-3.89507
-3.89496
-3.89413
-3.89496
-3.89751
-3.89733
-3.90256
-3.90642
-3.91124
-3.9132
-3.9153
-3.91451
-3.9122
-3.91089
-3.90836
-3.90402
-3.90178
-3.89827
-3.89995
-3.9036
-3.90074
-3.8998
-3.89888
-3.90016
-3.89935
-3.89567
-3.89613
-3.89696
-3.89869
-3.90359
-3.90515
-3.90771
-3.90836
-3.90767
-3.90667
-3.90607
-3.90434
-3.90534
-3.90438
-3.90608
-3.90691
-3.90901
-3.90911
-3.90709
-3.90526
-3.90279
-3.89959
-3.90104
-3.90083
-3.90163
-3.90122
-3.8996
-3.90022
-3.8997
-3.90276
-3.90315
-3.90509
-3.90716
-3.90634
-3.90693
-3.90614
-3.90434
-3.90228
-3.902
-3.90167
-3.89913
-3.89941
-3.90182
-3.9043
-3.90615
-3.90729
-3.90884
-3.90913
-3.91013
-3.9076
-3.90501
-3.90529
-3.90775
-3.90618
-3.90577
-3.90601
-3.90761
-3.9091
-3.90865
-3.90635
-3.90604
-3.90539
-3.9082
-3.90611
-3.90704
-3.90482
-3.90273
-3.90185
-3.90105
-3.90086
-3.90118
-3.90289
-3.90195
-3.90269
-3.90131
-3.90012
-3.90109
-3.90181
-3.90069
-3.90302
-3.90605
-3.90809
-3.90622
-3.90565
-3.90803
-3.90686
-3.90767
-3.90605
-3.90496
-3.90465
-3.90535
-3.90722
-3.90866
-3.90928
-3.90651
-3.90425
-3.90347
-3.90301
-3.90256
-3.90297
-3.90173
-3.90138
-3.90347
-3.90424
-3.90483
-3.77236
-3.77103
-3.77172
-3.7719
-3.7721
-3.77139
-3.77117
-3.77114
-3.77201
-3.7719
-3.76921
-3.76921
-3.77165
-3.77077
-3.77029
-3.77036
-3.7714
-3.77276
-3.77134
-3.76955
-3.7706
-3.77075
-3.76923
-3.76814
-3.76741
-3.76471
-3.76434
-3.76278
-3.76237
-3.7608
-3.75931
-3.76079
-3.76297
-3.76602
-3.76996
-3.77097
-3.76933
-3.7704
-3.77216
-3.77062
-3.76825
-3.76723
-3.76581
-3.76611
-3.76725
-3.77021
-3.77033
-3.77147
-3.76888
-3.76863
-3.76904
-3.76798
-3.76675
-3.76807
-3.76955
-3.7718
-3.77329
-3.77194
-3.77157
-3.76753
-3.76648
-3.76583
-3.7655
-3.76444
-3.76509
-3.76654
-3.76833
-3.76795
-3.76698
-3.76693
-3.76592
-3.76591
-3.76614
-3.76908
-3.77234
-3.77327
-3.77247
-3.77309
-3.77171
-3.77236
-3.77399
-3.7729
-3.76946
-3.76667
-3.76576
-3.76378
-3.76348
-3.76256
-3.76524
-3.76748
-3.7691
-3.76841
-3.76915
-3.76969
-3.77182
-3.77117
-3.77245
-3.77142
-3.76705
-3.76962
-3.76925
-3.76622
-3.76548
-3.76635
-3.76706
-3.76884
-3.7716
-3.77225
-3.76996
-3.77015
-3.76956
-3.76866
-3.76781
-3.76851
-3.76795
-3.76712
-3.76486
-3.76759
-3.76728
-3.76853
-3.77033
-3.77107
-3.77214
-3.77283
-3.77316
-3.77275
-3.7724
-3.77214
-3.77085
-3.77094
-3.77257
-3.76945
-3.76952
-3.76817
-3.76882
-3.77038
-3.77185
-3.77054
-3.77113
-3.77005
-3.76617
-3.76391
-3.76489
-3.76504
-3.76677
-3.76679
-3.76806
-3.76985
-3.77121
-3.7704
-3.76922
-3.76592
-3.76699
-3.76604
-3.76441
-3.76338
-3.76462
-3.76517
-3.7659
-3.7645
-3.76526
-3.76353
-3.76588
-3.76418
-3.76553
-3.76579
-3.76787
-3.76833
-3.7696
-3.76823
-3.76698
-3.76602
-3.76645
-3.7673
-3.76606
-3.76521
-3.76678
-3.76691
-3.76728
-3.76808
-3.77064
-3.77244
-3.77445
-3.77646
-3.77497
-3.77547
-3.77394
-3.77322
-3.76959
-3.76921
-3.76688
-3.76784
-3.76747
-3.7661
-3.76819
-3.7692
-3.77005
-3.77139
-3.77389
-3.77234
-3.77062
-3.77095
-3.76845
-3.76398
-3.76422
-3.76393
-3.76471
-3.76783
-3.76703
-3.76904
-3.76963
-3.76813
-3.7672
-3.76921
-3.76856
-3.76719
-3.76765
-3.76577
-3.76552
-3.76291
-3.76403
-3.76402
-3.76451
-3.76543
-3.76825
-3.76879
-3.7681
-3.76861
-3.77016
-3.77022
-3.76868
-3.76711
-3.7638
-3.76161
-3.76423
-3.76205
-3.76388
-3.76636
-3.77
-3.76864
-3.76921
-3.76908
-3.77056
-3.76888
-3.76648
-3.76876
-3.76469
-3.76561
-3.76289
-3.76411
-3.76218
-3.76676
-3.76647
-3.76783
-3.76811
-3.76871
-3.76816
-3.76648
-3.76611
-3.76509
-3.76518
-3.76743
-3.76973
-3.7707
-3.77344
-3.77487
-3.77656
-3.77852
-3.77757
-3.77602
-3.7772
-3.77354
-3.77096
-3.77068
-3.77124
-3.77228
-3.77073
-3.7703
-3.76876
-3.76957
-3.77071
-3.77037
-3.76894
-3.76945
-3.77039
-3.77415
-3.77813
-3.77704
-3.77722
-3.77554
-3.77381
-3.77243
-3.77294
-3.77418
-3.77402
-3.77229
-3.77361
-3.77578
-3.78078
-3.78306
-3.78372
-3.78209
-3.78126
-3.78096
-3.77762
-3.77742
-3.77293
-3.7715
-3.7694
-3.76922
-3.76877
-3.76671
-3.7673
-3.76411
-3.7643
-3.76626
-3.77002
-3.77078
-3.77237
-3.77236
-3.77165
-3.77054
-3.76866
-3.76937
-3.76747
-3.76803
-3.76933
-3.77094
-3.76949
-3.77104
-3.77001
-3.77057
-3.77158
-3.77216
-3.77326
-3.77422
-3.77301
-3.77328
-3.77116
-3.76775
-3.76809
-3.76711
-3.76659
-3.76417
-3.76587
-3.76727
-3.76921
-3.77093
-3.77057
-3.77177
-3.77384
-3.77405
-3.77194
-3.76853
-3.76997
-3.77107
-3.76947
-3.76727
-3.76697
-3.7656
-3.76481
-3.76214
-3.76169
-3.76099
-3.76336
-3.76899
-3.77315
-3.77626
-3.77882
-3.77914
-3.7771
-3.77361
-3.76725
-3.76529
-3.76264
-3.76254
-3.76184
-3.76282
-3.76111
-3.76068
-3.76242
-3.76487
-3.76529
-3.76524
-3.76561
-3.77119
-3.77608
-3.77997
-3.78085
-3.78137
-3.78026
-3.7755
-3.77218
-3.77192
-3.77003
-3.76888
-3.76759
-3.76685
-3.76587
-3.76745
-3.77053
-3.7731
-3.77639
-3.77708
-3.77629
-3.7727
-3.76963
-3.76769
-3.76726
-3.76637
-3.76588
-3.76434
-3.762
-3.76359
-3.76333
-3.76298
-3.76381
-3.764
-3.76765
-3.76907
-3.77179
-3.77194
-3.77326
-3.77338
-3.7748
-3.77192
-3.76976
-3.76767
-3.76389
-3.76327
-3.76435
-3.76425
-3.76533
-3.76683
-3.76978
-3.77001
-3.77236
-3.77551
-3.77317
-3.77202
-3.77081
-3.77074
-3.7681
-3.76371
-3.76137
-3.76392
-3.76386
-3.76822
-3.769
-3.7673
-3.76728
-3.76609
-3.7648
-3.76349
-3.76379
-3.76545
-3.76826
-3.77049
-3.77093
-3.77134
-3.77113
-3.7724
-3.77219
-3.77344
-3.77422
-3.77224
-3.77175
-3.77334
-3.77327
-3.77269
-3.77103
-3.76976
-3.76986
-3.77286
-3.77387
-3.7722
-3.77429
-3.77335
-3.77078
-3.76878
-3.76624
-3.76388
-3.76304
-3.76407
-3.7657
-3.76745
-3.76992
-3.76818
-3.7657
-3.76603
-3.76603
-3.76524
-3.76578
-3.76549
-3.76514
-3.76498
-3.76677
-3.76665
-3.76591
-3.76658
-3.73543
-3.73782
-3.74098
-3.74333
-3.74435
-3.7418
-3.73835
-3.73448
-3.73412
-3.73038
-3.73018
-3.73024
-3.7314
-3.73211
-3.73305
-3.73437
-3.73542
-3.73522
-3.73533
-3.73635
-3.7372
-3.73923
-3.74217
-3.74494
-3.74641
-3.74607
-3.74376
-3.74161
-3.73955
-3.73663
-3.7354
-3.73538
-3.73533
-3.73387
-3.73406
-3.73655
-3.73776
-3.7371
-3.7377
-3.73617
-3.7349
-3.73412
-3.73447
-3.73463
-3.73493
-3.7375
-3.73936
-3.74096
-3.74074
-3.73959
-3.73942
-3.74041
-3.73898
-3.73854
-3.73826
-3.73716
-3.73371
-3.73396
-3.7346
-3.73319
-3.73482
-3.73626
-3.73557
-3.73804
-3.73893
-3.73982
-3.74424
-3.7428
-3.74365
-3.74333
-3.74522
-3.74576
-3.74347
-3.74193
-3.73979
-3.73828
-3.73745
-3.7354
-3.73478
-3.73458
-3.73353
-3.73714
-3.73732
-3.73797
-3.73958
-3.73784
-3.73728
-3.73922
-3.73759
-3.73902
-3.73832
-3.73795
-3.73682
-3.73739
-3.73607
-3.73622
-3.73649
-3.73581
-3.73228
-3.73219
-3.73182
-3.73356
-3.73426
-3.73591
-3.73875
-3.74054
-3.74378
-3.74412
-3.74055
-3.73871
-3.73885
-3.73803
-3.7372
-3.73957
-3.73754
-3.73702
-3.73858
-3.73785
-3.74007
-3.74133
-3.74232
-3.74131
-3.73939
-3.73924
-3.7376
-3.73736
-3.73902
-3.74007
-3.74058
-3.74129
-3.74226
-3.74288
-3.74219
-3.73996
-3.73941
-3.73831
-3.73646
-3.73875
-3.73724
-3.73748
-3.7368
-3.73776
-3.73739
-3.73896
-3.74087
-3.74427
-3.74663
-3.75034
-3.75047
-3.75157
-3.74835
-3.74287
-3.74048
-3.73984
-3.73748
-3.73644
-3.73504
-3.73702
-3.73684
-3.73692
-3.73778
-3.73982
-3.73793
-3.73693
-3.73528
-3.73383
-3.73413
-3.73263
-3.73003
-3.72583
-3.72492
-3.72529
-3.72927
-3.73124
-3.73362
-3.73362
-3.73502
-3.73659
-3.74078
-3.74307
-3.74559
-3.74606
-3.74698
-3.74866
-3.74323
-3.7377
-3.73315
-3.73267
-3.73489
-3.73809
-3.74254
-3.74474
-3.7462
-3.74793
-3.74431
-3.7413
-3.74131
-3.73882
-3.73701
-3.7367
-3.73646
-3.73649
-3.73831
-3.73919
-3.73703
-3.73644
-3.73626
-3.73656
-3.73411
-3.73408
-3.73332
-3.73436
-3.73414
-3.73616
-3.73561
-3.73602
-3.73603
-3.73618
-3.737
-3.73819
-3.73878
-3.7387
-3.7381
-3.738
-3.7375
-3.73679
-3.73808
-3.73783
-3.73639
-3.73438
-3.73208
-3.73323
-3.73487
-3.7345
-3.73421
-3.73455
-3.73579
-3.73693
-3.73622
-3.73745
-3.73652
-3.73606
-3.73442
-3.73484
-3.73658
-3.73761
-3.73563
-3.73791
-3.73566
-3.73568
-3.73755
-3.73843
-3.73822
-3.73771
-3.73687
-3.73852
-3.74093
-3.74234
-3.73987
-3.73941
-3.74066
-3.74085
-3.74241
-3.74322
-3.74389
-3.74501
-3.74376
-3.74121
-3.73951
-3.74034
-3.73701
-3.73202
-3.7323
-3.73456
-3.73923
-3.7387
-3.73788
-3.73597
-3.73702
-3.73781
-3.74092
-3.74493
-3.74411
-3.7417
-3.73701
-3.73631
-3.73789
-3.7382
-3.74051
-3.74088
-3.74162
-3.74296
-3.74403
-3.74115
-3.74069
-3.74253
-3.74038
-3.74073
-3.73672
-3.73475
-3.73274
-3.72944
-3.72806
-3.72764
-3.72648
-3.7281
-3.72991
-3.73152
-3.73454
-3.73891
-3.74052
-3.74114
-3.74056
-3.73935
-3.73833
-3.73661
-3.73341
-3.73439
-3.73315
-3.73341
-3.73571
-3.73544
-3.7377
-3.73785
-3.73543
-3.73619
-3.73666
-3.7358
-3.73923
-3.74112
-3.73973
-3.73958
-3.74065
-3.74036
-3.7388
-3.73806
-3.73738
-3.73473
-3.73472
-3.7341
-3.73594
-3.73724
-3.74033
-3.74205
-3.74378
-3.74421
-3.74277
-3.74249
-3.73906
-3.73665
-3.73279
-3.73044
-3.73188
-3.73536
-3.73747
-3.74023
-3.74112
-3.73928
-3.73873
-3.74085
-3.73901
-3.73807
-3.73707
-3.73723
-3.73755
-3.74019
-3.74156
-3.74154
-3.74383
-3.74569
-3.74368
-3.74396
-3.74545
-3.74176
-3.73833
-3.7369
-3.73722
-3.73482
-3.73538
-3.73548
-3.73829
-3.74145
-3.7437
-3.74162
-3.73998
-3.74069
-3.73973
-3.73838
-3.73992
-3.73926
-3.74004
-3.74117
-3.73957
-3.73618
-3.73564
-3.73737
-3.73494
-3.73549
-3.73515
-3.73464
-3.73579
-3.73633
-3.73867
-3.73865
-3.73885
-3.74353
-3.74528
-3.74493
-3.74282
-3.7428
-3.74169
-3.74208
-3.74316
-3.74236
-3.7445
-3.7454
-3.74672
-3.74638
-3.74827
-3.74674
-3.74606
-3.74767
-3.74224
-3.73982
-3.73809
-3.73697
-3.73917
-3.74103
-3.74184
-3.74581
-3.74689
-3.74541
-3.74619
-3.74493
-3.74312
-3.74324
-3.74166
-3.74171
-3.74034
-3.74042
-3.73955
-3.74077
-3.73939
-3.74058
-3.73825
-3.73767
-3.73643
-3.73499
-3.73243
-3.73243
-3.73073
-3.73205
-3.73385
-3.73452
-3.73527
-3.73565
-3.73478
-3.73604
-3.73572
-3.73983
-3.74194
-3.74418
-3.7456
-3.74407
-3.74575
-3.74361
-3.74316
-3.74134
-3.73938
-3.7379
-3.73516
-3.7348
-3.73444
-3.73615
-3.73725
-3.73617
-3.73689
-3.73858
-3.74089
-3.74053
-3.73968
-3.73715
-3.7343
-3.73535
-3.73568
-3.73459
-3.73482
-3.73639
-3.74049
-3.74323
-3.74314
-3.74654
-3.74565
-3.74557
-3.74579
-3.74417
-3.74221
-3.73978
-3.73912
-3.73891
