1.38823
1.34832
1.28183
1.19068
1.0783
0.950365
0.81517
0.683422
0.566963
0.476361
0.418331
0.394076
0.399412
0.426507
0.466156
0.509725
0.550343
0.583335
0.606167
0.618129
0.619916
0.613255
0.600519
0.584377
0.567539
0.552462
0.541265
0.535731
0.537292
0.546956
0.565142
0.591449
0.62443
0.661611
0.699835
0.735805
0.766688
0.790459
0.806124
0.813751
0.814418
0.809919
0.802364
0.793852
0.785957
0.77952
0.774618
0.770781
0.76729
0.763509
0.758975
0.753431
0.746776
0.739081
0.730606
0.721787
0.713358
0.706295
0.701715
0.700572
0.70341
0.709976
0.719241
0.729741
0.74009
0.749464
0.757688
0.764987
0.771597
0.777394
0.781987
0.784867
0.785752
0.784635
0.781805
0.777623
0.772421
0.76628
0.759067
0.750696
0.741508
0.732379
0.724593
0.719411
0.717294
0.717514
0.718429
0.718081
0.714871
0.707937
0.697293
0.68383
0.66915
0.655226
0.643915
0.63658
0.63396
0.636147
0.642724
0.652904
0.665509
0.679003
0.691489
0.701005
0.705853
0.704935
0.698048
0.68596
0.670323
0.653465
0.638056
0.626833
0.622127
0.625415
0.637194
0.656819
0.682717
0.712615
0.743915
0.773991
0.800502
0.821673
0.836422
0.84447
0.846325
0.843124
0.836417
0.827943
0.819147
0.810797
0.802779
0.79429
0.784457
0.772919
0.760102
0.746951
0.734341
0.722645
0.711848
0.701885
0.692788
0.684634
0.677431
0.671164
0.665828
0.661752
0.659566
0.660076
0.663883
0.671108
0.681281
0.693542
0.706919
0.720577
0.733873
0.746216
0.756967
0.765208
0.769756
0.769412
0.763383
0.751879
0.736455
0.719823
0.705108
0.69457
0.688601
0.685838
0.684452
0.683454
0.683106
0.684415
0.688347
0.69515
0.704212
0.714394
0.724593
0.733957
0.741938
0.748097
0.752102
0.753858
0.753625
0.752015
0.750024
0.748709
0.748892
0.750833
0.754168
0.757984
0.761208
0.762984
0.762885
0.761018
0.75779
0.753523
0.748462
0.742895
0.737288
0.732208
0.728226
0.725647
0.72454
0.724682
0.725578
0.726563
0.727075
0.726799
0.725777
0.72429
0.722809
0.721981
0.722282
0.723865
0.726582
0.729917
0.733201
0.735883
0.737727
0.738829
0.739603
0.740427
0.741209
0.741275
0.739516
0.734981
0.727414
0.717377
0.706337
0.69625
0.68899
0.685801
0.68695
0.691673
0.69842
0.705335
0.710593
0.712887
0.711523
0.706499
0.69841
0.688328
0.677712
0.668266
0.661891
0.660333
0.664782
0.675473
0.691479
0.710967
0.731642
0.751326
0.768362
0.781733
0.790943
0.795987
0.797175
0.794947
0.789845
0.782532
0.773656
0.763946
0.754034
0.744482
0.735541
0.727218
0.71943
0.712265
0.706286
0.702642
0.702688
0.707363
0.716439
0.728263
0.74014
0.749264
0.753668
0.752831
0.74779
0.740719
0.73412
0.729847
0.728664
0.730027
0.732568
0.734748
0.735432
0.734252
0.731622
0.728374
0.725317
0.722784
0.720548
0.718094
0.715068
0.71164
0.708602
0.707148
0.708334
0.712454
0.71861
0.725078
0.730054
0.732202
0.730948
0.726469
0.719509
0.711025
0.701925
0.692901
0.684457
0.677017
0.671038
0.666999
0.665377
0.66664
0.67106
0.678522
0.688568
0.700527
0.713636
0.727118
0.74004
0.751338
0.759775
0.764201
0.76399
0.759414
0.751813
0.743124
0.735207
0.729316
0.725875
0.724813
0.72582
0.728484
0.732385
0.737099
0.742172
0.747056
0.751128
0.753616
0.753672
0.750489
0.743708
0.733586
0.721138
0.707986
0.695966
0.686671
0.681112
0.679499
0.681288
0.685339
0.690234
0.694638
0.697779
0.699658
0.70075
0.701621
0.70257
0.703636
0.704917
0.706832
0.710058
0.715152
0.722236
0.730755
0.739532
0.747175
0.752542
0.754977
0.75433
0.7508
0.744742
0.73674
0.727965
0.720382
0.716182
0.716525
0.720844
0.727365
0.734314
0.740695
0.746274
0.751313
0.756208
0.761319
0.76662
0.771568
0.775287
0.776826
0.775543
0.771169
0.763564
0.75273
0.738901
0.722782
0.705766
0.689794
0.676902
0.668696
0.665937
0.668622
0.676201
0.687646
0.701694
0.716707
0.730745
0.741936
0.749043
0.751863
0.751191
0.748235
0.74388
0.738475
0.732092
0.724989
0.717659
0.710774
0.705001
0.70088
0.698801
0.699034
0.701613
0.7062
0.712073
0.718234
0.72361
0.727301
0.728873
0.728299
0.725955
0.722522
0.718699
0.714875
0.711225
0.707687
0.704196
0.700791
0.697691
0.695195
0.693563
0.692991
0.693512
0.695052
0.697531
0.700864
0.70502
0.710025
0.715946
0.722783
0.73037
0.738155
0.745203
0.75027
0.752104
0.749638
0.742352
0.730549
0.715363
0.698806
0.683385
0.671677
0.665822
0.667083
0.675485
0.689842
0.708117
0.727914
0.747123
0.76436
0.779124
0.791519
0.801732
0.809693
0.815015
0.817109
0.815623
0.810596
0.802363
0.791447
0.778519
0.764238
0.749287
0.734268
0.719808
0.706446
0.694629
0.684884
0.677944
0.674865
0.676775
0.684152
0.696197
0.710568
0.724058
0.733625
0.737335
0.734705
1.37884
1.33306
1.26875
1.19399
1.1187
1.05323
1.0061
0.981593
0.978475
0.990854
1.01038
1.02874
1.03973
1.04097
1.03458
1.02646
1.02267
1.02527
1.03152
1.03748
1.04086
1.04139
1.03975
1.03664
1.03288
1.0298
1.02868
1.02914
1.02869
1.02462
1.01687
1.00915
1.00746
1.01697
1.03916
1.07129
1.10779
1.14247
1.17028
1.1877
1.19291
1.1855
1.16642
1.13824
1.10536
1.07323
1.04709
1.03029
1.02387
1.02712
1.03834
1.05552
1.07667
1.10011
1.12439
1.1482
1.17029
1.18953
1.20451
1.21341
1.21403
1.2044
1.18347
1.1515
1.11025
1.06288
1.01385
0.968654
0.933503
0.91426
0.914554
0.933927
0.967546
1.00826
1.04946
1.08629
1.11546
1.1344
1.14125
1.13572
1.12008
1.09918
1.07835
1.06107
1.04843
1.0406
1.03807
1.0414
1.05054
1.0643
1.08047
1.09647
1.10993
1.11902
1.12306
1.12284
1.1203
1.11759
1.11579
1.11466
1.11314
1.11019
1.1052
1.09798
1.08849
1.07664
1.06231
1.04566
1.02733
1.00862
0.991447
0.97806
0.970846
0.971811
0.981845
1.00025
1.02482
1.05246
1.07977
1.10379
1.12259
1.13578
1.14451
1.15079
1.1562
1.16102
1.16404
1.16309
1.15604
1.14201
1.12212
1.09913
1.07633
1.0563
1.04049
1.02976
1.0248
1.02609
1.03335
1.04525
1.05987
1.0752
1.08942
1.10096
1.10895
1.11347
1.11535
1.11561
1.11453
1.11154
1.10567
1.09636
1.08414
1.07058
1.05731
1.0454
1.03516
1.02696
1.02188
1.0213
1.02553
1.03294
1.04052
1.04555
1.04696
1.04553
1.04333
1.04287
1.04625
1.05481
1.06897
1.08828
1.11144
1.13634
1.16062
1.18186
1.19795
1.20728
1.20897
1.20279
1.18892
1.16782
1.14026
1.1074
1.07063
1.03179
0.993761
0.960919
0.938507
0.93048
0.937583
0.957035
0.984009
1.01391
1.04397
1.07313
1.10113
1.12749
1.15104
1.17061
1.18552
1.1957
1.20127
1.20236
1.19931
1.19292
1.18449
1.17523
1.16569
1.15572
1.14438
1.12993
1.11063
1.08608
1.05814
1.03034
1.00651
0.9894
0.980014
0.977774
0.981191
0.988886
0.999931
1.01334
1.02734
1.03922
1.04608
1.04599
1.03872
1.02577
1.00985
0.994337
0.982608
0.977623
0.981455
0.994798
1.01678
1.04523
1.07701
1.10862
1.13682
1.15915
1.17409
1.18115
1.18046
1.17258
1.1586
1.14026
1.11983
1.09968
1.08166
1.06688
1.05581
1.04834
1.04392
1.04171
1.04073
1.04004
1.0392
1.03868
1.04021
1.04601
1.05736
1.07345
1.09187
1.10964
1.12413
1.13326
1.13537
1.12927
1.11453
1.09218
1.06496
1.03719
1.01395
0.999589
0.996231
1.00301
1.01651
1.03239
1.04713
1.05865
1.06645
1.07138
1.07533
1.08097
1.09077
1.10576
1.12453
1.14392
1.16063
1.17237
1.17783
1.17625
1.16745
1.1521
1.13179
1.10888
1.08618
1.06643
1.05178
1.04335
1.04087
1.04351
1.05039
1.06053
1.07232
1.08333
1.09133
1.09561
1.0972
1.09769
1.09849
1.10084
1.106
1.1147
1.12644
1.13951
1.15145
1.15981
1.1626
1.1588
1.14869
1.13325
1.11336
1.08974
1.06353
1.03725
1.01497
1.00156
1.00077
1.01283
1.03337
1.05524
1.07166
1.07914
1.07825
1.07258
1.06664
1.06392
1.06571
1.07141
1.07939
1.08786
1.09538
1.10111
1.10467
1.10589
1.10464
1.10091
1.09507
1.08818
1.08197
1.07827
1.07788
1.07956
1.08053
1.07789
1.07013
1.05789
1.04354
1.03029
1.02118
1.01809
1.02143
1.0303
1.04301
1.0574
1.07105
1.08159
1.08742
1.08823
1.0849
1.07902
1.07252
1.06741
1.06552
1.06789
1.07386
1.08133
1.08748
1.09004
1.088
1.08187
1.07338
1.06511
1.05993
1.06019
1.06706
1.08017
1.09755
1.11599
1.13187
1.14205
1.14497
1.14146
1.13462
1.12785
1.1228
1.11888
1.11444
1.10823
1.10036
1.0927
1.08784
1.08762
1.09202
1.09941
1.10742
1.11359
1.11582
1.11282
1.10455
1.09189
1.07652
1.06077
1.04773
1.04067
1.04182
1.05119
1.06566
1.07934
1.0853
1.0785
1.05819
1.02892
0.999364
0.97831
0.970666
0.976674
0.993811
1.01818
1.04535
1.07093
1.09136
1.10474
1.11118
1.11265
1.11219
1.11265
1.11557
1.12073
1.12664
1.13171
1.13502
1.13656
1.13661
1.13525
1.13224
1.12709
1.11962
1.11004
1.09912
1.0883
1.07939
1.07421
1.07402
1.07885
1.08705
1.09556
1.1012
1.10223
1.09906
1.09399
1.09024
1.09064
1.09655
1.10693
1.11824
1.12532
1.1233
1.10961
1.08555
1.05698
1.03269
1.01913
1.0155
1.01549
1.01359
1.00854
1.00246
0.998579
0.999398
1.00589
1.0178
1.03428
1.05446
1.07722
1.10053
1.1215
1.13686
1.14415
1.14265
1.13353
1.11941
1.10332
1.08812
1.07648
1.07089
1.07299
1.40454
1.40538
1.40093
1.39136
1.37811
1.36291
1.34664
1.32924
1.30996
1.28748
1.2606
1.22952
1.19687
1.16729
1.14562
1.1351
1.13632
1.14732
1.16461
1.18431
1.20322
1.21931
1.23198
1.2417
1.24958
1.25665
1.26316
1.26748
1.26636
1.2566
1.23726
1.21092
1.1838
1.16427
1.16019
1.17497
1.20517
1.24194
1.27558
1.29952
1.31143
1.31224
1.30467
1.29201
1.27765
1.26452
1.25459
1.24873
1.24692
1.24854
1.25246
1.25682
1.25969
1.25981
1.25728
1.25333
1.24946
1.24654
1.2452
1.24662
1.25281
1.266
1.28688
1.31294
1.33902
1.35972
1.37176
1.37478
1.37103
1.36473
1.36045
1.36078
1.36491
1.36968
1.37159
1.36806
1.35747
1.33908
1.31292
1.28013
1.24358
1.20788
1.17808
1.1574
1.14594
1.14147
1.14113
1.14259
1.14443
1.14616
1.14802
1.15052
1.15427
1.15982
1.16729
1.17555
1.18231
1.18565
1.18498
1.18063
1.17301
1.16294
1.15273
1.14613
1.14683
1.15628
1.1731
1.19453
1.21802
1.24149
1.26318
1.28159
1.29561
1.305
1.31067
1.3149
1.32082
1.33107
1.34637
1.36508
1.38374
1.39807
1.40416
1.39969
1.38495
1.36292
1.33825
1.31485
1.2937
1.27252
1.24788
1.21805
1.18487
1.15346
1.12936
1.11507
1.1091
1.10819
1.10977
1.11277
1.11705
1.12266
1.12991
1.13989
1.15464
1.17619
1.20561
1.24185
1.2815
1.3197
1.35191
1.37545
1.39001
1.39715
1.39859
1.39499
1.38631
1.37329
1.35814
1.34394
1.33298
1.32498
1.31688
1.30454
1.28585
1.26292
1.24158
1.22887
1.22988
1.24501
1.26952
1.29558
1.31525
1.32315
1.31755
1.30068
1.27812
1.25681
1.24226
1.23698
1.24054
1.25001
1.26125
1.27032
1.27483
1.27396
1.26765
1.25653
1.24213
1.22681
1.21309
1.20311
1.1984
1.19994
1.20832
1.22334
1.24321
1.26424
1.282
1.2931
1.29628
1.29234
1.28336
1.27177
1.25985
1.24918
1.24028
1.23304
1.22747
1.2245
1.22604
1.23378
1.24756
1.26444
1.27946
1.28771
1.28637
1.27547
1.25781
1.23774
1.21963
1.20634
1.19907
1.19828
1.20363
1.21245
1.21946
1.21953
1.21074
1.19499
1.17699
1.16308
1.15989
1.17211
1.19957
1.23673
1.27566
1.30961
1.33479
1.35031
1.35753
1.35881
1.356
1.34954
1.33858
1.32225
1.30179
1.2817
1.26773
1.26243
1.26367
1.26751
1.27122
1.27387
1.27525
1.27505
1.27275
1.26775
1.25962
1.24855
1.23548
1.22186
1.20988
1.20205
1.19971
1.20135
1.20305
1.201
1.1936
1.18163
1.16697
1.15173
1.13823
1.12989
1.13095
1.14485
1.17223
1.21052
1.25527
1.30129
1.34299
1.37476
1.39212
1.39318
1.37912
1.35331
1.31961
1.28191
1.24495
1.2146
1.19679
1.19537
1.21043
1.23791
1.27128
1.30365
1.32944
1.34533
1.35032
1.34519
1.33198
1.31395
1.29512
1.27864
1.26515
1.25332
1.24222
1.23323
1.23023
1.23786
1.25873
1.29136
1.33051
1.36906
1.40026
1.41879
1.42139
1.40699
1.37689
1.33471
1.28651
1.2401
1.2031
1.18056
1.17372
1.18058
1.19734
1.21966
1.24324
1.26434
1.2803
1.28991
1.29342
1.29167
1.28527
1.27412
1.25737
1.23409
1.20534
1.17655
1.15717
1.15468
1.1684
1.19147
1.21726
1.2415
1.26164
1.27606
1.28403
1.28552
1.28086
1.27057
1.25571
1.23819
1.22091
1.20726
1.19999
1.20033
1.2079
1.22104
1.2378
1.25652
1.27607
1.29543
1.31316
1.32731
1.33571
1.33606
1.32639
1.30664
1.27984
1.25168
1.22784
1.21097
1.20017
1.19289
1.18721
1.18246
1.17893
1.17716
1.1778
1.18161
1.18918
1.20048
1.21477
1.23082
1.24766
1.26552
1.28527
1.30691
1.32812
1.34431
1.35041
1.34294
1.32122
1.28852
1.25221
1.2215
1.20339
1.19964
1.20778
1.22422
1.24664
1.27409
1.30561
1.33851
1.36863
1.39279
1.41072
1.42422
1.43472
1.44132
1.44069
1.42838
1.40086
1.35723
1.30035
1.23689
1.17622
1.12797
1.09928
1.09292
1.1077
1.13963
1.18272
1.22933
1.27162
1.30341
1.32145
1.32545
1.31722
1.29978
1.27718
1.25424
1.23516
1.22147
1.21193
1.2048
1.2001
1.1994
1.20389
1.21316
1.22591
1.24099
1.25741
1.27375
1.28847
1.30051
1.30972
1.31676
1.32278
1.3288
1.33477
1.33929
1.34055
1.33751
1.33045
1.32016
1.3071
1.29112
1.27201
1.2502
1.22709
1.20464
1.18482
1.1692
1.15863
1.15275
1.15007
1.14885
1.14843
1.15059
1.15946
1.17876
1.20716
1.23647
1.2559
1.25784
1.24078
1.20901
1.17103
1.13712
1.11593
1.11116
1.12087
1.13988
1.16306
1.18733
1.21174
1.23649
1.26188
1.28755
1.3126
1.33663
1.3599
1.38225
1.40192
1.41575
1.42061
1.41482
1.38191
1.35486
1.32316
1.29214
1.2675
1.25277
1.24738
1.24723
1.24716
1.24323
1.23418
1.22148
1.20861
1.19947
1.19674
1.20042
1.208
1.21578
1.22068
1.22201
1.22158
1.22198
1.22387
1.22461
1.22
1.20716
1.18645
1.16144
1.13716
1.1183
1.10854
1.11059
1.12665
1.15838
1.20598
1.2667
1.33343
1.39576
1.44298
1.46751
1.46715
1.44579
1.41244
1.37787
1.34955
1.32852
1.31078
1.29169
1.26953
1.24602
1.22397
1.20455
1.187
1.17088
1.15813
1.15336
1.1614
1.18381
1.21683
1.2528
1.28352
1.3031
1.30906
1.30199
1.28495
1.26271
1.24137
1.22793
1.22916
1.24875
1.28397
1.32554
1.36213
1.38531
1.39164
1.38189
1.35937
1.32858
1.29427
1.26092
1.23275
1.21357
1.20643
1.21169
1.22506
1.23921
1.24773
1.24747
1.23812
1.22078
1.19722
1.16976
1.14115
1.11463
1.09358
1.0809
1.07782
1.08311
1.09352
1.10555
1.11738
1.12937
1.14329
1.16094
1.1834
1.21067
1.24151
1.27362
1.30411
1.33039
1.35061
1.36366
1.36875
1.36514
1.35226
1.33032
1.30116
1.26881
1.23877
1.21604
1.20335
1.20122
1.20905
1.22546
1.24795
1.27328
1.29821
1.32035
1.33822
1.35057
1.356
1.35355
1.34316
1.32529
1.30008
1.26754
1.229
1.18826
1.15118
1.12332
1.10781
1.1049
1.1131
1.13022
1.15329
1.17862
1.20309
1.22577
1.24779
1.27018
1.29203
1.31051
1.32214
1.32468
1.31826
1.30532
1.28929
1.27324
1.25932
1.24932
1.24508
1.24845
1.26049
1.28027
1.3041
1.32681
1.34389
1.35329
1.35586
1.35439
1.35214
1.35156
1.35364
1.35709
1.35844
1.3534
1.33891
1.31461
1.28334
1.25074
1.22342
1.20654
1.20193
1.20797
1.22068
1.23525
1.24717
1.2527
1.24915
1.23526
1.2118
1.18221
1.15251
1.13031
1.12242
1.1323
1.15875
1.19635
1.23745
1.2745
1.30192
1.31705
1.32014
1.31353
1.30045
1.28396
1.266
1.2468
1.22516
1.19998
1.17215
1.14572
1.12703
1.1222
1.13431
1.16189
1.1994
1.23964
1.27598
1.30365
1.32047
1.32703
1.32617
1.32159
1.31616
1.31054
1.30278
1.2895
1.2683
1.23993
1.20923
1.18367
1.16949
1.16734
1.17247
1.17923
1.18471
1.18932
1.1954
1.20547
1.22094
1.24154
1.26508
1.28828
1.30787
1.32144
1.32808
1.32864
1.32588
1.32361
1.325
1.33105
1.34027
1.34985
1.35698
1.3597
1.35703
1.34904
1.33698
1.32323
1.31068
1.30144
1.29597
1.29286
1.28932
1.28259
1.27082
1.25378
1.23322
1.21271
1.19629
1.18681
1.1849
1.18922
1.19755
1.20793
1.2194
1.23178
1.24499
1.25809
1.26906
1.27513
1.27367
1.26328
1.2455
1.22701
1.21799
1.22354
1.23921
1.25667
1.2707
1.28009
1.28603
1.28996
1.29192
1.29035
1.28289
1.26771
1.24479
1.21654
1.18759
1.16326
1.14713
1.13996
1.14093
1.14962
1.16617
1.19037
1.22083
1.25452
1.28668
1.31191
1.32599
1.32714
1.31586
1.29335
1.2611
1.2221
1.18191
1.14774
1.12613
1.12075
1.1316
1.15525
1.18556
1.21509
1.23715
1.24825
1.24908
1.24375
1.23769
1.23512
1.2375
1.24358
1.25055
1.25544
1.25664
1.25472
1.25204
1.25127
1.25362
1.25864
1.26545
1.27368
1.28327
1.29369
1.3032
1.30875
1.30632
1.29227
1.26528
1.22875
1.19096
1.16139
1.14517
1.14063
1.14326
1.1501
1.15938
1.16966
1.18136
1.19646
1.21594
1.23874
1.2634
1.28926
1.31617
1.34346
1.36943
1.39124
1.40499
1.40653
1.39326
1.36609
1.33034
1.29441
1.26639
1.25075
1.24724
1.2522
1.26079
1.26857
1.27273
1.27248
1.26901
1.26456
1.26056
1.25618
1.24913
1.23854
1.22671
1.21711
1.21084
1.20599
1.20027
1.19281
1.18399
1.17498
1.16759
1.16394
1.16552
1.17264
1.18473
1.20069
1.21927
1.23899
1.25775
1.27313
1.28289
1.28568
1.28147
1.27124
1.25666
1.23978
1.22322
1.21015
1.20365
1.20566
1.21618
1.23324
1.2536
1.27355
1.28956
1.29869
1.29933
1.29172
1.27799
1.26121
1.2442
1.22877
1.21592
1.20626
1.20026
1.19814
1.19937
1.20306
1.2086
1.21624
1.22653
1.23894
1.25104
1.25912
1.26002
1.25269
1.23871
1.22149
1.20506
1.1928
1.18735
1.19078
1.20442
1.22789
1.25804
1.28918
1.31471
1.3291
1.32965
1.31753
1.29748
1.2763
1.26018
1.25217
1.2513
1.25384
1.25562
1.25381
1.2478
1.23921
1.23096
1.22564
1.22357
1.22242
1.21899
1.21167
1.20174
1.19287
1.18935
1.19408
1.20708
1.22546
1.24474
1.26071
1.27086
1.27484
1.27423
1.27163
1.26958
1.26994
1.27336
1.27923
1.2859
1.29133
1.29329
1.29004
1.28121
1.26907
1.2586
1.25549
1.26253
1.27761
1.41444
1.42412
1.42626
1.4214
1.41109
1.39629
1.37677
1.35209
1.32288
1.29159
1.26199
1.23861
1.22566
1.22558
1.23779
1.25879
1.28387
1.30857
1.32991
1.34702
1.36082
1.37265
1.3827
1.38902
1.38807
1.37619
1.35148
1.31526
1.2719
1.2274
1.18787
1.15838
1.14296
1.14369
1.15894
1.18267
1.20781
1.23073
1.25234
1.27557
1.30165
1.32838
1.35178
1.36861
1.37729
1.37798
1.37258
1.3643
1.35636
1.35027
1.3448
1.33685
1.32357
1.30437
1.28176
1.26058
1.24608
1.24189
1.24882
1.26485
1.28576
1.30618
1.32142
1.32932
1.33096
1.32979
1.32942
1.33174
1.3367
1.34341
1.35121
1.35992
1.36959
1.38035
1.39227
1.40525
1.41919
1.43392
1.44882
1.46232
1.47156
1.47334
1.46571
1.44924
1.42723
1.40395
1.38215
1.36185
1.34119
1.3182
1.29183
1.2621
1.23004
1.19727
1.16577
1.1376
1.11475
1.09884
1.09087
1.09094
1.09861
1.1136
1.13602
1.16579
1.20156
1.24041
1.27845
1.31177
1.33754
1.35439
1.36238
1.36286
1.358
1.34987
1.33959
1.32731
1.31318
1.29805
1.28338
1.27043
1.2595
1.25006
1.2415
1.23412
1.22886
1.22656
1.22762
1.23249
1.24243
1.25867
1.28106
1.30701
1.33259
1.35448
1.37115
1.38225
1.38773
1.38786
1.38413
1.37929
1.37662
1.37873
1.38713
1.40116
1.41688
1.42778
1.42823
1.41683
1.39671
1.37336
1.35201
1.33588
1.32572
1.3206
1.31885
1.31891
1.31945
1.31886
1.31497
1.30546
1.2891
1.26645
1.24034
1.21565
1.19835
1.19362
1.20346
1.22549
1.25359
1.28005
1.29788
1.30313
1.29652
1.28363
1.27217
1.26788
1.272
1.28226
1.29513
1.30734
1.31636
1.32013
1.31744
1.30866
1.29634
1.28433
1.27613
1.27364
1.27714
1.28599
1.29923
1.31559
1.33311
1.34946
1.3624
1.37014
1.3714
1.36602
1.35578
1.34502
1.33943
1.34332
1.35734
1.37854
1.40217
1.42358
1.43923
1.44715
1.44677
1.4384
1.42228
1.39797
1.36514
1.32502
1.28126
1.23943
1.20538
1.18374
1.17664
1.18345
1.20141
1.22653
1.25408
1.2791
1.29823
1.31083
1.31863
1.32491
1.33345
1.3469
1.36469
1.3827
1.39544
1.39904
1.39299
1.38036
1.36578
1.35271
1.34186
1.33155
1.31955
1.30452
1.28606
1.26409
1.2389
1.2117
1.18598
1.16766
1.16335
1.17683
1.20611
1.24442
1.28401
1.31894
1.34596
1.36394
1.37333
1.37516
1.37043
1.3601
1.34594
1.33066
1.31724
1.30767
1.30243
1.30051
1.29955
1.29628
1.28784
1.27376
1.25726
1.24445
1.24123
1.25003
1.26954
1.29682
1.32885
1.36252
1.39418
1.42001
1.43714
1.44426
1.44096
1.42702
1.40323
1.37276
1.34152
1.31545
1.29709
1.28506
1.27558
1.26458
1.24943
1.2309
1.2138
1.20561
1.21319
1.23929
1.28033
1.32737
1.36952
1.3979
1.40808
1.40047
1.37904
1.34936
1.31701
1.2871
1.2643
1.25235
1.25308
1.26603
1.28756
1.31092
1.32992
1.3432
1.35409
1.36657
1.38175
1.39751
1.40982
1.4146
1.40879
1.39101
1.36205
1.325
1.28515
1.24874
1.22124
1.20585
1.20303
1.21116
1.22773
1.2504
1.27737
1.30711
1.33779
1.36686
1.39121
1.4075
1.41291
1.40605
1.38764
1.3605
1.32861
1.29588
1.26513
1.2384
1.21801
1.20658
1.20583
1.21545
1.23349
1.25778
1.28668
1.31859
1.3506
1.37869
1.39906
1.40924
1.408
1.39439
1.36856
1.33308
1.29352
1.25673
1.22789
1.20837
1.19622
1.18804
1.18105
1.17399
1.16722
1.16261
1.1633
1.17315
1.19527
1.23033
1.27565
1.32533
1.37123
1.40498
1.42058
1.41633
1.3952
1.36393
1.33116
1.30498
1.29021
1.28713
1.29251
1.30238
1.31417
1.32698
1.34073
1.35479
1.36723
1.375
1.37543
1.36765
1.35339
1.33616
1.32006
1.30879
1.3049
1.30945
1.32191
1.34028
1.36121
1.38055
1.39442
1.40031
1.39792
1.38904
1.37663
1.36331
1.35029
1.33716
1.32262
1.30586
1.2882
1.2734
1.26495
1.2621
1.25997
1.25446
1.24605
1.23907
1.23852
1.24716
1.26443
1.28716
1.31083
1.33128
1.34599
1.35412
1.35581
1.3521
1.34517
1.33797
1.33298
1.33069
1.32916
1.32539
1.31775
1.30777
1.29925
1.29533
1.29608
1.29904
1.3019
1.30403
1.30579
1.30681
1.30526
1.29943
1.28954
1.27772
1.2669
1.25939
1.25605
1.25601
1.25686
1.25564
1.25026
1.24094
1.2301
1.22122
1.21749
1.22089
1.23229
1.25158
1.27746
1.30725
1.33726
1.36376
1.38424
1.39835
1.40775
1.41481
1.42072
1.42495
1.42594
1.42231
1.41367
1.40053
1.38361
1.36377
1.34228
1.3212
1.30307
1.29009
1.28412
1.28674
1.29803
1.31498
1.33171
1.34172
1.34022
1.32498
1.36734
1.32003
1.26593
1.21538
1.17961
1.16568
1.17359
1.19774
1.23025
1.26328
1.29112
1.31172
1.32702
1.34104
1.35708
1.37579
1.39517
1.41215
1.42424
1.43034
1.43051
1.42495
1.41345
1.39571
1.37285
1.34889
1.32998
1.32108
1.32264
1.33146
1.34426
1.35949
1.37581
1.39022
1.39845
1.39691
1.38505
1.36686
1.35007
1.34178
1.34283
1.34687
1.34544
1.33366
1.31239
1.28724
1.26582
1.25434
1.25527
1.26723
1.28652
1.30919
1.33206
1.35297
1.37087
1.38594
1.39979
1.41527
1.43569
1.46303
1.49579
1.52896
1.55631
1.57248
1.57374
1.55879
1.52977
1.49196
1.45181
1.41453
1.38272
1.35649
1.33424
1.31371
1.29383
1.27605
1.26392
1.2608
1.26746
1.28173
1.29998
1.31905
1.33706
1.35315
1.36723
1.37993
1.39247
1.40611
1.42122
1.43625
1.44783
1.452
1.44559
1.42696
1.39693
1.35959
1.3223
1.29367
1.27958
1.27987
1.28915
1.30124
1.31198
1.31917
1.32153
1.3182
1.30905
1.29495
1.27758
1.25887
1.24056
1.22454
1.21355
1.21136
1.22144
1.24478
1.27832
1.31647
1.35405
1.38812
1.41757
1.44178
1.45924
1.46824
1.46764
1.45748
1.43874
1.41386
1.38806
1.36876
1.36121
1.36435
1.37271
1.38177
1.39075
1.40132
1.41479
1.43003
1.44356
1.45146
1.45175
1.44485
1.43304
1.41931
1.40634
1.39559
1.38758
1.38227
1.37917
1.37779
1.37799
1.37989
1.38381
1.39041
1.40029
1.41257
1.4239
1.42961
1.42604
1.41189
1.3882
1.35763
1.32386
1.29154
1.26574
1.25077
1.24775
1.25401
1.26607
1.28256
1.30405
1.33067
1.35991
1.38618
1.4032
1.40711
1.39761
1.3767
1.34708
1.31133
1.27222
1.2334
1.19972
1.17663
1.16871
1.1781
1.20346
1.24052
1.284
1.3297
1.3748
1.41669
1.4523
1.47902
1.49563
1.50177
1.49732
1.48226
1.45726
1.42435
1.387
1.34948
1.31633
1.29197
1.28073
1.28576
1.30654
1.33774
1.37159
1.40156
1.42317
1.43305
1.42921
1.41262
1.3879
1.36131
1.33738
1.3177
1.30277
1.29433
1.29567
1.30968
1.3362
1.3712
1.4079
1.43902
1.45866
1.46321
1.45215
1.4287
1.3999
1.37494
1.36134
1.36128
1.37154
1.38608
1.39842
1.40328
1.39765
1.38088
1.35454
1.32184
1.287
1.25472
1.22941
1.21467
1.21264
1.22284
1.24214
1.26724
1.29691
1.33104
1.36794
1.40329
1.4317
1.44912
1.45402
1.44666
1.42825
1.40138
1.3715
1.34679
1.33549
1.34142
1.36097
1.38486
1.40345
1.41165
1.4106
1.40639
1.40584
1.41165
1.42006
1.42384
1.41762
1.40151
1.38066
1.36211
1.35081
1.34784
1.35145
1.35906
1.36836
1.37699
1.38254
1.38308
1.37826
1.37038
1.36436
1.36595
1.37779
1.39669
1.41465
1.42335
1.41795
1.3983
1.36803
1.33303
1.30007
1.27517
1.26229
1.26217
1.27243
1.28894
1.30786
1.3266
1.34324
1.35588
1.36318
1.36562
1.36575
1.36582
1.3655
1.36157
1.35037
1.33049
1.30405
1.27615
1.25313
1.24047
1.24108
1.25456
1.27765
1.30591
1.33493
1.36073
1.38013
1.39192
1.39728
1.3988
1.39802
1.39382
1.38371
1.36613
1.34256
1.31754
1.29651
1.28345
1.27939
1.28284
1.29135
1.30354
1.31922
1.33765
1.35635
1.37254
1.38506
1.39483
1.40352
1.41179
1.41882
1.42297
1.42317
1.4199
1.415
1.41091
1.40968
1.41249
1.41964
1.43056
1.44348
1.45522
1.46223
1.46199
1.45435
1.44122
1.42465
1.40492
1.38063
1.35085
1.31595
1.27733
1.23656
1.19552
1.15771
1.12945
1.11891
1.1325
1.17129
1.23096
1.30464
1.38345
1.45561
1.51018
1.54183
1.55123
1.54265
1.52214
1.49637
1.47115
1.449
1.42755
1.40206
1.36987
1.33237
1.29372
1.25832
1.22939
1.2089
1.19857
1.20005
1.21431
1.24066
1.2759
1.31452
1.35008
1.37769
1.39602
1.40768
1.41736
1.42908
1.44435
1.46181
1.47845
1.49094
1.49661
1.49409
1.48344
1.46597
1.44385
1.41969
1.3962
1.37581
1.36017
1.34977
1.34443
1.3437
1.34672
1.35188
1.35735
1.36211
1.36584
1.3677
1.36522
1.35529
1.33655
1.31092
1.2832
1.25881
1.24145
1.23207
1.22965
1.23233
1.2383
1.24578
1.25254
1.25597
1.25426
1.24862
1.24361
1.24455
1.25411
1.27109
1.29174
1.31192
1.32869
1.34103
1.3496
1.35626
1.36243
1.36778
1.36974
1.36499
1.35214
1.33338
1.31382
1.298
1.28713
1.27997
1.27498
1.27113
1.26765
1.26425
1.26231
1.2662
1.28163
1.31043
1.34692
1.3819
1.40869
1.42521
1.43273
1.43415
1.43286
1.43217
1.4349
1.44304
1.45708
1.47509
1.49275
1.50457
1.50616
1.49581
1.4746
1.44549
1.41235
1.37918
1.34961
1.32632
1.31085
1.39004
1.38421
1.3817
1.38099
1.38147
1.38348
1.38695
1.38981
1.38898
1.38288
1.37261
1.36081
1.35048
1.3452
1.34839
1.36135
1.38174
1.40398
1.4218
1.43083
1.43049
1.42414
1.41651
1.41015
1.4044
1.39699
1.38588
1.36946
1.34641
1.31646
1.2822
1.25051
1.23089
1.23022
1.24909
1.28274
1.32428
1.36729
1.40685
1.43959
1.46354
1.47821
1.48459
1.48486
1.48217
1.4801
1.48183
1.48905
1.50051
1.51149
1.51639
1.5132
1.50516
1.49834
1.4978
1.5047
1.51582
1.52548
1.52827
1.52149
1.50601
1.48571
1.4653
1.44804
1.43405
1.42073
1.40513
1.38641
1.36625
1.34708
1.32986
1.31455
1.30189
1.29422
1.29434
1.30333
1.3195
1.33949
1.36019
1.37961
1.39599
1.40683
1.40905
1.40096
1.38444
1.36447
1.34661
1.33445
1.32935
1.33109
1.33831
1.34872
1.36027
1.37263
1.38732
1.40604
1.42828
1.45059
1.46801
1.47614
1.47296
1.46014
1.44295
1.4282
1.42116
1.42278
1.43008
1.43897
1.44754
1.45665
1.46694
1.47588
1.47894
1.4736
1.46094
1.44361
1.4236
1.40184
1.3794
1.35783
1.33882
1.32387
1.31486
1.31386
1.32192
1.33756
1.35734
1.37734
1.39436
1.40623
1.41192
1.41147
1.40601
1.39814
1.39202
1.39228
1.40089
1.41491
1.42784
1.43365
1.42921
1.41473
1.39351
1.37046
1.35041
1.33637
1.32891
1.32734
1.33095
1.33874
1.34865
1.3586
1.36846
1.37981
1.39361
1.40845
1.42183
1.43239
1.44064
1.44777
1.45403
1.4582
1.45894
1.45626
1.45214
1.45004
1.4527
1.45993
1.46787
1.47116
1.46654
1.45427
1.43687
1.41712
1.39804
1.38285
1.3726
1.36486
1.35738
1.35137
1.35007
1.35586
1.36914
1.38851
1.41092
1.43234
1.44921
1.4596
1.46302
1.45955
1.4492
1.43201
1.40896
1.383
1.35912
1.34326
1.34021
1.35135
1.37365
1.40064
1.42457
1.43844
1.43824
1.425
1.40473
1.38532
1.37212
1.36578
1.36398
1.36494
1.36904
1.3777
1.3914
1.40889
1.42781
1.44547
1.45916
1.46607
1.46369
1.45059
1.42693
1.39478
1.35839
1.32415
1.29911
1.28771
1.29012
1.304
1.32611
1.35175
1.37488
1.3898
1.39356
1.38717
1.37531
1.36466
1.36147
1.36957
1.38971
1.41989
1.45636
1.4945
1.52974
1.55795
1.57578
1.58124
1.57401
1.55594
1.53142
1.50703
1.48898
1.48019
1.47865
1.47882
1.47473
1.46259
1.44171
1.41419
1.38394
1.35538
1.33238
1.31726
1.31087
1.31326
1.32381
1.34085
1.36197
1.38453
1.40622
1.42499
1.43923
1.44834
1.45283
1.45327
1.44934
1.43993
1.4244
1.40323
1.37765
1.34857
1.31627
1.28107
1.24493
1.21281
1.1918
1.18784
1.20169
1.22792
1.25786
1.28387
1.30158
1.30986
1.30964
1.30318
1.29361
1.28503
1.28241
1.29044
1.31098
1.34119
1.37496
1.4065
1.43285
1.45423
1.47215
1.48712
1.49751
1.50015
1.49205
1.47185
1.44062
1.40179
1.35999
1.32008
1.28716
1.26663
1.26314
1.27839
1.30957
1.34978
1.39013
1.4223
1.44101
1.4456
1.44025
1.43236
1.42866
1.43181
1.44011
1.44991
1.45817
1.46362
1.46668
1.46846
1.4704
1.47383
1.47973
1.48806
1.49702
1.50285
1.50164
1.49152
1.47392
1.45275
1.43238
1.41582
1.40498
1.40102
1.40399
1.41211
1.42255
1.43299
1.44243
1.45071
1.45783
1.46376
1.46811
1.46967
1.46625
1.45524
1.4339
1.39981
1.35263
1.29721
1.24703
1.22219
1.23601
1.2822
1.34244
1.4004
1.44606
1.47425
1.48336
1.4751
1.4543
1.42745
1.39932
1.37024
1.3384
1.30531
1.27652
1.25578
1.2407
1.2265
1.21353
1.20999
1.22652
1.26692
1.32421
1.3855
1.43934
1.47975
1.50598
1.51925
1.52002
1.5083
1.4859
1.45738
1.42929
1.40849
1.40017
1.40579
1.42177
1.44067
1.45393
1.45557
1.44426
1.42335
1.39873
1.37522
1.35476
1.33732
1.32216
1.30788
1.29259
1.27588
1.2613
1.25541
1.26287
1.28233
1.30909
1.33995
1.37362
1.40896
1.44414
1.47684
1.50378
1.521
1.52507
1.51432
1.48957
1.45546
1.42091
1.3951
1.38228
1.38228
1.39423
1.41631
1.44373
1.46948
1.4873
1.49409
1.49049
1.47949
1.46435
1.44765
1.43162
1.41808
1.40778
1.39996
1.39298
1.38516
1.3755
1.36365
1.34951
1.33318
1.31539
1.29798
1.28394
1.27607
1.27546
1.2817
1.29371
1.3103
1.33045
1.35312
1.37733
1.40206
1.42558
1.44498
1.45688
1.45972
1.45597
1.45152
1.45189
1.45989
1.47608
1.49782
1.51803
1.52837
1.52428
1.5066
1.48008
1.45078
1.42391
1.40206
1.38477
1.36994
1.356
1.34338
1.33395
1.32948
1.33077
1.33739
1.34744
1.35806
1.3665
1.37162
1.37476
1.37863
1.40492
1.416
1.43503
1.46104
1.48901
1.51199
1.52457
1.52442
1.51208
1.49015
1.46246
1.43306
1.40553
1.38218
1.36343
1.34799
1.33406
1.31977
1.30388
1.28795
1.27782
1.28069
1.29964
1.33163
1.37043
1.40991
1.445
1.47173
1.48758
1.49199
1.48666
1.47477
1.46034
1.4473
1.4387
1.43597
1.43828
1.44272
1.44497
1.44086
1.42824
1.40837
1.38566
1.36562
1.3526
1.34831
1.35152
1.35896
1.36675
1.37206
1.37387
1.37293
1.37052
1.36738
1.36303
1.35624
1.34605
1.33259
1.31753
1.30405
1.29559
1.29431
1.30006
1.31081
1.32411
1.33882
1.35593
1.37756
1.40496
1.43753
1.47338
1.5091
1.53923
1.55859
1.56542
1.56099
1.54758
1.52766
1.50407
1.4798
1.45772
1.44075
1.43206
1.43385
1.44575
1.46405
1.48342
1.49968
1.51141
1.51917
1.52403
1.52647
1.52615
1.52194
1.51203
1.49494
1.47042
1.44003
1.40633
1.37144
1.33611
1.30082
1.2678
1.24222
1.2305
1.23676
1.26029
1.29616
1.33771
1.37863
1.41392
1.44037
1.45686
1.46423
1.46499
1.46252
1.46019
1.46068
1.46523
1.47297
1.481
1.48485
1.48007
1.46385
1.43684
1.40405
1.37359
1.35244
1.34238
1.33999
1.33999
1.33869
1.33489
1.3289
1.32121
1.31227
1.30306
1.29528
1.2902
1.28754
1.28562
1.2833
1.28242
1.28845
1.30732
1.34109
1.38693
1.43928
1.49184
1.53795
1.5716
1.58902
1.58961
1.57557
1.55027
1.51762
1.48288
1.45303
1.43469
1.43058
1.43773
1.44946
1.45937
1.46472
1.46649
1.46666
1.46549
1.46049
1.44833
1.42716
1.39912
1.37092
1.35087
1.34269
1.34297
1.34575
1.34759
1.34832
1.34975
1.35436
1.36431
1.38016
1.39993
1.41903
1.43125
1.43067
1.41426
1.38543
1.35518
1.33654
1.33729
1.35866
1.39539
1.4358
1.46767
1.48451
1.48662
1.47806
1.46372
1.44764
1.43292
1.42178
1.41577
1.41559
1.42101
1.43048
1.44086
1.44842
1.45081
1.44802
1.44145
1.43257
1.42216
1.41023
1.39659
1.38221
1.37004
1.36387
1.36553
1.37403
1.38741
1.40375
1.42022
1.43332
1.44091
1.44408
1.44684
1.45324
1.46414
1.47668
1.48758
1.49656
1.50534
1.51331
1.51706
1.51337
1.50079
1.47965
1.45293
1.42675
1.40543
1.38637
1.36432
1.33872
1.31373
1.29282
1.27636
1.26396
1.25685
1.25745
1.26688
1.28264
1.29965
1.31393
1.32552
1.33755
1.35262
1.36989
1.38675
1.40223
1.41794
1.4372
1.46347
1.49805
1.53813
1.57702
1.60703
1.62208
1.61945
1.59965
1.56496
1.51816
1.46623
1.42361
1.40035
1.38964
1.37932
1.36565
1.35292
1.34834
1.3572
1.3788
1.40528
1.42551
1.43127
1.42235
1.40719
1.39543
1.39055
1.39222
1.40173
1.42156
1.45198
1.48972
1.52944
1.56626
1.59675
1.61816
1.62745
1.62206
1.60192
1.57026
1.53159
1.48916
1.44451
1.39995
1.35999
1.33035
1.31441
1.31064
1.31397
1.3202
1.32857
1.33982
1.35266
1.3631
1.36681
1.36174
1.34905
1.33186
1.31345
1.29638
1.2827
1.27382
1.27036
1.27216
1.27903
1.29195
1.31334
1.34526
1.38589
1.42925
1.46916
1.50194
1.52538
1.53785
1.53892
1.52979
1.51276
1.49026
1.46504
1.44132
1.4245
1.41944
1.42836
1.4494
1.47632
1.50007
1.51156
1.50443
1.47689
1.43312
1.38417
1.34589
1.33043
1.33689
1.35291
1.36548
1.36858
1.36258
1.35083
1.3372
1.32551
1.31964
1.32206
1.33242
1.34857
1.36915
1.39406
1.42325
1.45545
1.48756
1.51501
1.53306
1.53808
1.52878
1.50678
1.47635
1.44381
1.41558
1.39611
1.387
1.38749
1.39522
1.40689
1.41882
1.42776
1.43202
1.43234
1.43121
1.43069
1.43036
1.42743
1.41953
1.40694
1.3918
1.37558
1.35759
1.33594
1.31004
1.28256
1.25928
1.24667
1.24864
1.26458
1.29055
1.32187
1.35471
1.38597
1.41248
1.43095
1.43923
1.43801
1.43096
1.42291
1.41749
1.4163
1.41951
1.42684
1.43771
1.45013
1.46051
1.46469
1.45977
1.44597
1.42747
1.41203
1.40898
1.42418
1.45512
1.49255
1.52658
1.55056
1.56191
1.56159
1.55329
1.54116
1.52827
1.51639
1.50663
1.49976
1.49532
1.49158
1.48618
1.47698
1.46241
1.44167
1.41511
1.3838
1.34919
1.31394
1.28259
1.25966
1.24646
1.24033
1.2379
1.23795
1.24139
1.24917
1.26099
1.27622
1.29506
1.31854
1.34723
1.37996
1.41356
1.44403
1.46797
1.4835
1.4906
1.49098
1.48742
1.48254
1.47789
1.47396
1.47112
1.47026
1.47217
1.47589
1.47784
1.47262
1.4559
1.42719
1.39085
1.35451
1.3254
1.3076
1.3023
1.30952
1.32804
1.35374
1.37993
1.40041
1.41198
1.4151
1.41237
1.40638
1.39868
1.39037
1.38236
