-7.82869
-7.74755
-7.62584
-7.47463
-7.29065
-7.09055
-6.88426
-6.68359
-6.50888
-6.37591
-6.29108
-6.26019
-6.27173
-6.31392
-6.37454
-6.43922
-6.49926
-6.54735
-6.57933
-6.59437
-6.595
-6.58457
-6.56574
-6.54124
-6.51674
-6.49554
-6.47915
-6.47215
-6.47533
-6.49141
-6.51932
-6.55926
-6.61149
-6.667
-6.72421
-6.77791
-6.82425
-6.85776
-6.88164
-6.89324
-6.89462
-6.88694
-6.87436
-6.86256
-6.85219
-6.84213
-6.83498
-6.82804
-6.82345
-6.81898
-6.81107
-6.80226
-6.7918
-6.78141
-6.76699
-6.75182
-6.73898
-6.72804
-6.71936
-6.71822
-6.7221
-6.73439
-6.74987
-6.7673
-6.78401
-6.79693
-6.81072
-6.82221
-6.83396
-6.84056
-6.8469
-6.85288
-6.85714
-6.85453
-6.84876
-6.84102
-6.83405
-6.8234
-6.81208
-6.79872
-6.78423
-6.77064
-6.75927
-6.75228
-6.74759
-6.75009
-6.75076
-6.7499
-6.74295
-6.73424
-6.71874
-6.69759
-6.67716
-6.65623
-6.63978
-6.62848
-6.62528
-6.62958
-6.63876
-6.65416
-6.67169
-6.69192
-6.70969
-6.72304
-6.72789
-6.72625
-6.71345
-6.6953
-6.66955
-6.64591
-6.62356
-6.60692
-6.60098
-6.60847
-6.62739
-6.65822
-6.69751
-6.74405
-6.79358
-6.83895
-6.879
-6.9134
-6.93711
-6.94723
-6.94787
-6.94081
-6.93198
-6.91881
-6.90662
-6.89418
-6.88247
-6.86959
-6.8546
-6.8351
-6.81447
-6.7938
-6.77501
-6.75534
-6.73992
-6.72445
-6.71029
-6.69724
-6.68852
-6.6799
-6.67205
-6.6652
-6.66357
-6.66188
-6.66811
-6.67814
-6.6941
-6.71208
-6.73321
-6.75304
-6.77385
-6.79347
-6.80799
-6.82086
-6.82767
-6.82601
-6.81675
-6.7965
-6.77071
-6.74811
-6.72654
-6.71145
-6.70342
-6.70122
-6.69988
-6.69941
-6.69905
-6.69876
-6.70834
-6.71894
-6.7344
-6.74878
-6.76432
-6.78111
-6.79154
-6.7995
-6.80355
-6.80683
-6.80655
-6.80335
-6.79878
-6.79828
-6.7972
-6.80295
-6.80907
-6.81834
-6.82139
-6.8199
-6.81947
-6.81644
-6.81109
-6.80424
-6.79622
-6.78686
-6.77816
-6.77229
-6.76619
-6.76092
-6.76076
-6.76308
-6.7648
-6.7643
-6.76432
-6.76281
-6.75989
-6.75698
-6.75707
-6.75598
-6.75597
-6.75983
-6.76728
-6.77167
-6.77784
-6.77915
-6.78147
-6.78271
-6.78451
-6.78705
-6.78786
-6.78679
-6.78152
-6.77426
-6.76183
-6.74554
-6.72801
-6.71448
-6.70478
-6.70228
-6.70332
-6.71147
-6.72046
-6.72972
-6.73756
-6.74081
-6.7382
-6.73242
-6.71926
-6.70362
-6.6871
-6.67229
-6.66464
-6.66541
-6.67173
-6.68898
-6.71657
-6.74776
-6.77585
-6.8054
-6.83207
-6.84926
-6.86244
-6.86811
-6.87
-6.86683
-6.86042
-6.84917
-6.83633
-6.82137
-6.80814
-6.79389
-6.77993
-6.76688
-6.75269
-6.74045
-6.73011
-6.72641
-6.72907
-6.7355
-6.75193
-6.77182
-6.78844
-6.80022
-6.80572
-6.80372
-6.79796
-6.78694
-6.77728
-6.77002
-6.76999
-6.77134
-6.77585
-6.77831
-6.77744
-6.778
-6.77423
-6.77063
-6.76255
-6.75624
-6.75386
-6.75075
-6.74774
-6.74226
-6.73657
-6.73666
-6.74083
-6.74773
-6.75714
-6.76771
-6.7732
-6.77334
-6.77127
-6.76283
-6.75144
-6.73824
-6.72424
-6.71335
-6.7008
-6.68692
-6.67724
-6.66988
-6.66818
-6.66989
-6.67796
-6.68958
-6.70499
-6.7251
-6.74875
-6.76961
-6.78883
-6.8051
-6.81723
-6.82352
-6.82154
-6.81346
-6.80337
-6.78969
-6.77644
-6.76828
-6.76381
-6.76223
-6.76369
-6.76919
-6.77552
-6.78106
-6.78771
-6.79431
-6.80121
-6.80269
-6.80169
-6.79671
-6.78503
-6.76974
-6.75246
-6.73148
-6.71246
-6.69774
-6.68999
-6.69235
-6.69482
-6.70209
-6.70944
-6.71525
-6.71975
-6.72435
-6.72722
-6.72917
-6.72899
-6.73061
-6.73162
-6.73464
-6.74167
-6.74864
-6.75954
-6.77245
-6.78619
-6.79867
-6.80632
-6.80918
-6.80614
-6.79947
-6.78809
-6.77685
-6.7621
-6.74914
-6.74413
-6.74403
-6.74936
-6.75963
-6.76936
-6.78206
-6.79161
-6.80139
-6.80842
-6.81872
-6.82569
-6.83267
-6.84058
-6.84217
-6.83785
-6.82887
-6.81536
-6.79831
-6.77522
-6.7495
-6.72528
-6.70133
-6.68228
-6.6714
-6.66648
-6.67129
-6.68267
-6.7013
-6.72587
-6.7487
-6.77139
-6.7886
-6.79666
-6.80191
-6.79919
-6.79709
-6.78876
-6.77986
-6.77274
-6.76331
-6.75266
-6.74245
-6.73498
-6.72778
-6.72111
-6.72214
-6.72667
-6.73348
-6.74337
-6.75192
-6.75946
-6.76535
-6.76673
-6.76686
-6.7628
-6.75723
-6.74954
-6.74414
-6.73837
-6.73404
-6.72881
-6.72179
-6.71624
-6.71228
-6.7129
-6.7122
-6.71314
-6.71625
-6.72043
-6.72846
-6.7345
-6.74311
-6.75051
-6.76219
-6.77042
-6.78303
-6.79242
-6.80059
-6.80244
-6.79836
-6.78736
-6.76873
-6.74461
-6.7188
-6.69637
-6.68053
-6.67211
-6.67542
-6.68935
-6.71195
-6.73911
-6.76982
-6.79841
-6.82261
-6.84569
-6.86265
-6.87829
-6.89019
-6.8987
-6.901
-6.90049
-6.88985
-6.87836
-6.86066
-6.83941
-6.81589
-6.79212
-6.77028
-6.7484
-6.72856
-6.71272
-6.6975
-6.68726
-6.68332
-6.68765
-6.69886
-6.71876
-6.74138
-6.75993
-6.77253
-6.77908
-6.77261
-6.73509
-6.66384
-6.56681
-6.45161
-6.33849
-6.24221
-6.17507
-6.14141
-6.13924
-6.15915
-6.18881
-6.21396
-6.22904
-6.23078
-6.22177
-6.20923
-6.20484
-6.21083
-6.21945
-6.22649
-6.2324
-6.23282
-6.23139
-6.22688
-6.21994
-6.21555
-6.21484
-6.21528
-6.21518
-6.20747
-6.1968
-6.18342
-6.18197
-6.19847
-6.2345
-6.28538
-6.33962
-6.38898
-6.429
-6.45403
-6.45996
-6.44506
-6.41581
-6.3725
-6.32323
-6.27819
-6.23988
-6.21687
-6.21072
-6.21595
-6.23608
-6.26095
-6.29281
-6.32722
-6.36172
-6.3979
-6.42972
-6.45803
-6.48232
-6.49265
-6.49248
-6.47639
-6.44263
-6.39345
-6.33009
-6.25651
-6.18217
-6.11513
-6.06473
-6.03831
-6.04274
-6.07533
-6.12571
-6.18598
-6.2487
-6.30267
-6.34343
-6.37045
-6.37916
-6.36879
-6.34515
-6.31507
-6.28549
-6.26023
-6.24101
-6.23067
-6.22837
-6.23427
-6.24748
-6.26574
-6.29047
-6.31684
-6.33679
-6.35033
-6.35728
-6.3571
-6.35377
-6.3498
-6.3479
-6.34492
-6.34153
-6.33554
-6.32837
-6.31688
-6.30036
-6.28156
-6.25679
-6.23183
-6.20579
-6.18008
-6.15213
-6.13476
-6.12602
-6.13042
-6.14714
-6.17521
-6.21048
-6.25082
-6.29019
-6.3252
-6.35256
-6.3735
-6.389
-6.39918
-6.40916
-6.41333
-6.41937
-6.41586
-6.40555
-6.38221
-6.35169
-6.31636
-6.28243
-6.25068
-6.22897
-6.21304
-6.20555
-6.20713
-6.22013
-6.23659
-6.25907
-6.283
-6.30499
-6.32311
-6.33261
-6.33988
-6.34306
-6.3439
-6.34333
-6.33753
-6.33081
-6.31504
-6.29834
-6.27728
-6.25819
-6.23732
-6.22158
-6.21031
-6.20424
-6.20314
-6.20915
-6.22214
-6.23393
-6.24063
-6.2432
-6.24239
-6.24047
-6.24185
-6.2486
-6.26259
-6.28304
-6.3114
-6.34558
-6.38074
-6.41978
-6.45003
-6.47226
-6.48419
-6.48457
-6.47576
-6.45221
-6.42017
-6.37763
-6.32701
-6.27172
-6.21238
-6.15482
-6.10741
-6.07445
-6.06504
-6.07781
-6.11009
-6.15159
-6.19596
-6.24192
-6.28679
-6.32861
-6.3649
-6.39873
-6.42806
-6.44971
-6.46461
-6.47422
-6.47489
-6.47103
-6.46136
-6.45048
-6.43523
-6.42023
-6.40386
-6.38586
-6.36454
-6.33541
-6.29694
-6.25348
-6.2118
-6.1766
-6.14915
-6.13751
-6.13349
-6.14096
-6.15306
-6.17136
-6.18944
-6.20968
-6.22434
-6.23303
-6.23373
-6.2241
-6.205
-6.18288
-6.15932
-6.14125
-6.13563
-6.14377
-6.16776
-6.20318
-6.24463
-6.29382
-6.3406
-6.38218
-6.41496
-6.43523
-6.44723
-6.44442
-6.43256
-6.41112
-6.38055
-6.35045
-6.32463
-6.29642
-6.27478
-6.25874
-6.2461
-6.2389
-6.23551
-6.23543
-6.23407
-6.23019
-6.23023
-6.23204
-6.24089
-6.25937
-6.28276
-6.3092
-6.33682
-6.35562
-6.36804
-6.36777
-6.35701
-6.33591
-6.30272
-6.26309
-6.22112
-6.18767
-6.16608
-6.16367
-6.17544
-6.19634
-6.22215
-6.24291
-6.25801
-6.27049
-6.27823
-6.28486
-6.29605
-6.31056
-6.33215
-6.36032
-6.39018
-6.41364
-6.43169
-6.43885
-6.43541
-6.42374
-6.39984
-6.36815
-6.33395
-6.29951
-6.27246
-6.2488
-6.23579
-6.23226
-6.23821
-6.24941
-6.26533
-6.28177
-6.29992
-6.31006
-6.31532
-6.3197
-6.31911
-6.32174
-6.32626
-6.33449
-6.34743
-6.36311
-6.38628
-6.40544
-6.41467
-6.41724
-6.40829
-6.39225
-6.36838
-6.33793
-6.3046
-6.26441
-6.22399
-6.19092
-6.1725
-6.17043
-6.18987
-6.224
-6.25606
-6.28077
-6.29126
-6.28793
-6.27876
-6.26982
-6.26542
-6.26974
-6.27876
-6.29287
-6.30616
-6.31754
-6.32551
-6.32855
-6.33067
-6.32615
-6.31891
-6.30926
-6.2963
-6.28693
-6.28284
-6.28497
-6.28662
-6.29128
-6.28758
-6.27516
-6.25985
-6.23664
-6.21493
-6.20273
-6.20101
-6.20369
-6.219
-6.23685
-6.2598
-6.27769
-6.29482
-6.30247
-6.30363
-6.29813
-6.28843
-6.27973
-6.27405
-6.27377
-6.27762
-6.28698
-6.2972
-6.3044
-6.30661
-6.30158
-6.29156
-6.27996
-6.26718
-6.26008
-6.26045
-6.27111
-6.29061
-6.31611
-6.34494
-6.36875
-6.38362
-6.38822
-6.38155
-6.37238
-6.36308
-6.35706
-6.35219
-6.34305
-6.33085
-6.3173
-6.30669
-6.29937
-6.30173
-6.30826
-6.31961
-6.33086
-6.33901
-6.34195
-6.33762
-6.32802
-6.30623
-6.28327
-6.26047
-6.23868
-6.22921
-6.23322
-6.24994
-6.2736
-6.29505
-6.30072
-6.2868
-6.25552
-6.21221
-6.16861
-6.13754
-6.12852
-6.14137
-6.16812
-6.20249
-6.24523
-6.28272
-6.31335
-6.33006
-6.33783
-6.33986
-6.33945
-6.33979
-6.34393
-6.35125
-6.36106
-6.36617
-6.37183
-6.37358
-6.37376
-6.37345
-6.37155
-6.36187
-6.35259
-6.33665
-6.32082
-6.30376
-6.29117
-6.28248
-6.28363
-6.28958
-6.30119
-6.31664
-6.3248
-6.32531
-6.32008
-6.31147
-6.30695
-6.30963
-6.31898
-6.3337
-6.3517
-6.36157
-6.35754
-6.33556
-6.29795
-6.25513
-6.22097
-6.20075
-6.19796
-6.19698
-6.19202
-6.18376
-6.1754
-6.17079
-6.17284
-6.18053
-6.1988
-6.22415
-6.25716
-6.28927
-6.32314
-6.35333
-6.37626
-6.38554
-6.383
-6.36902
-6.34442
-6.31894
-6.29844
-6.28011
-6.27344
-6.27974
-6.28801
-6.28982
-6.28104
-6.26602
-6.24315
-6.21886
-6.19431
-6.17058
-6.13934
-6.10243
-6.06142
-6.01366
-5.96546
-5.92326
-5.89161
-5.87763
-5.88273
-5.90173
-5.92925
-5.96212
-5.98887
-6.01121
-6.0281
-6.04362
-6.05848
-6.06968
-6.07798
-6.08615
-6.08402
-6.0689
-6.04018
-6.002
-5.95894
-5.93213
-5.92843
-5.95334
-6.00031
-6.05496
-6.10399
-6.13653
-6.15325
-6.15236
-6.13839
-6.11892
-6.09641
-6.07773
-6.0647
-6.05622
-6.05439
-6.055
-6.06012
-6.06721
-6.07051
-6.06992
-6.06743
-6.06369
-6.0567
-6.05283
-6.05275
-6.05317
-6.06562
-6.08594
-6.1183
-6.15843
-6.1961
-6.22439
-6.24235
-6.24694
-6.24029
-6.23118
-6.22566
-6.22654
-6.23082
-6.23453
-6.23737
-6.23402
-6.21894
-6.19147
-6.15112
-6.10146
-6.04544
-5.99309
-5.94962
-5.92005
-5.90571
-5.89884
-5.89842
-5.90204
-5.90318
-5.90511
-5.90666
-5.9112
-5.91739
-5.92537
-5.9368
-5.9472
-5.95661
-5.96134
-5.96073
-5.95369
-5.94083
-5.92388
-5.90849
-5.8998
-5.90182
-5.91693
-5.94466
-5.97825
-6.0149
-6.05255
-6.08437
-6.11235
-6.1317
-6.14513
-6.15129
-6.15897
-6.16868
-6.18191
-6.20392
-6.23062
-6.25696
-6.27876
-6.28739
-6.27873
-6.25267
-6.22084
-6.18478
-6.15036
-6.11951
-6.08809
-6.05039
-6.00298
-5.95338
-5.90735
-5.87229
-5.85035
-5.84367
-5.84184
-5.84446
-5.8498
-5.8548
-5.86504
-5.87752
-5.89304
-5.9151
-5.94824
-5.98998
-6.04675
-6.107
-6.1653
-6.21504
-6.24767
-6.27182
-6.27963
-6.28199
-6.27356
-6.25981
-6.24009
-6.21633
-6.1925
-6.17723
-6.16647
-6.15493
-6.13552
-6.1066
-6.07294
-6.0437
-6.02806
-6.03373
-6.056
-6.09325
-6.13124
-6.15926
-6.16943
-6.1604
-6.13217
-6.09643
-6.06645
-6.04367
-6.03814
-6.04299
-6.0581
-6.07389
-6.08822
-6.09486
-6.09208
-6.08217
-6.06583
-6.04425
-6.02198
-6.0028
-5.98659
-5.98009
-5.98307
-5.99667
-6.02238
-6.05231
-6.08464
-6.11078
-6.12337
-6.12632
-6.11853
-6.10579
-6.08886
-6.07206
-6.05469
-6.0416
-6.03227
-6.02583
-6.02191
-6.02345
-6.03668
-6.05712
-6.08479
-6.10596
-6.11572
-6.11155
-6.09427
-6.06742
-6.03798
-6.00945
-5.99166
-5.98237
-5.98087
-5.98999
-6.00109
-6.01053
-6.00739
-5.99296
-5.96959
-5.94307
-5.92628
-5.92456
-5.94339
-5.98716
-6.04469
-6.10371
-6.15318
-6.18885
-6.21042
-6.21922
-6.22042
-6.21438
-6.20637
-6.18915
-6.16291
-6.13027
-6.09971
-6.08033
-6.0749
-6.07774
-6.08199
-6.08645
-6.08928
-6.09049
-6.08959
-6.08383
-6.07847
-6.06548
-6.0498
-6.03388
-6.01384
-5.99634
-5.98667
-5.98556
-5.98866
-5.99086
-5.9867
-5.97547
-5.95567
-5.93346
-5.91003
-5.89126
-5.87986
-5.88384
-5.90515
-5.94841
-6.00974
-6.07677
-6.14424
-6.20633
-6.25111
-6.27217
-6.2736
-6.25276
-6.2113
-6.15793
-6.09856
-6.04239
-5.99997
-5.97456
-5.97631
-6.00274
-6.04565
-6.0944
-6.14326
-6.1816
-6.20413
-6.21001
-6.19836
-6.17659
-6.15174
-6.12433
-6.10041
-6.08021
-6.06163
-6.04512
-6.03255
-6.02805
-6.04203
-6.0792
-6.13021
-6.18901
-6.24649
-6.29042
-6.31437
-6.31509
-6.28807
-6.24242
-6.17681
-6.10454
-6.0378
-5.98551
-5.95471
-5.94702
-5.95813
-5.98148
-6.01479
-6.04775
-6.07748
-6.10149
-6.11494
-6.11871
-6.11601
-6.10604
-6.08953
-6.06347
-6.02855
-5.98459
-5.94276
-5.91652
-5.91193
-5.93638
-5.97245
-6.01209
-6.04799
-6.07744
-6.09877
-6.10941
-6.10875
-6.10119
-6.08596
-6.06312
-6.03439
-6.00846
-5.9891
-5.97994
-5.9829
-5.99587
-6.0143
-6.04082
-6.06779
-6.09879
-6.12834
-6.15519
-6.17732
-6.18823
-6.18769
-6.17226
-6.14161
-6.09947
-6.05786
-6.02274
-5.99655
-5.98073
-5.96951
-5.95984
-5.95286
-5.94682
-5.94675
-5.94652
-5.95374
-5.96663
-5.98411
-6.00621
-6.02915
-6.05809
-6.08542
-6.11602
-6.14897
-6.18038
-6.2025
-6.20916
-6.19513
-6.16186
-6.11329
-6.05904
-6.01515
-5.99081
-5.98751
-6.00056
-6.02558
-6.06001
-6.10318
-6.15091
-6.19818
-6.24199
-6.27627
-6.30493
-6.32275
-6.33804
-6.34713
-6.34441
-6.32159
-6.27626
-6.20756
-6.12103
-6.02494
-5.9358
-5.8663
-5.82686
-5.82001
-5.84605
-5.89738
-5.96374
-6.03255
-6.0951
-6.13923
-6.16448
-6.17042
-6.15549
-6.12954
-6.09267
-6.05795
-6.03173
-6.01163
-5.99616
-5.98675
-5.9805
-5.9805
-5.98413
-5.99962
-6.01948
-6.04399
-6.06969
-6.09342
-6.11418
-6.13051
-6.14264
-6.15425
-6.16387
-6.17424
-6.18342
-6.19048
-6.19144
-6.1872
-6.1777
-6.1615
-6.14052
-6.11578
-6.08503
-6.05395
-6.02021
-5.98713
-5.95987
-5.93782
-5.92111
-5.90965
-5.90402
-5.9036
-5.90123
-5.90547
-5.92113
-5.95431
-5.99774
-6.03933
-6.06721
-6.06752
-6.03802
-5.98813
-5.93138
-5.88257
-5.85411
-5.85133
-5.86703
-5.89583
-5.9306
-5.96509
-6.0027
-6.03992
-6.07875
-6.1185
-6.15755
-6.19443
-6.22729
-6.25863
-6.28978
-6.31033
-6.31641
-6.30512
-6.27075
-6.22886
-6.18166
-6.13507
-6.09815
-6.08021
-6.07324
-6.07434
-6.07517
-6.06658
-6.051
-6.03262
-6.0133
-6.00204
-5.99996
-6.00596
-6.01632
-6.02546
-6.03323
-6.03382
-6.03118
-6.03237
-6.03496
-6.03394
-6.0269
-6.00633
-5.97368
-5.93689
-5.90228
-5.87351
-5.86015
-5.86486
-5.89316
-5.94349
-6.01682
-6.11069
-6.21251
-6.30572
-6.37257
-6.40532
-6.40121
-6.3644
-6.31413
-6.26057
-6.22154
-6.19084
-6.16398
-6.13619
-6.10127
-6.06573
-6.03271
-6.00426
-5.97846
-5.95425
-5.93628
-5.93205
-5.94531
-5.98187
-6.0334
-6.08807
-6.13086
-6.15795
-6.16482
-6.15473
-6.13061
-6.09922
-6.06821
-6.04951
-6.05657
-6.08964
-6.14353
-6.20427
-6.25468
-6.28866
-6.29431
-6.27751
-6.24184
-6.19415
-6.1422
-6.09333
-6.0512
-6.02309
-6.0127
-6.02221
-6.0455
-6.0643
-6.07623
-6.07509
-6.05815
-6.0314
-5.99692
-5.95472
-5.91156
-5.87334
-5.84156
-5.82395
-5.82008
-5.82936
-5.84446
-5.86287
-5.87895
-5.89806
-5.92004
-5.94686
-5.98226
-6.02478
-6.07141
-6.12084
-6.16546
-6.20277
-6.23177
-6.25085
-6.2569
-6.25046
-6.2307
-6.19588
-6.15165
-6.10503
-6.05947
-6.02612
-6.0077
-6.00346
-6.01629
-6.04201
-6.07771
-6.11488
-6.15264
-6.18432
-6.20974
-6.22797
-6.23303
-6.22718
-6.20946
-6.18158
-6.14394
-6.09377
-6.034
-5.9743
-5.9165
-5.87577
-5.85379
-5.85024
-5.8647
-5.89247
-5.93026
-5.96896
-6.0083
-6.0434
-6.07614
-6.1104
-6.14258
-6.16723
-6.18343
-6.18581
-6.17597
-6.15682
-6.13259
-6.10547
-6.08603
-6.07013
-6.0648
-6.07046
-6.09208
-6.12365
-6.16024
-6.19437
-6.21988
-6.23445
-6.2378
-6.23623
-6.23232
-6.23216
-6.23531
-6.23916
-6.23986
-6.23233
-6.20875
-6.17
-6.12473
-6.07651
-6.03875
-6.01393
-6.00978
-6.01886
-6.03853
-6.06028
-6.07777
-6.08387
-6.07574
-6.0511
-6.01275
-5.96884
-5.92294
-5.89332
-5.8824
-5.90153
-5.94366
-6.00275
-6.06396
-6.1184
-6.15844
-6.18053
-6.1832
-6.17274
-6.15241
-6.12574
-6.09767
-6.06925
-6.03535
-5.99899
-5.95483
-5.9133
-5.88696
-5.88474
-5.90642
-5.94681
-6.00302
-6.06289
-6.11798
-6.15795
-6.18089
-6.1884
-6.18533
-6.17979
-6.17326
-6.16438
-6.14988
-6.12921
-6.0952
-6.05155
-6.00767
-5.96942
-5.95008
-5.949
-5.95729
-5.96832
-5.97535
-5.98456
-5.99444
-6.01223
-6.03498
-6.06749
-6.10493
-6.14167
-6.17028
-6.18735
-6.19791
-6.19835
-6.19078
-6.18515
-6.18697
-6.19731
-6.21044
-6.22753
-6.238
-6.24131
-6.23486
-6.22084
-6.20264
-6.18168
-6.16356
-6.15093
-6.1442
-6.14032
-6.13438
-6.1246
-6.1058
-6.07986
-6.04779
-6.01866
-5.99203
-5.97862
-5.97649
-5.98277
-5.99535
-6.01243
-6.03138
-6.04912
-6.06933
-6.08981
-6.10541
-6.11289
-6.10909
-6.09089
-6.06481
-6.03845
-6.02796
-6.03702
-6.06295
-6.08661
-6.10663
-6.12105
-6.12829
-6.132
-6.13811
-6.13568
-6.12245
-6.09847
-6.06306
-6.0199
-5.97876
-5.94785
-5.92404
-5.91618
-5.91687
-5.93302
-5.95837
-5.99639
-6.04217
-6.08959
-6.13684
-6.17421
-6.19441
-6.19616
-6.1794
-6.14342
-6.09376
-6.03303
-5.97248
-5.92207
-5.89128
-5.88347
-5.90133
-5.93633
-5.98155
-6.02513
-6.05834
-6.07233
-6.07134
-6.06511
-6.05503
-6.05481
-6.05778
-6.07016
-6.0795
-6.08505
-6.08726
-6.08667
-6.0818
-6.08044
-6.08571
-6.0926
-6.10238
-6.11623
-6.13145
-6.14774
-6.15971
-6.16551
-6.15969
-6.13636
-6.09342
-6.03584
-5.98011
-5.93629
-5.91461
-5.9095
-5.91455
-5.92562
-5.93846
-5.95498
-5.97192
-5.9991
-6.0299
-6.06413
-6.10132
-6.13932
-6.18078
-6.22295
-6.26249
-6.29331
-6.31172
-6.30932
-6.28976
-6.24531
-6.19201
-6.13881
-6.09811
-6.07758
-6.07357
-6.08125
-6.09331
-6.10717
-6.1134
-6.11176
-6.1082
-6.09992
-6.09527
-6.08717
-6.07735
-6.06073
-6.04147
-6.02598
-6.01824
-6.01
-6.0028
-5.99071
-5.97768
-5.9633
-5.95166
-5.94625
-5.94978
-5.95932
-5.97843
-6.00317
-6.03328
-6.06093
-6.09067
-6.11239
-6.12539
-6.13044
-6.12346
-6.10992
-6.08464
-6.05821
-6.03497
-6.01582
-6.00694
-6.0129
-6.02951
-6.05713
-6.08593
-6.11518
-6.13898
-6.14985
-6.14982
-6.1386
-6.11765
-6.09098
-6.06561
-6.04441
-6.02461
-6.00934
-6.00059
-5.99635
-5.99799
-6.00544
-6.01402
-6.02586
-6.04202
-6.06274
-6.08055
-6.09274
-6.09092
-6.07876
-6.05801
-6.03009
-6.00553
-5.98897
-5.9794
-5.98699
-6.00902
-6.04584
-6.09391
-6.1386
-6.17297
-6.19355
-6.19522
-6.17512
-6.14568
-6.11333
-6.09188
-6.08013
-6.07963
-6.08424
-6.08813
-6.0838
-6.07585
-6.06377
-6.0504
-6.03843
-6.03534
-6.03025
-6.02683
-6.01464
-5.99865
-5.9862
-5.98104
-5.98977
-6.01358
-6.04096
-6.0706
-6.09382
-6.10776
-6.11515
-6.11279
-6.10945
-6.10664
-6.10762
-6.11319
-6.12191
-6.13222
-6.13869
-6.14224
-6.13716
-6.12027
-6.10061
-6.0863
-6.08504
-6.09739
-6.12082
-6.14366
-6.15483
-6.15659
-6.14999
-6.13219
-6.10965
-6.08156
-6.04701
-6.00494
-5.95733
-5.91258
-5.87945
-5.86186
-5.86274
-5.88201
-5.91283
-5.95036
-5.98641
-6.01909
-6.04416
-6.06545
-6.08264
-6.0967
-6.106
-6.10446
-6.0838
-6.04419
-5.98876
-5.92441
-5.85833
-5.7999
-5.75753
-5.73546
-5.73702
-5.76198
-5.79823
-5.83478
-5.87009
-5.90319
-5.93911
-5.97953
-6.01843
-6.0524
-6.07682
-6.08696
-6.08724
-6.08268
-6.06816
-6.05682
-6.04825
-6.04217
-6.02799
-6.00618
-5.97597
-5.94288
-5.91046
-5.88976
-5.88386
-5.8942
-5.9177
-5.94968
-5.97982
-6.00456
-6.0166
-6.01676
-6.01523
-6.01306
-6.01634
-6.02572
-6.03694
-6.04717
-6.05908
-6.07536
-6.08973
-6.10842
-6.1303
-6.15199
-6.17352
-6.19775
-6.21822
-6.23085
-6.2335
-6.22093
-6.19544
-6.16194
-6.12745
-6.09568
-6.06436
-6.03378
-5.99787
-5.95487
-5.90984
-5.86249
-5.815
-5.76778
-5.72588
-5.69254
-5.66982
-5.66102
-5.66004
-5.6733
-5.69656
-5.73067
-5.77668
-5.83103
-5.88881
-5.948
-5.99702
-6.03568
-6.05926
-6.06903
-6.06976
-6.06316
-6.0506
-6.03488
-6.01421
-5.99019
-5.96616
-5.94467
-5.92297
-5.90911
-5.89318
-5.87627
-5.86608
-5.8602
-5.85854
-5.86032
-5.86895
-5.88505
-5.9104
-5.94604
-5.98747
-6.02643
-6.05662
-6.07852
-6.09562
-6.1017
-6.10152
-6.09391
-6.08644
-6.08267
-6.08704
-6.10222
-6.1242
-6.14915
-6.16456
-6.16441
-6.14601
-6.11786
-6.08087
-6.04818
-6.0223
-6.00856
-6.00344
-6.00281
-6.00306
-6.00285
-6.00002
-5.99608
-5.98278
-5.9572
-5.92278
-5.8828
-5.84645
-5.82016
-5.81424
-5.8285
-5.86391
-5.90636
-5.94453
-5.96796
-5.97354
-5.96091
-5.94384
-5.92809
-5.92294
-5.92962
-5.94629
-5.967
-5.9853
-5.99819
-6.0039
-5.99886
-5.98364
-5.96526
-5.94761
-5.93641
-5.93423
-5.93937
-5.95208
-5.97122
-5.99704
-6.02397
-6.04941
-6.0688
-6.07951
-6.08104
-6.06816
-6.05497
-6.03953
-6.03267
-6.03944
-6.0615
-6.09367
-6.12843
-6.15989
-6.18522
-6.19651
-6.19729
-6.1852
-6.15724
-6.11853
-6.06643
-6.00669
-5.93996
-5.87572
-5.82625
-5.79718
-5.78775
-5.8002
-5.82851
-5.86885
-5.9101
-5.94693
-5.97365
-5.98972
-5.99964
-6.01077
-6.02257
-6.04354
-6.07256
-6.0972
-6.11546
-6.12161
-6.10998
-6.09074
-6.06892
-6.05162
-6.03362
-6.01999
-6.00127
-5.97921
-5.95261
-5.91785
-5.87802
-5.83487
-5.79792
-5.77179
-5.76719
-5.79072
-5.83589
-5.89471
-5.95405
-6.00607
-6.04559
-6.07348
-6.08635
-6.08709
-6.07712
-6.06124
-6.0393
-6.01517
-5.9965
-5.98181
-5.9736
-5.97234
-5.97241
-5.96592
-5.95333
-5.93055
-5.90461
-5.88617
-5.88275
-5.8974
-5.92998
-5.96923
-6.01871
-6.07113
-6.11863
-6.15656
-6.18177
-6.19221
-6.18503
-6.16255
-6.12394
-6.0767
-6.02962
-5.9929
-5.96811
-5.94975
-5.9372
-5.92019
-5.89453
-5.86523
-5.83941
-5.832
-5.84449
-5.88661
-5.95139
-6.02325
-6.08621
-6.12268
-6.13417
-6.12002
-6.08494
-6.04063
-5.99279
-5.94835
-5.91816
-5.90012
-5.90283
-5.9242
-5.95728
-5.99168
-6.02251
-6.04111
-6.05747
-6.07789
-6.09903
-6.1231
-6.1394
-6.14483
-6.13371
-6.10493
-6.06033
-6.0049
-5.94261
-5.88772
-5.84748
-5.82792
-5.82419
-5.83978
-5.8657
-5.90142
-5.94273
-5.98891
-6.03455
-6.07832
-6.11419
-6.13489
-6.1438
-6.13233
-6.10349
-6.06275
-6.0168
-5.96656
-5.92284
-5.88093
-5.84957
-5.83427
-5.83219
-5.85032
-5.87812
-5.91535
-5.96025
-6.00772
-6.05381
-6.09438
-6.12353
-6.13715
-6.13221
-6.10926
-6.07107
-6.01938
-5.95967
-5.90443
-5.85998
-5.83007
-5.81267
-5.80269
-5.79029
-5.77871
-5.76903
-5.763
-5.76546
-5.78223
-5.81868
-5.8734
-5.94218
-6.01577
-6.08398
-6.13156
-6.15003
-6.14275
-6.10932
-6.06029
-6.0126
-5.97449
-5.95644
-5.95531
-5.96496
-5.97889
-5.99998
-6.01967
-6.04138
-6.06046
-6.07929
-6.08968
-6.08746
-6.07594
-6.05287
-6.02658
-5.99807
-5.98051
-5.97493
-5.98075
-6.00114
-6.02805
-6.06112
-6.09117
-6.11122
-6.11846
-6.11439
-6.10357
-6.08465
-6.06533
-6.04519
-6.02474
-6.00424
-5.97912
-5.95277
-5.92973
-5.91613
-5.91269
-5.90852
-5.90063
-5.88756
-5.87935
-5.88045
-5.89481
-5.92213
-5.95604
-5.99228
-6.0219
-6.04461
-6.05549
-6.05809
-6.05219
-6.03992
-6.03029
-6.02518
-6.02108
-6.01833
-6.01407
-6.00047
-5.98801
-5.97577
-5.96906
-5.97071
-5.97462
-5.97977
-5.98126
-5.98353
-5.98612
-5.98258
-5.97025
-5.95331
-5.93715
-5.92066
-5.91
-5.90493
-5.90488
-5.9067
-5.90498
-5.89429
-5.88118
-5.86528
-5.84996
-5.84533
-5.85224
-5.8683
-5.89769
-5.93699
-5.98327
-6.02768
-6.0647
-6.09605
-6.11636
-6.13158
-6.14292
-6.15193
-6.15823
-6.16104
-6.15615
-6.14052
-6.12148
-6.09301
-6.06258
-6.03024
-6.00117
-5.97493
-5.958
-5.94831
-5.95392
-5.97102
-5.99653
-6.02072
-6.03362
-6.03005
-6.00315
-5.94599
-5.87183
-5.79272
-5.7174
-5.66702
-5.64958
-5.66468
-5.70337
-5.75305
-5.8018
-5.84219
-5.87208
-5.89357
-5.91603
-5.94053
-5.97114
-6.00428
-6.02786
-6.04513
-6.05305
-6.05567
-6.04484
-6.02699
-6.00013
-5.96242
-5.92646
-5.90096
-5.89057
-5.89459
-5.90795
-5.92694
-5.95072
-5.97226
-5.99194
-6.00658
-6.00396
-5.9845
-5.95392
-5.92769
-5.91421
-5.91874
-5.92356
-5.92167
-5.90238
-5.87104
-5.83335
-5.80238
-5.78727
-5.7892
-5.80787
-5.8379
-5.87213
-5.90335
-5.93236
-5.96035
-5.98199
-6.00214
-6.0275
-6.06039
-6.10372
-6.15332
-6.20327
-6.24296
-6.26453
-6.26368
-6.2402
-6.19655
-6.13938
-6.07896
-6.02376
-5.97464
-5.93766
-5.90275
-5.86982
-5.83948
-5.81373
-5.79702
-5.79512
-5.80712
-5.82873
-5.85803
-5.88463
-5.91173
-5.93618
-5.95801
-5.97792
-5.99616
-6.01588
-6.03708
-6.06067
-6.07913
-6.08464
-6.07519
-6.04605
-5.99986
-5.94103
-5.88776
-5.84575
-5.82631
-5.82853
-5.84391
-5.8611
-5.87615
-5.88595
-5.88771
-5.88183
-5.86825
-5.84616
-5.82042
-5.79003
-5.76082
-5.73765
-5.72319
-5.72284
-5.74159
-5.77746
-5.83048
-5.88761
-5.94392
-5.99567
-6.03621
-6.07259
-6.09764
-6.10813
-6.10577
-6.08882
-6.06216
-6.02394
-5.9844
-5.95634
-5.94556
-5.95115
-5.96498
-5.97853
-5.99307
-6.00802
-6.03122
-6.05282
-6.07315
-6.08426
-6.08288
-6.07064
-6.05274
-6.03242
-6.01226
-5.99621
-5.98687
-5.9809
-5.97233
-5.97341
-5.97363
-5.97902
-5.98363
-5.99303
-6.00864
-6.02851
-6.04564
-6.05075
-6.04414
-6.02266
-5.98298
-5.93506
-5.88463
-5.83678
-5.79913
-5.77946
-5.77851
-5.78899
-5.80971
-5.83611
-5.87207
-5.91329
-5.9565
-5.99492
-6.01768
-6.02083
-6.00404
-5.97183
-5.92631
-5.87069
-5.81146
-5.75202
-5.70304
-5.66977
-5.66074
-5.67707
-5.71786
-5.7738
-5.8383
-5.90856
-5.97527
-6.03931
-6.09283
-6.13081
-6.15416
-6.16179
-6.15287
-6.12516
-6.08759
-6.03729
-5.98093
-5.92371
-5.87402
-5.84014
-5.82653
-5.83562
-5.86915
-5.91688
-5.96877
-6.01306
-6.04327
-6.05644
-6.04732
-6.02276
-5.98465
-5.94785
-5.91059
-5.88272
-5.86113
-5.85001
-5.85378
-5.87483
-5.91657
-5.9708
-6.02648
-6.07211
-6.09656
-6.10197
-6.08191
-6.04699
-6.00275
-5.96757
-5.95082
-5.95002
-5.96844
-5.99101
-6.00837
-6.0136
-6.00412
-5.97672
-5.93179
-5.88179
-5.82732
-5.78031
-5.74242
-5.72245
-5.72135
-5.73826
-5.76957
-5.8102
-5.85473
-5.90751
-5.96329
-6.01596
-6.05812
-6.08209
-6.08724
-6.07574
-6.04726
-6.00573
-5.9572
-5.92066
-5.90653
-5.91789
-5.94988
-5.98357
-6.00847
-6.01851
-6.01661
-6.01106
-6.01474
-6.02359
-6.03506
-6.0385
-6.02623
-6.00124
-5.9708
-5.94641
-5.92944
-5.92645
-5.93296
-5.94447
-5.95977
-5.97437
-5.97978
-5.97878
-5.97183
-5.95861
-5.95035
-5.95325
-5.97277
-5.99932
-6.0241
-6.03654
-6.02716
-5.99901
-5.95149
-5.89915
-5.8499
-5.81415
-5.79614
-5.79644
-5.81145
-5.83487
-5.86175
-5.8913
-5.91838
-5.93854
-5.94833
-5.95081
-5.95152
-5.95395
-5.95384
-5.94676
-5.92964
-5.8986
-5.85929
-5.81871
-5.78346
-5.76504
-5.76735
-5.79025
-5.825
-5.8649
-5.9095
-5.94871
-5.97799
-5.99588
-6.00057
-6.00569
-6.00252
-5.99292
-5.97668
-5.94922
-5.91362
-5.87762
-5.84674
-5.82721
-5.82046
-5.82816
-5.84348
-5.86099
-5.88469
-5.91193
-5.94042
-5.96353
-5.98308
-5.99651
-6.01205
-6.02501
-6.03492
-6.04059
-6.03933
-6.03338
-6.02371
-6.01822
-6.01691
-6.02114
-6.03086
-6.04901
-6.07007
-6.08688
-6.09805
-6.0962
-6.08472
-6.06439
-6.03879
-6.00829
-5.96816
-5.92168
-5.86899
-5.81095
-5.74897
-5.68823
-5.63408
-5.59151
-5.58093
-5.60516
-5.66817
-5.75964
-5.87226
-5.98968
-6.09561
-6.17616
-6.22111
-6.23086
-6.21576
-6.18148
-6.1445
-6.11032
-6.07423
-6.04113
-6.00198
-5.95496
-5.89789
-5.83624
-5.78361
-5.74104
-5.71204
-5.70145
-5.70522
-5.72918
-5.76934
-5.82151
-5.87845
-5.93119
-5.97088
-5.99936
-6.0159
-6.03212
-6.05053
-6.07553
-6.10182
-6.12477
-6.14167
-6.14772
-6.14073
-6.12621
-6.09979
-6.06741
-6.03076
-5.9939
-5.96393
-5.93995
-5.92741
-5.9198
-5.92064
-5.92723
-5.93416
-5.94295
-5.9493
-5.95309
-5.95383
-5.94984
-5.93461
-5.90395
-5.86579
-5.82662
-5.79252
-5.76832
-5.7554
-5.75331
-5.75762
-5.76758
-5.77627
-5.78383
-5.78924
-5.78915
-5.77911
-5.77118
-5.77283
-5.78878
-5.81574
-5.84627
-5.87424
-5.89907
-5.91693
-5.9326
-5.9405
-5.95069
-5.95648
-5.95734
-5.94934
-5.92926
-5.90094
-5.87191
-5.84989
-5.83264
-5.82265
-5.81378
-5.80681
-5.80257
-5.79818
-5.79416
-5.80232
-5.8285
-5.87373
-5.92661
-5.97851
-6.02106
-6.04467
-6.05676
-6.05727
-6.05424
-6.0529
-6.05769
-6.07178
-6.09428
-6.12192
-6.14564
-6.16111
-6.16271
-6.14673
-6.11446
-6.0712
-6.02025
-5.97016
-5.92788
-5.89372
-5.87111
-5.85742
-5.84734
-5.84426
-5.84339
-5.8443
-5.84662
-5.85159
-5.85586
-5.85549
-5.84621
-5.82812
-5.81043
-5.79737
-5.78858
-5.79287
-5.81239
-5.844
-5.87873
-5.90405
-5.91579
-5.91634
-5.90697
-5.894
-5.88337
-5.87401
-5.8602
-5.84316
-5.81697
-5.78198
-5.73549
-5.68261
-5.63655
-5.60931
-5.61136
-5.64359
-5.69508
-5.75575
-5.82134
-5.88245
-5.93001
-5.96356
-5.98455
-5.99269
-5.99339
-5.9905
-5.99036
-5.99307
-6.00504
-6.01964
-6.03587
-6.04363
-6.03778
-6.02449
-6.01559
-6.01625
-6.02885
-6.04702
-6.06015
-6.06398
-6.04976
-6.02549
-5.9944
-5.96344
-5.93651
-5.91617
-5.89763
-5.87602
-5.84757
-5.81636
-5.78754
-5.76072
-5.73774
-5.71897
-5.71041
-5.71386
-5.72827
-5.75172
-5.78232
-5.812
-5.84177
-5.86798
-5.88316
-5.88304
-5.86811
-5.84242
-5.81048
-5.78339
-5.76423
-5.75926
-5.76411
-5.77656
-5.79149
-5.80956
-5.82864
-5.8528
-5.88022
-5.91486
-5.94731
-5.96906
-5.98382
-5.97869
-5.95643
-5.9299
-5.90865
-5.8988
-5.903
-5.91672
-5.93071
-5.94127
-5.95512
-5.96997
-5.98249
-5.98622
-5.97891
-5.95935
-5.93253
-5.90025
-5.87035
-5.83637
-5.80527
-5.77856
-5.75688
-5.74443
-5.74362
-5.75604
-5.7791
-5.8084
-5.83815
-5.86238
-5.88028
-5.89046
-5.88666
-5.87854
-5.86537
-5.85686
-5.8588
-5.87318
-5.8929
-5.91288
-5.92053
-5.90998
-5.88601
-5.85516
-5.82073
-5.79239
-5.77135
-5.76143
-5.76086
-5.76764
-5.77851
-5.79219
-5.80382
-5.81967
-5.83576
-5.85482
-5.87606
-5.89736
-5.91375
-5.92685
-5.93616
-5.94631
-5.95083
-5.95429
-5.94857
-5.94374
-5.94084
-5.94693
-5.95823
-5.9714
-5.97496
-5.96679
-5.94742
-5.92175
-5.89299
-5.86312
-5.83949
-5.82568
-5.8142
-5.80336
-5.79514
-5.79575
-5.80623
-5.82816
-5.85922
-5.89136
-5.92398
-5.94776
-5.96263
-5.96412
-5.95854
-5.94068
-5.91585
-5.88091
-5.8406
-5.80688
-5.78409
-5.78036
-5.79842
-5.83436
-5.87331
-5.90748
-5.92861
-5.92581
-5.90148
-5.87132
-5.8419
-5.82289
-5.8165
-5.81299
-5.81644
-5.82318
-5.83468
-5.8543
-5.88255
-5.91027
-5.93539
-5.95639
-5.96488
-5.96106
-5.93879
-5.90443
-5.85619
-5.80209
-5.75166
-5.71693
-5.70036
-5.70329
-5.72462
-5.75931
-5.79785
-5.83099
-5.85181
-5.85414
-5.84236
-5.82719
-5.80904
-5.80608
-5.82072
-5.85457
-5.89848
-5.95375
-6.01083
-6.06517
-6.1058
-6.13015
-6.14062
-6.12571
-6.09953
-6.06002
-6.02465
-5.99565
-5.98705
-5.98446
-5.98606
-5.9802
-5.96259
-5.93072
-5.88776
-5.84201
-5.79816
-5.76375
-5.74332
-5.73604
-5.74059
-5.75915
-5.78614
-5.81951
-5.85532
-5.8869
-5.9135
-5.93604
-5.94605
-5.95021
-5.95059
-5.94525
-5.93218
-5.90732
-5.87514
-5.83523
-5.79243
-5.74512
-5.69197
-5.63634
-5.58867
-5.5581
-5.55591
-5.58067
-5.61892
-5.66402
-5.70134
-5.72619
-5.73722
-5.7374
-5.72895
-5.71444
-5.69984
-5.69722
-5.71145
-5.74725
-5.79485
-5.84617
-5.89183
-5.93055
-5.96231
-5.98584
-6.00811
-6.0192
-6.02173
-6.00748
-5.977
-5.9297
-5.86939
-5.80728
-5.74422
-5.69504
-5.6662
-5.66473
-5.68836
-5.73673
-5.79703
-5.85685
-5.904
-5.93018
-5.93777
-5.92785
-5.91657
-5.91231
-5.91866
-5.92965
-5.9459
-5.95726
-5.96599
-5.9716
-5.97484
-5.97886
-5.98497
-5.9926
-6.00537
-6.01669
-6.02203
-6.02055
-6.0044
-5.97747
-5.9433
-5.91444
-5.891
-5.87668
-5.87247
-5.87655
-5.88994
-5.90767
-5.92353
-5.93559
-5.94459
-5.95671
-5.9667
-5.97163
-5.97176
-5.96634
-5.94846
-5.91565
-5.86186
-5.79063
-5.70681
-5.63391
-5.60227
-5.62716
-5.69957
-5.79248
-5.87974
-5.94619
-5.98498
-5.99229
-5.97794
-5.94409
-5.90371
-5.86083
-5.81818
-5.76871
-5.71864
-5.6772
-5.64854
-5.62633
-5.60499
-5.5859
-5.58618
-5.61585
-5.68034
-5.76717
-5.85963
-5.93926
-5.99512
-6.03115
-6.05079
-6.05006
-6.03133
-5.99644
-5.95292
-5.90981
-5.88019
-5.87079
-5.88178
-5.90905
-5.93808
-5.95719
-5.95606
-5.93602
-5.90272
-5.86536
-5.82919
-5.79802
-5.77032
-5.74525
-5.72542
-5.70221
-5.67679
-5.65576
-5.64711
-5.66196
-5.69256
-5.73543
-5.78187
-5.83369
-5.88681
-5.94101
-5.98718
-6.02544
-6.04916
-6.05149
-6.03476
-5.99871
-5.94745
-5.89669
-5.85948
-5.8432
-5.84344
-5.8637
-5.89998
-5.93877
-5.97624
-6.00176
-6.01188
-6.00383
-5.98295
-5.95789
-5.93539
-5.91129
-5.89533
-5.88067
-5.86725
-5.85674
-5.84382
-5.82804
-5.80897
-5.78806
-5.76522
-5.74134
-5.71746
-5.69684
-5.68544
-5.68432
-5.69496
-5.71275
-5.7389
-5.76988
-5.80193
-5.83775
-5.87642
-5.91164
-5.94016
-5.95636
-5.95935
-5.9538
-5.95014
-5.95171
-5.96204
-5.98842
-6.02007
-6.04782
-6.06134
-6.05266
-6.02378
-5.98315
-5.94023
-5.90156
-5.87053
-5.84707
-5.82308
-5.79969
-5.7811
-5.76695
-5.75947
-5.76194
-5.77157
-5.7863
-5.80207
-5.81651
-5.82409
-5.82805
-5.83452
-5.84281
-5.86183
-5.89353
-5.9349
-5.97787
-6.00979
-6.0252
-6.02111
-6.00224
-5.96562
-5.92387
-5.87983
-5.8397
-5.80538
-5.77819
-5.75636
-5.7365
-5.71488
-5.69116
-5.66827
-5.65393
-5.66027
-5.69163
-5.74238
-5.80206
-5.86093
-5.91126
-5.94921
-5.97093
-5.97462
-5.96538
-5.94753
-5.92585
-5.90483
-5.89211
-5.89051
-5.89518
-5.90119
-5.90515
-5.89746
-5.87726
-5.84667
-5.81296
-5.78306
-5.76383
-5.75997
-5.76665
-5.7794
-5.79087
-5.79768
-5.80023
-5.7998
-5.79476
-5.78961
-5.78281
-5.77151
-5.75279
-5.73284
-5.71089
-5.68927
-5.67821
-5.67772
-5.68565
-5.70426
-5.7251
-5.74806
-5.77814
-5.80914
-5.85109
-5.89963
-5.95528
-6.00941
-6.05231
-6.07981
-6.08792
-6.07977
-6.05882
-6.02688
-5.99089
-5.95429
-5.9201
-5.89827
-5.8854
-5.88875
-5.90821
-5.93392
-5.96241
-5.98874
-6.0047
-6.01779
-6.02437
-6.02766
-6.02605
-6.02029
-6.00412
-5.97863
-5.94212
-5.89585
-5.84178
-5.78935
-5.73599
-5.68479
-5.63595
-5.59925
-5.58449
-5.59568
-5.63422
-5.68837
-5.74711
-5.80665
-5.85973
-5.89858
-5.92248
-5.93591
-5.93503
-5.9308
-5.92887
-5.92888
-5.93791
-5.95079
-5.96381
-5.96858
-5.9595
-5.93502
-5.89286
-5.84344
-5.7994
-5.76874
-5.75415
-5.75126
-5.75224
-5.75092
-5.74452
-5.73332
-5.72122
-5.70671
-5.69106
-5.68167
-5.67254
-5.66879
-5.66524
-5.66272
-5.66103
-5.67163
-5.70185
-5.75591
-5.82701
-5.90927
-5.98824
-6.05849
-6.10575
-6.1264
-6.1249
-6.10319
-6.06288
-6.01286
-5.95935
-5.91657
-5.88887
-5.88279
-5.89438
-5.91401
-5.92698
-5.93402
-5.93501
-5.93383
-5.93235
-5.92337
-5.90253
-5.86657
-5.8236
-5.78167
-5.75558
-5.74527
-5.74807
-5.75225
-5.7564
-5.75906
-5.76541
-5.77462
-5.79205
-5.81631
-5.84688
-5.8772
-5.8901
-5.8837
-5.85454
-5.81082
-5.76766
-5.7429
-5.74847
-5.78273
-5.83929
-5.90163
-5.94581
-5.96806
-5.97123
-5.95591
-5.9326
-5.90816
-5.88583
-5.86916
-5.86196
-5.86257
-5.86854
-5.88216
-5.89755
-5.9092
-5.91033
-5.9061
-5.89549
-5.88321
-5.86738
-5.8515
-5.8305
-5.80933
-5.79108
-5.78198
-5.7853
-5.79924
-5.81989
-5.84432
-5.86844
-5.88798
-5.89886
-5.90291
-5.90834
-5.91769
-5.9326
-5.9494
-5.96345
-5.97807
-5.99288
-6.00447
-6.0098
-6.00461
-5.98697
-5.9564
-5.91562
-5.87757
-5.84466
-5.81562
-5.7809
-5.74292
-5.70717
-5.67684
-5.65017
-5.63386
-5.62094
-5.62186
-5.63787
-5.66239
-5.6877
-5.7086
-5.72515
-5.74485
-5.76986
-5.79717
-5.82
-5.84276
-5.86757
-5.89665
-5.93762
-5.9903
-6.05108
-6.11054
-6.15431
-6.17432
-6.16869
-6.13982
-6.08445
-6.00925
-5.93164
-5.86999
-5.83977
-5.82317
-5.80686
-5.78445
-5.7664
-5.76032
-5.77672
-5.81313
-5.85203
-5.87997
-5.8839
-5.86984
-5.84867
-5.83134
-5.82634
-5.82921
-5.84423
-5.8753
-5.92201
-5.97573
-6.03484
-6.09192
-6.1355
-6.16797
-6.1779
-6.16784
-6.13562
-6.08483
-6.02545
-5.96138
-5.89324
-5.82803
-5.76989
-5.72704
-5.70616
-5.70487
-5.71147
-5.72143
-5.73342
-5.74907
-5.76732
-5.78126
-5.78363
-5.77699
-5.75673
-5.73119
-5.70588
-5.68002
-5.66175
-5.64859
-5.64097
-5.64443
-5.6552
-5.67372
-5.70925
-5.759
-5.81856
-5.88346
-5.94439
-5.99327
-6.02687
-6.04484
-6.04575
-6.02941
-6.00386
-5.96949
-5.93349
-5.89922
-5.87708
-5.87121
-5.88632
-5.91831
-5.95725
-5.9926
-6.00639
-5.99328
-5.94813
-5.88011
-5.80814
-5.75421
-5.73311
-5.74557
-5.77049
-5.78749
-5.7916
-5.78472
-5.76526
-5.74386
-5.72532
-5.71668
-5.72064
-5.73881
-5.76442
-5.79527
-5.83491
-5.88057
-5.92685
-5.9753
-6.01797
-6.04135
-6.04545
-6.03007
-5.99738
-5.94935
-5.90109
-5.85885
-5.83246
-5.82196
-5.82494
-5.83445
-5.85031
-5.86892
-5.88137
-5.88641
-5.88843
-5.88608
-5.88608
-5.88672
-5.88072
-5.86547
-5.84604
-5.82507
-5.79831
-5.77188
-5.73906
-5.69971
-5.65963
-5.62524
-5.60868
-5.6116
-5.63572
-5.67936
-5.72809
-5.77699
-5.82177
-5.86152
-5.88812
-5.90093
-5.90018
-5.8888
-5.87886
-5.87163
-5.87117
-5.87565
-5.88853
-5.90331
-5.92125
-5.93844
-5.93927
-5.92947
-5.90705
-5.87818
-5.85721
-5.8545
-5.87811
-5.92849
-5.98571
-6.03527
-6.07203
-6.0878
-6.08551
-6.07317
-6.0534
-6.03412
-6.01492
-6.00037
-5.9892
-5.98376
-5.97676
-5.96984
-5.95372
-5.9313
-5.89894
-5.85765
-5.80813
-5.75622
-5.70163
-5.65593
-5.62335
-5.6042
-5.59577
-5.59251
-5.5917
-5.59812
-5.60947
-5.63131
-5.65627
-5.68677
-5.7234
-5.76492
-5.81569
-5.86395
-5.9092
-5.94329
-5.96464
-5.9738
-5.97163
-5.96594
-5.95825
-5.95298
-5.94819
-5.94286
-5.94228
-5.94684
-5.95472
-5.95729
-5.94861
-5.92099
-5.87508
-5.82164
-5.76745
-5.7227
-5.69622
-5.68985
-5.70477
-5.7353
-5.77375
-5.81644
-5.84626
-5.86354
-5.86843
-5.86272
-5.85178
-5.8378
-5.82468
-5.81245
