1.2026
1.20319
1.20296
1.20321
1.20494
1.20883
1.21502
1.22267
1.22979
1.23329
1.22989
1.21702
1.19378
1.16145
1.12361
1.08548
1.05239
1.02809
1.01446
1.01239
1.02237
1.04445
1.07744
1.11834
1.16253
1.20424
1.23785
1.25898
1.26526
1.25665
1.23523
1.20483
1.17046
1.13782
1.11266
1.09988
1.10243
1.12036
1.15058
1.18768
1.22526
1.25724
1.27921
1.28918
1.28752
1.2762
1.25801
1.23534
1.20972
1.18232
1.15458
1.12905
1.10903
1.09727
1.09467
1.09969
1.10929
1.12055
1.13217
1.14465
1.15862
1.17317
1.18552
1.19255
1.19233
1.1851
1.17315
1.1597
1.14781
1.13938
1.13472
1.13261
1.13121
1.12895
1.12538
1.12145
1.11907
1.12047
1.12723
1.13959
1.15616
1.17412
1.18993
1.20059
1.20444
1.20183
1.19494
1.18674
1.17992
1.17642
1.17737
1.18302
1.19227
1.20244
1.20999
1.21136
1.20362
1.18526
1.15656
1.11997
1.08022
1.04366
1.0169
1.00519
1.01078
1.03257
1.06683
1.10831
1.15153
1.19155
1.22453
1.24797
1.26072
1.26285
1.25556
1.24063
1.22039
1.19754
1.17499
1.15571
1.14226
1.13641
1.13883
1.14871
1.16359
1.17988
1.19374
1.20227
1.20426
1.20046
1.19282
1.18308
1.17189
1.15815
1.13952
1.11402
1.08216
1.04871
1.02192
1.00936
1.01345
1.03164
1.05958
1.09323
1.12921
1.16465
1.19719
1.22504
1.24699
1.26242
1.27132
1.2745
1.27338
1.26946
1.26381
1.25666
1.24729
1.2343
1.21626
1.19229
1.16263
1.12882
1.09382
1.06169
1.03702
1.0241
1.02602
1.04362
1.07499
1.1157
1.15975
1.20092
1.23391
1.25509
1.26268
1.25676
1.23882
1.21143
1.17794
1.14232
1.10903
1.08266
1.06723
1.06512
1.07613
1.09729
1.1237
1.15018
1.17253
1.18796
1.19519
1.19434
1.18677
1.17493
1.16188
1.15066
1.1437
1.14251
1.14735
1.1574
1.17096
1.18588
1.20002
1.21151
1.21882
1.22074
1.21641
1.20508
1.18661
1.1617
1.13228
1.10161
1.07409
1.05434
1.04596
1.05043
1.06678
1.09196
1.12199
1.15292
1.18132
1.20467
1.22119
1.2297
1.2295
1.22043
1.2032
1.17982
1.15376
1.12944
1.11137
1.10285
1.10491
1.11616
1.13328
1.15208
1.16865
1.18009
1.18491
1.18284
1.17456
1.16147
1.14602
1.13169
1.12283
1.12328
1.13432
1.15383
1.17719
1.19953
1.21709
1.22779
1.23116
1.22801
1.22005
1.20974
1.1997
1.1921
1.18811
1.18792
1.19099
1.1964
1.20296
1.20953
1.21472
1.21723
1.2159
1.20995
1.19915
1.18395
1.16544
1.14508
1.12417
1.1035
1.08351
1.06484
1.04879
1.03738
1.03277
1.03657
1.04909
1.06922
1.09451
1.12173
1.14765
1.16968
1.18629
1.19688
1.20184
1.20232
1.19992
1.19623
1.19248
1.18945
1.18746
1.18668
1.18728
1.1894
1.19301
1.19771
1.20278
1.20717
1.20999
1.21063
1.20884
1.20473
1.19854
1.19058
1.18111
1.17026
1.15817
1.14505
1.13124
1.11736
1.10426
1.09285
1.08396
1.07822
1.07592
1.07706
1.08151
1.08916
1.09995
1.11394
1.13117
1.15117
1.17279
1.19418
1.2132
1.22792
1.23691
1.23975
1.23712
1.23057
1.22203
1.21312
1.20489
1.19771
1.19147
1.18574
1.17995
1.17384
1.16765
1.16205
1.15823
1.15768
1.16183
1.17144
1.18612
1.204
1.22202
1.23667
1.24514
1.24602
1.23948
1.2268
1.20945
1.18846
1.16451
1.13829
1.11115
1.08513
1.06277
1.04659
1.03849
1.03937
1.04925
1.06759
1.09336
1.1248
1.15943
1.1942
1.22589
1.25175
1.26982
1.27897
1.27864
1.26871
1.24928
1.2212
1.18646
1.14861
1.11246
1.08305
1.06396
1.0562
1.05808
1.06626
1.07712
1.08756
1.09555
1.10027
1.10237
1.10359
1.10599
1.11129
1.12037
1.13362
1.15097
1.17162
1.19342
1.21325
1.2279
1.23508
1.23409
1.226
1.21312
1.19836
1.18451
1.17366
1.16671
1.16343
1.16287
1.16395
1.16594
1.16858
1.172
1.17644
1.18194
1.18797
1.19355
1.19732
1.198
1.19472
1.18728
1.17629
1.16272
1.14736
1.13072
1.11307
1.09497
1.0778
1.06378
1.05539
1.05462
1.06222
1.07733
1.09772
1.12043
1.14238
1.161
1.17472
1.18327
1.18793
1.191
1.19496
1.201
1.20821
1.21404
1.21543
1.21027
1.19841
1.18173
1.16341
1.14706
1.13581
1.13169
1.13542
1.14634
1.16258
1.1813
1.19929
1.21385
1.22329
1.22716
1.22613
1.22185
1.21658
1.21248
1.21072
1.21115
1.21252
1.21333
1.21263
1.21022
1.20659
1.20253
1.19872
1.19556
1.1929
1.1901
1.18626
1.18066
1.17323
1.16465
1.1565
1.15068
1.14865
1.15038
1.1538
1.15535
1.15131
1.13919
1.1187
1.09212
1.06389
1.03976
1.02512
1.02302
1.03288
1.05091
1.07219
1.09301
1.11221
1.13063
1.14924
1.1678
1.18482
1.19837
1.20703
1.21025
1.20858
1.20346
1.19682
1.19058
1.18634
1.18506
1.18704
1.19184
1.19855
1.20596
1.21288
1.21857
1.22271
1.22513
1.22541
1.22266
1.21564
1.20358
1.18724
1.16928
1.15397
1.14582
1.14766
1.15934
1.1778
1.19832
1.21626
1.22828
1.23278
1.22996
1.22124
1.20882
1.19501
1.18185
1.17063
1.16164
1.15435
1.14779
1.14094
1.13322
1.12452
1.11497
1.10443
1.09268
1.07987
1.06693
1.05566
1.04803
1.04548
1.04841
1.05624
1.06805
1.08302
1.10057
1.12011
1.14048
1.15972
1.17514
1.18406
1.18501
1.17829
1.16622
1.15255
1.14126
1.1356
1.13707
1.14503
1.15708
1.1697
1.17943
1.18395
1.18238
1.17534
1.16438
1.15167
1.13961
1.13064
1.12702
1.13037
1.14119
1.1585
1.18014
1.20333
1.22528
1.24366
1.25692
1.26448
1.26643
1.26323
1.25533
1.24334
1.22814
1.21104
1.19381
1.17826
1.16589
1.1575
1.15304
1.15188
1.15313
1.15601
1.16013
1.16526
1.17112
1.1771
1.18225
1.18525
1.18496
1.1804
1.17104
1.15687
1.13848
1.11712
1.09486
1.07428
1.05816
1.0488
1.0473
1.05327
1.06485
1.07903
1.09229
1.10151
1.105
1.10289
1.09701
1.09018
1.08516
1.08388
1.08699
1.09399
1.10401
1.11623
1.13051
1.14718
1.16679
1.18946
1.21436
1.2395
1.26199
1.27877
1.28759
1.2875
1.27934
1.2653
1.24869
1.23286
1.22032
1.21208
1.20745
1.20457
1.20117
1.19546
1.18659
1.1749
1.1617
1.14919
1.13985
1.13575
1.13791
1.14605
1.15886
1.17439
1.19041
1.20448
1.21415
1.21751
1.21369
1.20332
1.18829
1.1712
1.15428
1.13905
1.1262
1.11598
1.10831
1.10306
1.10023
1.10016
1.10369
1.1118
1.12484
1.14173
1.15998
1.17657
1.18892
1.19568
1.19679
1.19308
1.18589
1.17658
1.16619
1.15546
1.145
1.13549
1.12763
1.12207
1.1194
1.11999
1.12377
1.13029
1.13876
1.14825
1.1576
1.16575
1.17158
1.17399
1.17206
1.16539
1.1547
1.14203
1.13061
1.12409
1.12543
1.1359
1.15471
1.17934
1.20653
1.23319
1.25692
1.27584
1.28837
1.29313
1.28921
1.27628
1.25486
1.22646
1.19354
1.15938
1.12739
1.10024
1.07915
1.06363
1.05231
1.04428
1.03983
1.04036
1.04744
1.0618
1.08264
1.10773
1.13402
1.15819
1.17742
1.19001
1.19555
1.19504
1.19062
1.18497
1.18056
1.17899
1.18046
1.18413
1.18832
1.19082
1.18904
1.18074
1.16474
1.14157
1.11378
1.08545
1.06147
1.04643
1.04341
1.05311
1.07376
1.1017
1.13261
1.16259
1.18872
1.20934
1.22435
1.23488
1.24239
1.24782
1.25087
1.25032
1.24475
1.23364
1.21787
1.19947
1.18098
1.16466
1.1523
1.14545
1.14531
1.15238
1.16599
1.1844
1.20523
1.22585
1.24381
1.25706
1.26392
1.26302
1.25354
1.23544
1.20966
1.17832
1.14457
1.11224
1.085
1.06539
1.05412
1.05014
1.05164
1.05691
1.06507
1.07621
1.09075
1.10886
1.12981
1.15185
1.17278
1.19038
1.20292
1.20921
1.20877
1.20186
1.18946
1.17302
1.15421
1.13461
1.11559
1.09851
1.08474
1.07586
1.07347
1.07867
1.09158
1.11101
1.13436
1.15792
1.17742
1.18908
1.19059
1.18216
1.16676
1.14938
1.13513
1.12744
1.12751
1.13478
1.14824
1.16674
1.1891
1.21381
1.23886
1.26172
1.27959
1.28982
1.29049
1.28073
1.2612
1.23401
1.20262
1.17107
1.14345
1.12317
1.11234
1.11143
1.11931
1.13359
1.1511
1.16865
1.18344
1.19326
1.19672
1.19348
1.18429
1.17089
1.15558
1.14076
1.1285
1.12007
1.11562
1.11437
1.11507
1.11677
1.11912
1.12222
1.12633
1.1314
1.137
1.14258
1.1476
1.15169
1.15464
1.15635
1.15669
1.15543
1.15238
1.14739
1.14071
1.13293
1.12487
1.11746
1.11153
1.10774
1.10634
1.10748
1.11145
1.1191
1.13152
1.14952
1.17258
1.1985
1.22376
1.24444
1.25729
1.26034
1.2531
1.23648
1.21246
1.1841
1.15512
1.12952
1.11081
1.10128
1.10132
1.10974
1.12413
1.14166
1.15958
1.17554
1.18803
1.19637
1.20097
1.20293
1.20349
1.20345
1.20272
1.20007
1.19367
1.18181
1.16389
1.14085
1.1152
1.09056
1.07092
1.05979
1.0596
1.07114
1.09319
1.12242
1.15387
1.18188
1.2017
1.21046
1.20772
1.19541
1.17743
1.1587
1.14408
1.13717
1.13938
1.14974
1.1656
1.18363
1.20068
1.21442
1.22361
1.22815
1.22861
1.22579
1.22057
1.21391
1.20669
1.19961
1.19306
1.18741
1.18318
1.18096
1.18118
1.18383
1.18813
1.19258
1.19521
1.19384
1.1868
1.17334
1.15392
1.13016
1.10457
1.08016
1.05988
1.04599
1.03928
1.03884
1.04244
1.04763
1.05295
1.05849
1.06569
1.07638
1.09183
1.11215
1.13602
1.16087
1.18356
1.20111
1.21159
1.21457
1.21103
1.20301
1.19267
1.18193
1.17238
1.16527
1.16153
1.16161
1.16524
1.17165
1.17968
1.1881
1.19569
1.20135
1.20436
1.2045
1.20213
1.19816
1.19386
1.1905
1.18919
1.19062
1.19513
1.20255
1.21188
1.22125
1.22815
1.23013
1.22545
1.21347
1.19463
1.17024
1.1425
1.11434
1.08912
1.06981
1.05836
1.05535
1.0602
1.07173
1.0885
1.10906
1.13186
1.15518
1.17737
1.19715
1.21366
1.22636
1.23492
1.23902
1.23853
1.2336
1.22491
1.21335
1.19968
1.18431
1.16708
1.14748
1.12521
1.1004
1.07395
1.04781
1.02464
1.00752
0.99936
1.00201
1.01552
1.03817
1.06668
1.09709
1.12564
1.14942
1.16677
1.17732
1.18181
1.18188
1.1795
1.1766
1.17462
1.17446
1.17662
1.18122
1.18831
1.19779
1.20937
1.22284
1.23788
1.25379
1.26941
1.2832
1.29353
1.29866
1.29736
1.28916
1.2746
1.25511
1.23249
1.20822
1.1829
1.1566
1.12948
1.10247
1.07739
1.0564
1.04139
1.03353
1.03305
1.03957
1.05246
1.07089
1.0934
1.11774
1.1411
1.16106
1.1763
1.18669
1.19254
1.19422
1.19205
1.18699
1.18095
1.17632
1.17516
1.17871
1.18694
1.19892
1.21281
1.22594
1.23498
1.23673
1.22902
1.21153
1.18612
1.1566
1.1278
1.10431
1.08921
1.08332
1.08518
1.09184
1.10013
1.10776
1.11383
1.1185
1.12235
1.12571
1.12844
1.1299
1.12959
1.12746
1.12409
1.12066
1.11872
1.11973
1.12455
1.13314
1.14454
1.15745
1.17073
1.18406
1.19808
1.21373
1.23159
1.25118
1.27086
1.28829
1.30117
1.30786
1.3078
1.30124
1.28884
1.27118
1.24843
1.22072
1.18855
1.15339
1.11825
1.08722
1.06438
1.05257
1.0523
1.06169
1.0772
1.09477
1.1108
1.12275
1.12936
1.13057
1.12702
1.11992
1.11047
1.0997
1.08825
1.07664
1.06573
1.05699
1.05224
1.05295
1.0597
1.07222
1.08977
1.11165
1.13696
1.16399
1.19005
1.21209
1.22784
1.23616
1.23719
1.23211
1.22314
1.21307
1.20486
1.201
1.20268
1.20951
1.2198
1.23146
1.24297
1.25418
1.26584
1.27819
1.28966
1.29718
1.29779
1.2899
1.27355
1.25016
1.2219
1.19109
1.15989
1.13005
1.10296
1.07959
1.06054
1.04613
1.03648
1.03155
1.031
1.03414
1.04013
1.04834
1.05818
1.06902
1.08006
1.09032
1.09917
1.10675
1.11386
1.12157
1.13017
1.13864
1.14509
1.14773
1.14607
1.14123
1.13551
1.13165
1.13201
1.13804
1.15029
1.1685
1.19165
1.21781
1.24434
1.2683
1.28691
1.29804
1.3007
1.2951
1.28262
1.26545
1.24585
1.22563
1.20584
1.18673
1.16807
1.14932
1.13018
1.11094
1.09265
1.07714
1.06642
1.0622
1.06534
1.07571
1.09224
1.11303
1.13578
1.15794
1.17729
1.19227
1.20233
1.20778
1.20959
1.20892
1.20671
1.20327
1.19841
1.19151
1.18203
1.16963
1.1544
1.13674
1.11752
1.09858
1.0827
1.0729
1.0714
1.07885
1.09372
1.11281
1.13209
1.148
1.15821
1.16185
1.15948
1.15251
1.14285
1.13223
1.1221
1.11339
1.10666
1.10252
1.10194
1.10615
1.11632
1.1327
1.15406
1.17772
1.2001
1.21763
1.2275
1.22878
1.22298
1.21415
1.20798
1.2094
1.21982
1.23653
1.25447
1.26869
1.27577
1.27416
1.26389
1.24622
1.22334
1.1979
1.17279
1.15096
1.13537
1.12839
1.13109
1.14254
1.15971
1.17815
1.193
1.20017
1.1973
1.18424
1.1632
1.13844
1.11498
1.09731
1.08827
1.08852
1.09695
1.11124
1.12844
1.14527
1.15888
1.16755
1.17124
1.17171
1.17176
1.17394
1.17909
1.18589
1.19148
1.19289
1.18824
1.17723
1.16102
1.14174
1.12195
1.10408
1.08981
1.07988
1.07407
1.07165
1.07208
1.07522
1.08127
1.09022
1.10138
1.11335
1.12434
1.13273
1.1375
1.13856
1.13672
1.13333
1.12983
1.12757
1.12738
1.12994
1.13566
1.14476
1.15695
1.17127
1.18635
1.20101
1.21474
1.22787
1.24097
1.2541
1.26631
1.27566
1.27997
1.27771
1.26878
1.25459
1.23739
1.2198
1.20411
1.19183
1.1834
1.17814
1.17453
1.1707
1.1649
1.15596
1.14317
1.12645
1.10639
1.08427
1.06198
1.0418
1.02613
1.01705
1.01606
1.02381
1.03978
1.06263
1.09051
1.12127
1.15246
1.18124
1.20447
1.21951
1.225
1.22153
1.21167
1.19919
1.18785
1.18011
1.1767
1.17657
1.17768
1.17807
1.17659
1.17311
1.16861
1.16466
1.16278
1.16387
1.16775
1.17326
1.17852
1.18158
1.1809
1.17569
1.16621
1.15342
1.13854
1.1224
1.10539
1.08794
1.07122
1.05767
1.05057
1.0528
1.06539
1.08687
1.11395
1.14282
1.17045
1.19506
1.21605
1.23356
1.24784
1.25889
1.26673
1.27131
1.27296
1.27229
1.27013
1.26708
1.26281
1.25594
1.24429
1.22564
1.19868
1.16368
1.12272
1.0795
1.03872
1.00514
0.982364
0.971964
0.973208
0.983707
1.00063
1.02181
1.04602
1.07271
1.10126
1.13031
1.15775
1.1813
1.19911
1.21013
1.21427
1.21227
1.20564
1.19635
1.18663
1.17856
1.17371
1.17276
1.17541
1.18097
1.18881
1.19868
1.21059
1.22426
1.23871
1.25211
1.26214
1.26659
1.26372
1.25248
1.23289
1.20584
1.17273
1.1356
1.09724
1.06196
1.03529
1.0222
1.02414
1.03787
1.05771
1.07881
1.09865
1.1168
1.13372
1.14966
1.16428
1.17674
1.18627
1.19235
1.19496
1.1944
1.19129
1.1866
1.1816
1.17758
1.17576
1.17675
1.18051
1.18625
1.19252
1.19748
1.19931
1.1967
1.18905
1.17672
1.16106
1.144
1.1277
1.11408
1.10444
1.09926
1.098
1.09912
1.10023
1.09864
1.09234
1.08077
1.0656
1.05066
1.041
1.04119
1.05355
1.07728
1.10899
1.14401
1.17795
1.2079
1.23291
1.25352
1.27099
1.28624
1.29906
1.30801
1.31093
1.30593
1.29197
1.26961
1.24076
1.20828
1.17531
1.14492
1.11957
1.101
1.08981
1.08555
1.08699
1.09264
1.10126
1.11202
1.12435
1.13768
1.15132
1.16434
1.1757
1.18442
1.1898
1.19153
1.18999
1.18631
1.18214
1.17936
1.17952
1.18348
1.19126
1.20193
1.21388
1.22487
1.23214
1.23297
1.22544
1.20905
1.18512
1.15661
1.12753
1.10202
1.08341
1.0736
1.07285
1.07979
1.09206
1.10667
1.12083
1.13246
1.14056
1.14534
1.14791
1.1499
1.15265
1.15663
1.16107
1.16437
1.16472
1.16117
1.15431
1.14633
1.1404
1.13924
1.14367
1.15252
1.16363
1.17508
1.18566
1.19488
1.20254
1.20854
1.21277
1.21519
1.21594
1.21536
1.21389
1.21196
1.20979
1.2073
1.20411
1.20005
1.19526
1.19006
1.18464
1.17862
1.17097
1.16026
1.14531
1.12622
1.10496
1.08538
1.0723
1.06984
1.07961
1.09976
1.12534
1.14972
1.16656
1.1715
1.16317
1.14352
1.11727
1.09055
1.06914
1.05673
1.05467
1.06213
1.07715
1.09732
1.12063
1.14555
1.17057
1.19354
1.21193
1.22362
1.22774
1.22477
1.21639
1.20497
1.19303
1.18266
1.17525
1.17123
1.17025
1.17132
1.17288
1.17357
1.17286
1.17163
1.17207
1.17672
1.18681
1.20097
1.21569
1.22691
1.23173
1.22939
1.22098
1.20882
1.19519
1.18164
1.16893
1.15731
1.14696
1.13801
1.1305
1.12404
1.11794
1.11149
1.10431
1.0966
1.08937
1.08457
1.08441
1.0903
1.1019
1.1168
1.13185
1.14449
1.15363
1.15973
1.16426
1.16874
1.17427
1.18132
1.18964
1.19861
1.20754
1.21578
1.22244
1.22668
1.22785
1.22578
1.22113
1.2152
1.2095
1.20532
1.20333
1.20347
1.20502
1.20687
1.20756
1.20561
1.19965
1.18859
1.17202
1.15078
1.127
1.1037
1.08392
1.06976
1.06188
1.05942
1.06041
1.06283
1.0651
1.06656
1.06762
1.0694
1.07319
1.08008
1.09067
1.10504
1.12275
1.14286
1.16391
1.18404
1.20137
1.21455
1.22317
1.22759
1.22861
1.22696
1.22286
1.21599
1.20591
1.19261
1.17686
1.16022
1.1446
1.13181
1.12285
1.11756
1.11484
1.1132
1.11158
1.10965
1.10802
1.10767
1.10945
1.11353
1.11932
1.12576
1.13171
1.13614
1.13845
1.13872
1.13776
1.13675
1.13669
1.13817
1.14142
1.14628
1.1523
1.15881
1.1648
1.16929
1.17176
1.17246
1.17259
1.17377
1.17749
1.18456
1.1947
1.20648
1.21767
1.22586
1.22897
1.22553
1.21509
1.19831
1.17721
1.15496
1.13501
1.12007
1.11123
1.10805
1.10933
1.11353
1.11947
1.12653
1.13462
1.14395
1.15428
1.16468
1.17347
1.1787
1.17894
1.1739
1.1645
1.15266
1.14068
1.13073
1.1248
1.12442
1.13029
1.14217
1.1587
1.17775
1.19696
1.21414
1.2281
1.23872
1.24691
1.25392
1.26047
1.26618
1.26941
1.26773
1.25902
1.24254
1.21955
1.19303
1.16646
1.14244
1.1219
1.10512
1.09256
1.08504
1.08308
1.0863
1.09351
1.1034
1.11527
1.12918
1.14495
1.16119
1.1755
1.18535
1.18894
1.18568
1.17631
1.16274
1.14771
1.13406
1.12413
1.11916
1.11928
1.1236
1.13062
1.13866
1.14624
1.15224
1.15574
1.15577
1.15153
1.14277
1.13019
1.11579
1.10247
1.09323
1.09044
1.09508
1.10645
1.1226
1.14099
1.15928
1.17574
1.18932
1.19956
1.20649
1.21041
1.21182
1.21135
1.20979
1.20777
1.20539
1.20233
1.19805
1.19229
1.18548
1.17884
1.17362
1.1705
1.1692
1.16888
1.16849
1.16711
1.16408
1.1591
1.15211
1.1432
1.13273
1.12167
1.11152
1.10426
1.10165
1.10454
1.11249
1.12397
1.13699
1.14973
1.16078
1.16936
1.17536
1.17912
1.18106
1.18136
1.17987
1.17636
1.17076
1.16347
1.15541
1.14795
1.14262
1.14096
1.1441
1.15249
1.16571
1.1824
1.20076
1.21876
1.23476
1.24775
1.25737
1.26368
1.26657
1.26546
1.25912
1.24637
1.22684
1.20165
1.17347
1.14599
1.12291
1.10706
1.09962
1.09981
1.10507
1.11208
1.11778
1.12034
1.11953
1.11631
1.11221
1.10841
1.10532
1.1026
1.09973
1.09647
1.09308
1.09044
1.0895
1.09128
1.09643
1.1052
1.11741
1.1324
1.14898
1.16527
1.1791
1.18862
1.19278
1.19169
1.18617
1.17775
1.16828
1.15952
1.15249
1.14739
1.14396
1.14228
1.14324
1.14799
1.15719
1.17052
1.1867
1.20414
1.22147
1.23754
1.25138
1.26186
1.26823
1.27042
1.26891
1.26423
1.2567
1.24642
1.23361
1.21872
1.20227
1.18458
1.16578
1.14604
1.126
1.1071
1.09131
1.08082
1.07765
1.08313
1.09725
1.11859
1.14452
1.17156
1.19619
1.21544
1.22709
1.23024
1.22544
1.21482
1.20172
1.19004
1.18317
1.18283
1.18871
1.19877
1.20968
1.21787
1.22006
1.21383
1.19787
1.1724
1.13904
1.10066
1.06131
1.0258
0.998823
0.983741
0.981549
0.990761
1.00834
1.03137
1.05807
1.08771
1.11951
1.15163
1.181
1.20444
1.22018
1.22857
1.23183
1.2327
1.23337
1.23487
1.23735
1.24061
1.24428
1.24767
1.24968
1.24911
1.24555
1.2402
1.23562
1.23356
1.2324
1.2277
1.21533
1.19378
1.16398
1.12827
1.09026
1.05499
1.02854
1.0157
1.0175
1.03129
1.05276
1.07774
1.10225
1.12238
1.13498
1.13843
1.13312
1.12119
1.10604
1.09171
1.08214
1.08069
1.09001
1.11176
1.14575
1.18873
1.23416
1.27397
1.30152
1.31378
1.31156
1.29815
1.27714
1.25086
1.22074
1.18833
1.15627
1.12832
1.10824
1.09831
1.09838
1.10583
1.11668
1.12685
1.13351
1.1356
1.13409
1.13152
1.13127
1.13614
1.14732
1.16395
1.18357
1.20311
1.21946
1.23012
1.2337
1.22993
1.21952
1.20389
1.18488
1.16451
1.14491
1.128
1.1154
1.10805
1.10608
1.1086
1.11402
1.12052
1.12662
1.13151
1.13528
1.13866
1.14265
1.14796
1.1548
1.16283
1.17141
1.17969
1.18701
1.19263
1.19593
1.19657
1.1947
1.19103
1.18669
1.18292
1.18051
1.17943
1.17849
1.17566
1.16885
1.15677
1.1394
1.11798
1.09451
1.07129
1.05064
1.0348
1.02575
1.02501
1.03322
1.04991
1.07356
1.10192
1.13247
1.1628
1.19063
1.2141
1.23168
1.24268
1.24733
1.24664
1.24213
1.23549
1.22836
1.22224
1.21854
1.21849
1.22289
1.23149
1.24231
1.25195
1.25621
1.25147
1.23572
1.20918
1.17389
1.13322
1.09145
1.05339
1.02388
1.00646
1.00248
1.01095
1.0293
1.05453
1.08415
1.1162
1.14902
1.18072
1.2091
1.23197
1.2474
1.25415
1.25176
1.24077
1.22304
1.20169
1.18092
1.16503
1.15712
1.15818
1.1669
1.18009
1.19364
1.20386
1.20889
1.20942
1.20766
1.20563
1.20388
1.20193
1.19941
1.19641
1.19325
1.1899
1.18582
1.18034
1.17293
1.16354
1.1525
1.14054
1.12866
1.11826
1.11094
1.1084
1.11189
1.12166
1.13698
1.15602
1.17618
1.19425
1.20702
1.21212
1.20871
1.19767
1.18144
1.16336
1.14677
1.13405
1.1263
1.12356
1.12507
1.12984
1.13687
1.1453
1.15434
1.16326
1.17142
1.17817
1.18289
1.18496
1.18362
1.17815
1.16793
1.15291
1.13395
1.11295
1.0922
1.07401
1.06037
1.05288
1.05242
1.0587
1.07046
1.08609
1.10456
1.12576
1.15004
1.17675
1.20339
1.22581
1.23995
1.2433
1.23592
1.22047
1.20164
1.18505
1.1754
1.17487
1.18242
1.19439
1.20592
1.2125
1.21093
1.20002
1.18077
1.15623
1.13072
1.10889
1.09435
1.08873
1.09138
1.1001
1.11207
1.12476
1.13642
1.14628
1.15378
1.15808
1.15782
1.15178
1.13989
1.12374
1.10669
1.09295
1.08632
1.08884
1.10016
1.11825
1.14061
1.16515
1.19014
1.21392
1.23443
1.24953
1.25752
1.25745
1.2492
1.23363
1.21261
1.18903
1.16648
1.14886
1.13922
1.13902
1.14769
1.163
1.1817
1.20055
1.21714
1.23038
1.24048
1.24836
1.25499
1.26064
1.26485
1.2668
1.26572
1.26117
1.25323
1.24245
1.2294
1.2146
1.19814
1.17976
1.15915
1.13609
1.1108
1.08405
1.0571
1.03192
1.01099
0.996799
0.991027
0.993969
1.00463
1.02126
1.04192
1.06485
1.08839
1.11096
1.13115
1.14784
1.16062
1.16957
1.17527
1.17862
1.18069
1.18271
1.18608
1.19201
1.20097
1.21204
1.22283
1.23043
1.23266
1.22931
1.22193
1.21293
1.20428
1.19708
1.19189
1.18918
1.18921
1.19202
1.19719
1.20371
1.21002
1.21414
1.21389
1.20746
1.19401
1.17403
1.14929
1.12256
1.09711
1.07595
1.06121
1.05389
1.05417
1.06159
1.07533
1.09447
1.1179
1.14419
1.17141
1.19699
1.21826
1.2329
1.23952
1.23809
1.22962
1.21548
1.19695
1.17515
1.1512
1.12658
1.10352
1.08446
1.07179
1.06718
1.07124
1.08351
1.10244
1.12586
1.15144
1.17739
1.20273
1.22712
1.24992
1.26954
1.28359
1.28984
1.28714
1.27564
1.2566
1.23202
1.20449
1.17678
1.15155
1.1308
1.11596
1.10784
1.10662
1.11139
1.12022
1.13055
1.14018
1.148
1.15416
1.15968
1.16576
1.17335
1.18261
1.19289
1.20283
1.21063
1.21457
1.21327
1.20577
1.19177
1.17179
1.14765
1.12266
1.10142
1.08842
1.08636
1.09518
1.11234
1.13423
1.15737
1.17912
1.19807
1.21376
1.2264
1.23643
1.24394
1.24842
1.2491
1.24512
1.23593
1.22152
1.20257
1.18049
1.15722
1.13513
1.11671
1.10387
1.09734
1.09662
1.10031
1.10669
1.11433
1.12232
1.13024
1.138
1.1454
1.15176
1.15588
1.15618
1.15127
1.14075
1.12594
1.11013
1.09789
1.0933
1.09826
1.11173
1.13061
1.15107
1.16971
1.18416
1.19327
1.19685
1.19535
1.18963
1.18071
1.1699
1.15894
1.14985
1.14457
1.14457
1.15028
1.16066
1.17355
1.18601
1.19533
1.19985
1.19967
1.19641
1.19207
1.18727
1.18034
1.16836
1.14959
1.12526
1.09998
1.08036
1.07251
1.07891
1.09757
1.12393
1.15346
1.18304
1.21089
1.23585
1.25685
1.27267
1.28193
1.2833
1.27588
1.25954
1.23517
1.20486
1.17166
1.13901
1.10973
1.08531
1.06607
1.05198
1.04308
1.03959
1.04165
1.04887
1.06023
1.07422
1.08924
1.1039
1.11717
1.12835
1.13719
1.14403
1.14978
1.15565
1.16271
1.1712
1.18036
1.18877
1.1951
1.19838
1.19812
1.19425
1.18721
1.17797
1.1679
1.15853
1.15121
1.14665
1.14496
1.1461
1.1501
1.15726
1.16769
1.18092
1.1958
1.21115
1.2262
1.2403
1.25257
1.26159
1.26558
1.26297
1.25327
1.23726
1.21692
1.19483
1.17351
1.15499
1.14048
1.13005
1.12309
1.11887
1.11722
1.11886
1.1249
1.13593
1.15104
1.16778
1.18294
1.19373
1.19829
1.19559
1.18537
1.16826
1.14606
1.12168
1.09873
1.08063
1.06995
1.0678
1.07369
1.08574
1.10139
1.1183
1.13502
1.15112
1.16668
1.18164
1.19517
1.20591
1.21221
1.2129
1.20794
1.19872
1.18791
1.17856
1.17286
1.17132
1.17288
1.17563
1.17778
1.17829
1.17709
1.17488
1.17279
1.17197
1.173
1.17561
1.17852
1.17993
1.17816
1.1724
1.16327
1.15287
1.14411
1.13951
1.14033
1.14599
1.15446
1.16326
1.17027
1.1741
1.17395
1.16969
1.16199
1.15236
1.14269
1.13492
1.13058
1.1305
1.13481
1.1429
1.15372
1.16588
1.17793
1.1886
1.19717
1.20359
1.20872
1.21382
1.21986
1.22683
1.23348
1.23778
1.23763
1.23168
1.21989
1.20352
1.18479
1.16635
1.15033
1.13772
1.128
1.11966
1.11093
1.10063
1.0886
1.07619
1.06606
1.06122
1.06401
1.07498
1.09262
1.11372
1.13457
1.15187
1.16343
1.16808
1.1656
1.15628
1.1408
1.12029
1.09651
1.07196
1.04974
1.03292
1.02377
1.02328
1.0312
1.0466
1.06812
1.09407
1.12229
1.15011
1.17474
1.19383
1.20588
1.21024
1.2073
1.19829
1.18534
1.17121
1.1589
1.15116
1.15
1.1562
1.16904
1.18642
1.20569
1.22417
1.23973
1.25098
1.25737
1.25921
1.25754
1.25364
1.24854
1.24253
1.23514
1.22537
1.21246
1.196
1.17629
1.15419
1.13143
1.11044
1.09394
1.0843
1.08272
1.08887
1.10119
1.1175
1.13565
1.15358
1.16952
1.18209
1.19048
1.19461
1.19486
1.1918
1.18606
1.17839
1.16982
1.16151
1.15439
1.1487
1.14386
1.13867
1.13213
1.12378
1.114
1.10382
1.09459
1.08787
1.08491
1.08625
1.09152
1.09961
1.10905
1.11823
1.12584
1.1311
1.13393
1.1352
1.13671
1.14078
1.14973
1.16507
1.18687
1.21372
1.24295
1.27116
1.29501
1.3117
1.31932
1.31703
1.305
1.28457
1.25865
1.23138
1.20735
1.18992
1.18005
1.17647
1.17649
1.17713
1.17568
1.1703
1.16046
1.14702
1.13201
1.11815
1.10807
1.10317
1.1031
1.10606
1.10983
1.11278
1.11466
1.11652
1.12036
1.12834
1.14197
1.16162
1.18626
1.21353
1.24042
1.26391
1.28153
1.29169
1.29358
1.28725
1.27355
1.25391
1.23017
1.20425
1.17787
1.15231
1.12846
1.10695
1.08847
1.07357
1.06234
1.05415
1.04778
1.04197
1.0363
1.03153
1.02938
1.03162
1.039
1.0507
1.06438
1.07691
1.08536
1.08818
1.08567
1.08033
1.07646
1.0788
1.09104
1.11426
1.14666
1.18407
1.22151
1.25451
1.28009
1.29715
1.30614
1.30863
1.30685
1.30295
1.29865
1.29505
1.29236
1.28989
1.28607
1.27893
1.26672
1.24815
1.22285
1.1914
1.15556
1.11823
1.08308
1.05385
1.03346
1.02333
1.02315
1.03118
1.04501
1.06228
1.08121
1.10076
1.12051
1.14035
1.1604
1.1808
1.20145
1.22199
1.24168
1.25953
1.27434
1.28472
1.28911
1.28593
1.27429
1.25451
1.22832
1.19855
1.16844
1.1407
1.11687
1.09723
1.08099
1.06695
1.05419
1.04253
1.03275
1.02607
1.02371
1.02644
1.03439
1.0472
1.06412
1.08418
1.1062
1.12873
1.14993
1.16783
1.18073
1.18757
1.18824
1.18367
1.17562
1.16637
1.15826
1.1531
1.15184
1.1545
1.16036
1.16831
1.1773
1.18678
1.19686
1.20812
1.22128
1.23655
1.2529
1.26815
1.27951
1.28447
1.2818
1.27182
1.25634
1.23804
1.2193
1.20117
1.18328
1.16494
1.14598
1.12709
1.10946
1.09448
1.0837
1.07877
1.08103
1.0909
1.1071
1.12664
1.14567
1.16053
1.16903
1.17097
1.16804
1.16292
1.15816
1.15522
1.15453
1.1555
1.15743
1.15999
1.16318
1.16716
1.17196
1.17738
1.18318
1.18907
1.19496
1.20077
1.20625
1.21106
1.21475
1.21662
1.21543
1.20968
1.19812
1.18073
1.15932
1.1375
1.11965
1.10957
1.10903
1.11708
1.13049
1.14474
1.15556
1.16019
1.15798
1.15029
1.13974
1.12931
1.12175
1.11899
1.12207
1.1309
1.14442
1.16061
1.17707
1.19137
1.20143
1.20562
1.20297
1.19369
1.17952
1.16364
1.14972
1.14067
1.13772
1.13998
1.14538
1.15157
1.15676
1.15997
1.16112
1.16129
1.16234
1.16641
1.17487
1.1876
1.20267
1.21686
1.22684
1.23011
1.22558
1.21356
1.19534
1.17285
1.14857
1.12537
1.10615
1.09329
1.08804
1.09024
1.09843
1.11035
1.12362
1.1362
1.14679
1.15486
1.16063
1.16492
1.16883
1.17333
1.17886
1.18507
1.1908
1.19457
1.19521
1.19244
1.18689
1.18001
1.17361
1.16941
1.16892
1.17303
1.18151
1.19283
1.20448
1.21378
1.21852
1.21718
1.20895
1.19386
1.17314
1.14949
1.12692
1.10955
1.10001
1.09846
1.10334
1.11233
1.12333
1.13457
1.14463
1.15239
1.15699
1.15786
1.15493
1.14863
1.14012
1.13136
1.12475
1.12258
1.12606
1.13495
1.14764
1.16168
1.17454
1.1842
1.18935
1.18951
1.185
1.1767
1.16644
1.15675
1.15002
1.14717
1.14703
1.14707
1.14503
1.13999
1.13266
1.12513
1.11969
1.11767
1.11895
1.12219
1.12585
1.1289
1.13094
1.13211
1.13269
1.13319
1.13405
1.13556
1.13767
1.13965
1.14048
1.13906
1.13469
1.12777
1.11972
1.11272
1.10919
1.1114
1.12078
1.13762
1.16071
1.18756
1.21493
1.23951
1.25863
1.27077
1.27566
1.27416
1.26783
1.25863
1.24826
1.23804
1.22912
1.22276
1.22003
1.22105
1.22422
1.2266
1.22509
1.21776
1.20452
1.18689
1.16719
1.1477
1.13007
1.11508
1.10289
1.0935
1.08688
1.08281
1.08074
1.08004
1.08088
1.08483
1.09424
1.11067
1.13369
1.1608
1.1884
1.21289
1.23152
1.24273
1.2461
1.24217
1.23198
1.21663
1.19721
1.17469
1.15022
1.12527
1.10169
1.08147
1.06633
1.05756
1.05604
1.06233
1.07663
1.09857
1.12707
1.16017
1.19493
1.22777
1.25499
1.27347
1.28103
1.27673
1.26093
1.23503
1.2014
1.16323
1.12459
1.0903
1.06533
1.05382
1.05797
1.07726
1.10822
1.14547
1.18294
1.21529
1.23861
1.25078
1.25128
1.2407
1.22067
1.19377
1.16366
1.13482
1.1116
1.09711
1.09239
1.09664
1.10767
1.12234
1.13727
1.1496
1.15769
1.16131
1.16116
1.15825
1.15344
1.14744
1.14126
1.1363
1.13415
1.13608
1.14239
1.15216
1.16331
1.17318
1.17926
1.18006
1.17574
1.1683
1.16043
1.15398
1.14867
1.1428
1.13488
1.12477
1.11381
1.10461
1.10018
1.10322
1.11507
1.13495
1.16003
1.18618
1.20894
1.22422
1.22884
1.22069
1.19913
1.16528
1.12203
1.07383
1.02621
0.985004
0.955464
0.941489
0.944886
0.965093
0.999435
1.04403
1.09475
1.14786
1.20053
1.25061
1.29651
1.33676
1.36974
1.39374
1.40733
1.40955
1.40028
1.3803
1.35143
1.31617
1.2775
1.23861
1.2027
1.17223
1.14835
1.13073
1.11812
1.10911
1.10239
1.09695
1.09195
1.08661
1.08069
1.07447
1.06885
1.06521
1.06511
1.07005
1.08093
1.09766
1.11878
1.14179
1.16375
1.18226
1.1961
1.20497
1.20907
1.20896
1.2057
1.20059
1.19446
1.18767
1.18046
1.17381
1.16979
1.17062
1.17736
1.18882
1.20161
1.21123
1.21373
1.20715
1.19215
1.17166
1.14973
1.12995
1.11471
1.10529
1.10229
1.10597
1.11632
1.13274
1.15405
1.17855
1.20433
1.22955
1.25256
1.27155
1.28433
1.2886
1.28254
1.2658
1.24009
1.20913
1.17744
1.14902
1.12632
1.11043
1.10133
1.09801
1.09854
1.10013
1.09969
1.09487
1.08489
1.07119
1.05712
1.04714
1.04528
1.05386
1.07283
1.09985
1.13086
1.1612
1.1866
1.20417
1.21303
1.21443
1.21074
1.2041
1.19565
1.18579
1.17465
1.16232
1.14906
1.13538
1.12237
1.11176
1.10534
1.10423
1.10848
1.11703
1.12813
1.13997
1.15114
1.16067
1.16797
1.17279
1.17499
1.17446
1.17137
1.16626
1.16004
1.15368
1.14781
1.14262
1.13794
1.13382
1.131
1.13107
1.13603
1.14763
1.16647
1.19149
1.21985
1.24759
1.27075
1.28573
1.28991
1.28148
1.25946
1.22428
1.17831
1.12673
1.0777
1.04026
1.02041
1.01826
1.02918
1.04799
1.07134
1.09749
1.12515
1.15277
1.17848
1.20065
1.21832
1.23163
1.2417
1.25017
1.25872
1.2682
1.2779
1.28547
1.28747
1.28059
1.26295
1.23513
1.2003
1.16319
1.12852
1.09965
1.07812
1.06429
1.05816
1.05945
1.06714
1.0789
1.09153
1.10199
1.10818
1.10928
1.10566
1.09844
1.08918
1.07992
1.07296
1.07055
1.07447
1.08561
1.10355
1.12652
1.1517
1.17599
1.1968
1.21259
1.22317
1.22918
1.23157
1.23118
1.22856
1.22447
1.22014
1.21737
1.21793
1.22285
1.23146
1.2411
1.24795
1.24822
1.23965
1.22198
1.19695
1.16767
1.13814
1.11248
1.09435
1.08626
1.08922
1.10257
1.12409
1.1507
1.17874
1.20461
1.225
1.23731
1.23989
1.23267
1.2176
1.19853
1.18065
1.16902
1.16672
1.17376
1.18711
1.20212
1.21402
1.2195
1.21696
1.20669
1.19032
1.17027
1.14908
1.12909
1.11252
1.10142
1.09726
1.10011
1.10838
1.1193
1.12999
1.13816
1.1425
1.14272
1.13955
1.13448
1.12906
1.12382
1.11799
1.11031
1.10023
1.08851
1.07702
1.06763
1.06144
1.05847
1.0579
1.05853
1.05955
1.06111
1.06441
1.07124
1.08308
1.10011
1.12089
1.14315
1.16464
1.18383
1.20006
1.21343
1.22439
1.23338
1.2406
1.24575
1.24793
1.24611
1.23963
1.2291
1.21676
1.20599
1.20031
1.20206
1.21157
1.22683
1.24407
1.25929
1.26931
1.27268
1.26971
1.26172
1.25038
1.23699
1.22238
1.20687
1.19076
1.1748
1.1603
1.14916
1.14295
1.14229
1.14639
1.15315
1.15995
1.16475
1.16685
1.16692
1.16606
1.16485
1.16311
1.16022
1.15586
1.15038
1.1446
1.13942
1.13578
1.13436
1.13539
1.13826
1.14143
1.14304
1.14147
1.13589
1.12642
1.11429
1.10157
1.09037
1.0822
1.07758
1.0764
1.07844
1.08368
1.09241
1.10498
1.12104
1.13925
1.15693
1.17073
1.17759
1.17592
1.16599
1.14971
1.13034
1.11168
1.09708
1.08871
1.08724
1.09179
1.10052
1.11104
1.12101
1.12869
1.13341
1.1359
1.13826
1.14342
1.15399
1.17104
1.19324
1.21735
1.23956
1.25676
1.26721
1.27065
1.26774
1.25967
1.24783
1.23393
1.21982
1.20697
1.19609
1.18719
1.17967
1.17301
1.16703
1.16192
1.15792
1.1551
1.15333
1.15231
1.15195
1.15228
1.15349
1.15547
1.15806
1.16116
1.16489
1.16948
1.17503
1.18135
1.18784
1.19359
1.1975
1.19841
1.19532
1.18755
1.17492
1.15794
1.13783
1.11667
1.09728
1.0825
1.07426
1.07279
1.07654
1.08313
1.09035
1.09695
1.10279
1.10826
1.1136
1.11844
1.12185
1.12267
1.12025
1.1148
1.1075
1.10036
1.09588
1.0964
1.10342
1.11724
1.13673
1.15945
1.18223
1.20182
1.21549
1.22164
1.22013
1.21248
1.20186
1.19239
1.18807
1.1915
1.20321
1.22164
1.24389
1.26626
1.28488
1.29631
1.29805
1.28902
1.26967
1.24206
1.20956
1.17622
1.14584
1.12118
1.10394
1.09495
1.09397
1.09968
1.1099
1.12216
1.13421
1.14425
1.1508
1.15262
1.14887
1.13949
1.12552
1.10881
1.09149
1.07565
1.0631
1.05554
1.05464
1.06195
1.07807
1.10171
1.12949
1.15683
1.17916
1.19321
1.19761
1.1932
1.18276
1.1703
1.15968
1.15353
1.15269
1.15634
1.16289
1.17086
1.17939
1.18838
1.19819
1.20932
1.2217
1.23446
1.24552
1.25214
1.2515
1.24183
1.22299
1.19688
1.16685
1.13677
1.11016
1.08947
1.07605
1.07042
1.07228
1.08054
1.09317
1.10747
1.12068
1.1307
1.13658
1.13856
1.13763
1.13518
1.13248
1.1307
1.13089
1.13396
1.14039
1.14985
1.16133
1.17333
1.18463
1.19446
1.20256
1.20897
1.21375
1.21691
1.21845
1.21847
1.21706
1.21428
1.21024
1.205
1.19852
1.19075
1.18144
1.17026
1.15687
1.14135
1.12445
1.10787
1.09394
1.08497
1.08263
1.0872
1.09734
1.1104
1.1231
1.1324
1.13614
1.13327
1.12389
1.10915
1.0914
1.07426
1.06225
1.05987
1.07022
1.09381
1.12841
1.16986
1.21315
1.25346
1.28689
1.31086
1.32415
1.32667
1.3192
1.30337
1.28151
1.25641
1.23079
1.2065
1.18429
1.16394
1.14516
1.12812
1.11357
1.10266
1.09643
1.09536
1.09912
1.10669
1.11675
1.12787
1.13899
1.14956
1.15944
1.16884
1.17798
1.18674
1.19432
1.19914
1.19921
1.19283
1.17951
1.16053
1.13874
1.11796
1.10157
1.09148
1.08801
1.0906
1.09868
1.11193
1.12986
1.15133
1.17447
1.19699
1.21674
1.23229
1.24292
1.24877
1.25049
1.249
1.24505
1.23895
1.23033
1.21849
1.20287
1.1836
1.16182
1.1395
1.11892
1.10203
1.09002
1.08319
1.08112
1.08291
1.0874
1.09341
1.10007
1.10678
1.11337
1.11981
1.12623
1.13295
1.14043
1.14923
1.15953
1.17075
1.18159
1.19021
1.19491
1.19469
1.18936
1.1795
1.16621
1.15079
1.13461
1.11929
1.1068
1.09934
1.09885
1.10614
1.12043
1.13947
1.16001
1.17846
1.19149
1.19633
1.19147
1.17699
1.15492
1.12931
1.10532
1.08779
1.07975
1.08191
1.09301
1.11029
1.13067
1.15175
1.17207
1.19059
1.20629
1.21791
1.22427
1.22472
1.21933
1.20901
1.1953
1.18011
1.16554
1.15375
1.14678
1.146
1.15175
1.16312
1.17792
1.19308
1.20532
1.21201
1.21185
1.20514
1.19381
1.1804
1.16687
1.15394
1.14161
1.12993
1.11984
1.11307
1.11136
1.11563
1.12549
1.1393
1.15487
1.16988
1.1824
1.19098
1.19475
1.19341
1.18738
1.17808
1.16806
1.16011
1.15613
1.15618
1.15851
1.16063
1.16043
1.15693
1.15082
1.14433
1.14069
1.14303
1.15284
1.16897
1.18798
1.20565
1.21833
1.22378
1.2214
1.21184
1.19667
1.17791
1.15778
1.1387
1.1229
1.11201
1.10672
1.10641
1.10917
1.11241
1.11376
1.11193
1.10736
1.1022
1.09955
1.1024
1.11255
1.13024
1.15421
1.18238
1.21223
1.24102
1.266
1.28454
1.29456
1.29507
1.28659
1.27099
1.25076
1.22817
1.20467
1.18103
1.15766
1.13514
1.11469
1.09831
1.08844
1.08713
1.09506
1.11081
1.13124
1.15239
1.17033
1.18206
1.18589
1.18146
1.1697
1.15268
1.13299
1.11354
1.097
1.08541
1.07988
1.08056
1.08675
1.0971
1.10954
1.12182
1.13194
1.13883
1.14251
1.14388
1.14415
1.14425
1.1448
1.14611
1.14863
1.15326
1.16141
1.17457
1.19338
1.21662
1.24123
1.26332
1.27955
1.28764
1.28652
1.27589
1.25631
1.22921
1.19715
1.16388
1.13385
1.1112
1.0987
1.09708
1.10496
1.1192
1.13568
1.15015
1.15904
1.16014
1.15296
1.13876
1.12028
1.1013
1.08592
1.07734
1.07687
1.08361
1.09513
1.10874
1.12252
1.13553
1.14741
1.15779
1.16585
1.17053
1.17096
1.16721
1.16065
1.15389
1.14984
1.15056
1.15645
1.16636
1.17825
1.19024
1.201
1.20965
1.2157
1.21898
1.21968
1.21828
1.2154
1.21165
1.20751
1.20346
1.19994
1.1973
1.19578
1.1955
1.19627
1.19764
1.1988
1.19886
1.19728
1.19396
1.18911
1.18261
1.17413
1.16331
1.1503
1.13603
1.12227
1.11126
1.10489
1.10434
1.10968
1.11994
1.13334
1.14773
1.16099
1.17129
1.17734
1.17854
1.1751
1.16783
1.15812
1.14755
1.13778
1.1304
1.12683
1.12782
1.13288
1.14025
1.14728
1.15142
1.15111
1.14647
1.13921
1.13207
1.12786
1.12841
1.13392
1.1432
1.15434
1.16547
1.17541
1.18359
1.18981
1.19395
1.19554
1.19374
1.18764
1.17667
1.1611
1.14236
1.12291
1.10578
1.09393
1.08941
1.09296
1.10403
1.12105
1.14208
1.16517
1.18848
1.21039
1.22919
1.24321
1.25104
1.25185
1.2456
1.23302
1.21547
1.19483
1.17335
1.15341
1.13718
1.12618
1.12097
1.12073
1.12321
1.12546
1.12497
1.12072
1.11347
1.10509
1.09759
1.09232
1.08965
1.08962
1.09278
1.10065
1.1153
1.13814
1.1689
1.20529
1.24351
1.27924
1.30846
1.32815
1.33638
1.33232
1.31639
1.29028
1.25707
1.22156
1.18972
1.16701
1.1561
1.15557
1.16125
1.1687
1.17515
1.17957
1.18151
1.18015
1.17439
1.16375
1.14952
1.13549
1.12718
1.12912
1.14197
1.16155
1.18081
1.19286
1.19333
1.18119
1.15823
1.12805
1.09483
1.06266
1.03494
1.01425
1.00215
0.999134
1.00458
1.01685
1.03367
1.05302
1.0737
1.09525
1.1176
1.14012
1.16137
1.17921
1.19177
1.19823
1.19942
1.19746
1.19493
1.19393
1.19562
1.20037
1.20804
1.21829
1.23073
1.24485
1.25971
1.27392
1.28553
1.29201
1.29097
1.28078
1.26144
1.2348
1.20436
1.17417
1.14806
1.12858
1.11646
1.11053
1.10818
1.10672
1.1043
1.10061
1.09687
1.09503
1.09684
1.10369
1.11655
1.13581
1.16032
1.18699
1.21149
1.22933
1.23707
1.23301
1.21771
1.19406
1.16676
1.14115
1.12208
1.11313
1.11614
1.13085
1.15491
1.18411
1.21391
1.24044
1.26091
1.27335
1.27623
1.26861
1.25076
1.22455
1.19313
1.15974
1.12644
1.09388
1.06218
1.03236
1.00667
0.988442
0.981337
0.987991
1.009
1.04249
1.0846
1.13051
1.17564
1.21637
1.25031
1.27606
1.29304
1.30107
1.30038
1.29152
1.27575
1.25496
1.23158
1.20838
1.18785
1.17173
1.16076
1.155
1.15417
1.15778
1.16469
1.17242
1.17731
1.17586
1.16611
1.14876
1.12742
1.10769
1.0951
1.09278
1.10025
1.11396
1.12928
1.14237
1.15112
1.15544
1.15702
1.15834
1.16172
1.16853
1.1786
1.19059
1.20257
1.21273
1.21988
1.22348
1.22339
1.21989
1.21353
1.20523
1.19624
1.18777
1.18071
1.17537
1.17166
1.16918
1.16755
1.16656
1.16576
1.16425
1.16082
1.15435
1.14428
1.13119
1.11659
1.10246
1.09021
1.08014
1.0717
1.06414
1.0573
1.05202
1.04987
1.05248
1.06096
1.07541
1.09512
1.11896
1.14537
1.17226
1.19712
1.2174
1.23112
1.23753
1.23714
1.23129
1.2217
1.20994
1.19733
1.18504
1.17418
1.16583
1.16114
1.16126
1.16685
1.17776
1.19262
1.20888
1.22325
1.23255
1.23449
1.22845
1.21556
1.19838
1.18005
1.16336
1.15004
1.14048
1.13394
1.12917
1.12504
1.12107
1.11792
1.1173
1.12121
1.13093
1.14614
1.16484
1.18413
1.20124
1.21417
1.22197
1.2243
1.22106
1.21216
1.19756
1.17751
1.15291
1.12564
1.09879
1.07627
1.06213
1.05923
1.06829
1.08778
1.11462
1.14519
1.17597
1.20366
1.22523
1.23805
1.24026
1.23118
1.21159
1.18375
1.15107
1.1174
1.08624
1.06015
1.04056
1.02802
1.02255
1.02398
1.03233
1.048
1.07138
1.10209
1.13814
1.1756
1.20926
1.23392
1.246
1.24464
1.232
1.21266
1.19207
1.17471
1.1624
1.15426
1.14774
1.14028
1.13078
1.12024
1.11155
1.10833
1.11334
1.12741
1.14925
1.17632
1.20576
1.23483
1.26113
1.28243
1.29669
1.3021
1.29762
1.28358
1.26174
1.23474
1.20548
1.17669
1.15087
1.12992
1.11467
1.10475
1.09903
1.09693
1.09888
1.10653
1.12162
1.14438
1.17283
1.20346
1.23217
1.25528
1.27004
1.27451
1.26775
1.24946
1.22028
1.18214
1.13823
1.09272
1.05033
1.01597
0.994861
0.992744
1.01425
1.05913
1.11995
1.18486
1.2429
1.28709
1.31434
1.32421
1.31806
1.29846
1.26945
1.2363
1.20498
1.18061
1.16593
1.16056
1.16186
1.16648
1.17158
1.17539
1.17724
1.17753
1.17704
1.17633
1.17538
1.17369
1.17069
1.16646
1.16196
1.15878
1.15845
1.16144
1.16677
1.17234
1.17569
1.17489
1.16872
1.15697
1.14021
1.11981
1.09785
1.07698
1.06004
1.04931
1.04595
1.04991
1.06018
1.07546
1.09466
1.11682
1.14087
1.16524
1.18786
1.20645
1.21899
1.22436
1.22283
1.21587
1.20587
1.19542
1.18688
1.18177
1.18069
1.1832
1.18802
1.19357
1.19845
1.20171
1.20271
1.20063
1.19444
1.18333
1.16734
1.14772
1.12679
1.10701
1.09017
1.07728
1.06886
1.06545
1.06774
1.07617
1.09024
1.10838
1.12821
1.14729
1.16374
1.17646
1.18498
1.18921
1.18944
1.18646
1.18166
1.17666
1.17255
1.16983
1.16802
1.16605
1.16275
1.15754
1.15102
1.14494
1.14153
1.14269
1.14939
1.1613
1.1769
1.19391
1.20994
1.2232
1.23259
1.23761
1.23797
1.23339
1.22362
1.20854
1.18854
1.16475
1.13931
1.11522
1.09593
1.08445
1.08263
1.0905
1.1063
1.12684
1.14868
1.16895
1.18582
1.19856
1.20704
1.21123
1.21096
1.20592
1.19589
1.18137
1.16385
1.14576
1.13017
1.12001
1.11709
1.12141
1.13113
1.14367
1.15664
1.16848
1.17831
1.18568
1.19022
1.19173
1.19043
1.18711
1.18312
1.17986
1.17829
1.1784
1.17915
1.17899
1.17634
1.1699
1.15892
1.14351
1.12501
1.10604
1.09
1.08
1.07768
1.08281
1.09355
1.10746
1.12218
1.13575
1.14661
1.15359
1.15605
1.15415
1.14918
1.14337
1.13928
1.13877
1.14214
1.14836
1.15575
1.16274
1.16821
1.17134
1.17193
1.1708
1.17016
1.17268
1.17953
1.18907
1.19827
1.2051
1.2095
1.21251
1.21536
1.21845
1.22109
1.22147
1.21761
1.20805
1.19256
1.17238
1.14967
1.12671
1.10528
1.08655
1.07139
1.06063
1.0554
1.05713
1.06695
1.08475
1.10879
1.13592
1.16263
1.18605
1.20443
1.21701
1.22423
1.22726
1.22748
1.22613
1.22411
1.2218
1.21905
1.21532
1.20985
1.20178
1.19027
1.17452
1.15433
1.13034
1.10449
1.07949
1.05833
1.04362
1.03701
1.03892
1.0487
1.06493
1.08579
1.10929
1.13334
1.15587
1.17526
1.19049
1.20111
1.20753
1.21089
1.21296
1.21579
1.22113
1.23004
1.24256
1.25746
1.27208
1.28295
1.28637
1.27959
1.26186
1.23491
