0.801732
0.802124
0.80197
0.802143
0.803295
0.80589
0.810011
0.815117
0.819858
0.822197
0.819929
0.811346
0.795852
0.774299
0.749074
0.723653
0.701592
0.685391
0.676304
0.674924
0.681581
0.696301
0.718293
0.745563
0.775019
0.802824
0.825234
0.839321
0.843509
0.837768
0.823485
0.803221
0.780307
0.758549
0.741772
0.733257
0.734953
0.746904
0.767054
0.791788
0.816838
0.838162
0.852804
0.859457
0.858349
0.850798
0.838673
0.82356
0.806481
0.78821
0.769721
0.752702
0.739356
0.731514
0.729779
0.73313
0.739529
0.747033
0.754783
0.763103
0.772415
0.782112
0.790349
0.795036
0.794886
0.790069
0.7821
0.773133
0.765205
0.759587
0.756482
0.755075
0.754142
0.752636
0.750257
0.747635
0.746044
0.746983
0.751487
0.759725
0.770773
0.782748
0.793288
0.800396
0.80296
0.80122
0.796628
0.791162
0.786611
0.78428
0.784916
0.788683
0.794848
0.801624
0.806662
0.807575
0.802416
0.790175
0.771038
0.746647
0.720145
0.695775
0.677937
0.670125
0.673851
0.68838
0.711218
0.738871
0.767686
0.794366
0.81635
0.83198
0.840478
0.8419
0.837041
0.827089
0.813596
0.798358
0.783326
0.770476
0.761505
0.757604
0.759222
0.765806
0.775724
0.786586
0.795828
0.801515
0.802839
0.800309
0.795212
0.788717
0.781262
0.772098
0.75968
0.742683
0.721442
0.69914
0.681283
0.672909
0.675634
0.687762
0.706386
0.728822
0.752807
0.77643
0.798129
0.816696
0.831329
0.841612
0.847545
0.849667
0.848923
0.846307
0.84254
0.837774
0.831528
0.822866
0.81084
0.794859
0.775084
0.752544
0.729212
0.707791
0.691345
0.682734
0.684014
0.695749
0.716662
0.743801
0.773168
0.80061
0.822608
0.83673
0.841787
0.837839
0.825881
0.807617
0.785291
0.761546
0.739354
0.721772
0.711486
0.710079
0.717422
0.731526
0.749133
0.766785
0.781684
0.791974
0.796793
0.796224
0.791178
0.783283
0.774585
0.767108
0.762469
0.761672
0.764903
0.771598
0.78064
0.79059
0.80001
0.807671
0.812548
0.81383
0.810939
0.803385
0.791071
0.774468
0.754854
0.734407
0.716062
0.702893
0.697305
0.700288
0.711184
0.727973
0.747996
0.768611
0.787546
0.803115
0.814126
0.819798
0.819667
0.81362
0.802133
0.78655
0.769174
0.75296
0.740915
0.735236
0.736607
0.744106
0.755519
0.768053
0.7791
0.786729
0.78994
0.788561
0.783038
0.774316
0.764015
0.754458
0.748555
0.748853
0.756214
0.769217
0.78479
0.799687
0.811391
0.818527
0.820773
0.818674
0.813366
0.806494
0.799802
0.794731
0.792073
0.791944
0.793995
0.7976
0.801974
0.806353
0.809813
0.811486
0.810599
0.806632
0.79943
0.789299
0.77696
0.763384
0.749449
0.735665
0.722338
0.709892
0.699193
0.691584
0.688513
0.691047
0.699392
0.712813
0.729673
0.747819
0.765099
0.779789
0.790858
0.797918
0.801226
0.801546
0.799948
0.797485
0.794984
0.792966
0.791642
0.791123
0.791517
0.792934
0.795338
0.798474
0.801851
0.804779
0.80666
0.807088
0.805896
0.803151
0.799025
0.793723
0.787407
0.780172
0.772116
0.763365
0.754162
0.744905
0.736173
0.728569
0.722637
0.718812
0.717277
0.71804
0.721008
0.72611
0.733301
0.742626
0.754113
0.767446
0.781858
0.79612
0.808801
0.818616
0.824605
0.826498
0.824747
0.820378
0.814686
0.808749
0.803258
0.798473
0.794316
0.790493
0.786631
0.782558
0.778431
0.774702
0.772151
0.771786
0.77455
0.780962
0.790744
0.802667
0.814679
0.824447
0.83009
0.830679
0.826319
0.817868
0.8063
0.79231
0.776339
0.758861
0.740765
0.723422
0.708512
0.697726
0.692324
0.692913
0.699502
0.711728
0.728907
0.749866
0.772952
0.796135
0.817257
0.834503
0.846545
0.852644
0.85243
0.845804
0.832856
0.814132
0.790972
0.765739
0.741639
0.722036
0.709309
0.704134
0.705384
0.710842
0.718079
0.725037
0.730369
0.733512
0.734913
0.735723
0.737327
0.740858
0.746916
0.755745
0.767316
0.781077
0.795615
0.808836
0.818597
0.823384
0.822727
0.817331
0.808746
0.798905
0.789675
0.78244
0.777804
0.775621
0.775245
0.775964
0.777295
0.779054
0.781333
0.784292
0.787957
0.791982
0.795698
0.798214
0.798667
0.796477
0.791522
0.784194
0.775145
0.764907
0.753813
0.742046
0.729981
0.718532
0.709183
0.70359
0.703077
0.708149
0.718223
0.731811
0.746952
0.761588
0.773998
0.783144
0.78885
0.791951
0.794003
0.79664
0.800667
0.805475
0.809361
0.81029
0.806846
0.798941
0.787823
0.77561
0.764706
0.757205
0.754459
0.756944
0.764225
0.775054
0.787531
0.79953
0.80923
0.815524
0.818107
0.817419
0.814566
0.811053
0.80832
0.80715
0.807433
0.808344
0.80889
0.808419
0.806815
0.804393
0.801684
0.799149
0.797043
0.795269
0.7934
0.790837
0.787108
0.782156
0.776433
0.770997
0.767121
0.76577
0.766923
0.769202
0.770236
0.767537
0.759461
0.745801
0.728079
0.709263
0.693173
0.683413
0.682011
0.688584
0.700604
0.714791
0.728671
0.741475
0.753752
0.766159
0.778534
0.789882
0.798917
0.804686
0.806834
0.805718
0.802304
0.797883
0.793723
0.790892
0.790042
0.791361
0.794562
0.799034
0.803973
0.808586
0.812381
0.815139
0.816755
0.816942
0.815104
0.810426
0.802385
0.791492
0.779523
0.769312
0.763877
0.765107
0.772891
0.7852
0.798878
0.810841
0.818852
0.821856
0.819973
0.814158
0.805878
0.796671
0.7879
0.780417
0.774428
0.769568
0.765193
0.76063
0.755478
0.749681
0.743312
0.73629
0.728456
0.719915
0.71129
0.703772
0.698686
0.696986
0.698941
0.704159
0.712032
0.722012
0.733715
0.74674
0.760323
0.773148
0.783425
0.789374
0.790006
0.785524
0.777483
0.768366
0.760842
0.757069
0.758044
0.763355
0.771386
0.779799
0.786287
0.789298
0.788255
0.783558
0.776254
0.767783
0.759739
0.753758
0.751348
0.753581
0.760796
0.772335
0.786758
0.80222
0.816855
0.829105
0.837949
0.842984
0.844287
0.842156
0.836888
0.828891
0.81876
0.807357
0.79587
0.785505
0.77726
0.771667
0.768696
0.767922
0.768752
0.770676
0.773419
0.776839
0.780743
0.784736
0.788166
0.790168
0.789973
0.786933
0.780695
0.771245
0.758989
0.744749
0.729904
0.716186
0.705442
0.699201
0.698202
0.702183
0.709903
0.719351
0.728194
0.73434
0.736666
0.735258
0.731339
0.726787
0.723442
0.72259
0.724658
0.729328
0.736004
0.744155
0.753672
0.764784
0.777862
0.792973
0.809572
0.82633
0.841324
0.852516
0.858392
0.858335
0.852891
0.843536
0.832463
0.821907
0.81355
0.808056
0.804967
0.803045
0.800782
0.796975
0.791063
0.783268
0.774464
0.76613
0.759903
0.75717
0.758606
0.764036
0.772573
0.782925
0.793609
0.802986
0.809434
0.811675
0.809125
0.802214
0.792191
0.780797
0.769518
0.759368
0.7508
0.743987
0.738871
0.735375
0.733484
0.73344
0.735794
0.741203
0.749894
0.761153
0.773321
0.784381
0.79261
0.797123
0.797863
0.795388
0.79059
0.784386
0.777461
0.77031
0.763335
0.756996
0.75175
0.748047
0.746268
0.74666
0.749179
0.753525
0.759173
0.7655
0.771733
0.777169
0.781052
0.782663
0.78137
0.77693
0.7698
0.761352
0.75374
0.749396
0.750285
0.757265
0.769805
0.786227
0.804351
0.822128
0.837944
0.850559
0.858913
0.862087
0.859476
0.850854
0.836573
0.817642
0.795692
0.772918
0.751593
0.733496
0.719434
0.709084
0.701542
0.696188
0.693222
0.693576
0.698293
0.707868
0.721762
0.73849
0.756013
0.772124
0.784948
0.793337
0.797033
0.796691
0.793749
0.789978
0.787042
0.785995
0.786973
0.78942
0.792216
0.793881
0.792695
0.787163
0.776492
0.761045
0.742523
0.723631
0.707643
0.697623
0.69561
0.702076
0.715839
0.73447
0.755076
0.775059
0.792481
0.806226
0.816235
0.823254
0.828263
0.831882
0.833916
0.833545
0.829836
0.82243
0.811916
0.799647
0.787317
0.776438
0.7682
0.763637
0.763541
0.768253
0.777326
0.789602
0.803487
0.817231
0.829208
0.838042
0.842611
0.842012
0.835692
0.823624
0.806443
0.785545
0.763046
0.741491
0.723336
0.710261
0.702746
0.700091
0.701096
0.704604
0.710047
0.71747
0.727165
0.739241
0.753205
0.767899
0.781856
0.793586
0.801949
0.806143
0.805846
0.801241
0.792976
0.782014
0.769474
0.756404
0.74373
0.732343
0.723158
0.717237
0.715647
0.719116
0.727721
0.740674
0.756238
0.771944
0.78495
0.792721
0.793729
0.788107
0.777837
0.766257
0.756751
0.751629
0.751671
0.756519
0.76549
0.777827
0.792732
0.809207
0.825909
0.841146
0.85306
0.859883
0.860324
0.853823
0.840799
0.822676
0.801749
0.780715
0.762302
0.748782
0.741561
0.740953
0.746206
0.755724
0.767397
0.779098
0.788957
0.795504
0.797814
0.795653
0.789525
0.780592
0.770389
0.760508
0.752333
0.746712
0.74375
0.742911
0.743377
0.744515
0.74608
0.748144
0.750888
0.754265
0.758003
0.761718
0.765064
0.76779
0.769757
0.7709
0.771125
0.770289
0.768251
0.764925
0.760475
0.755284
0.749915
0.744971
0.741022
0.738495
0.737557
0.738318
0.740966
0.746064
0.754343
0.766345
0.78172
0.799001
0.815841
0.829626
0.838191
0.840227
0.835403
0.824322
0.808307
0.789398
0.770081
0.753011
0.740541
0.734185
0.734211
0.739825
0.749421
0.761107
0.773053
0.783696
0.792018
0.797578
0.80065
0.80195
0.802328
0.802303
0.801813
0.800047
0.795779
0.787875
0.775929
0.760564
0.743468
0.727043
0.713947
0.706529
0.706403
0.714091
0.728791
0.748282
0.769244
0.787921
0.801135
0.806974
0.805148
0.796942
0.784954
0.772468
0.76272
0.758113
0.759589
0.766495
0.777068
0.789085
0.800455
0.809613
0.815737
0.818769
0.819074
0.817192
0.813712
0.809273
0.804461
0.799741
0.795374
0.791604
0.788787
0.787305
0.787455
0.789219
0.792084
0.795055
0.796808
0.795894
0.791203
0.782224
0.769281
0.753438
0.736382
0.720104
0.70659
0.697327
0.692856
0.692557
0.694962
0.698422
0.701965
0.70566
0.710458
0.717584
0.727885
0.741434
0.757345
0.773914
0.789038
0.800739
0.807729
0.80971
0.807353
0.802007
0.795114
0.787956
0.781584
0.776847
0.774351
0.774405
0.776828
0.781097
0.786454
0.792066
0.797127
0.800897
0.802904
0.803
0.801421
0.798771
0.795909
0.793665
0.792795
0.793744
0.796756
0.801698
0.807918
0.814166
0.818764
0.820087
0.816969
0.80898
0.79642
0.780161
0.761664
0.742892
0.726078
0.713209
0.705573
0.703566
0.706802
0.714485
0.725665
0.739377
0.754573
0.770117
0.784915
0.798103
0.809104
0.817576
0.823278
0.826014
0.825685
0.822402
0.816606
0.808899
0.799783
0.789539
0.778051
0.764988
0.750138
0.733598
0.715969
0.69854
0.683093
0.671677
0.66624
0.668006
0.677016
0.69211
0.711123
0.73139
0.750424
0.766282
0.777848
0.784877
0.787871
0.787919
0.786331
0.784403
0.783082
0.782972
0.784412
0.787482
0.792209
0.798529
0.806249
0.815225
0.825254
0.835862
0.846271
0.855467
0.862354
0.865776
0.864909
0.859441
0.849734
0.836738
0.821658
0.80548
0.7886
0.771067
0.752987
0.734982
0.718262
0.704268
0.694257
0.689022
0.688702
0.693045
0.701641
0.713928
0.728932
0.745159
0.760736
0.774043
0.7842
0.791124
0.79503
0.796145
0.794699
0.791328
0.787302
0.784215
0.783442
0.785804
0.791297
0.799281
0.808542
0.817291
0.823318
0.824487
0.819347
0.807685
0.790744
0.771066
0.751866
0.736204
0.726141
0.722216
0.723456
0.727892
0.733418
0.738505
0.742554
0.745668
0.74823
0.750476
0.752296
0.753269
0.753059
0.751637
0.749392
0.747108
0.745812
0.746488
0.749697
0.755429
0.763027
0.771635
0.780485
0.789376
0.79872
0.809156
0.821059
0.834122
0.847237
0.85886
0.867444
0.871906
0.871864
0.867491
0.859226
0.84745
0.832284
0.813817
0.792365
0.768929
0.7455
0.724811
0.709587
0.701714
0.701533
0.707794
0.718134
0.729846
0.740535
0.748498
0.752909
0.753713
0.751349
0.746612
0.740316
0.733132
0.725498
0.717761
0.710489
0.704663
0.701494
0.701965
0.706469
0.714816
0.726515
0.741099
0.757972
0.775994
0.793364
0.808063
0.818562
0.824108
0.824792
0.821405
0.815429
0.808716
0.803243
0.80067
0.801788
0.806339
0.813198
0.820971
0.828647
0.836118
0.843894
0.852124
0.859771
0.864784
0.865197
0.859933
0.849033
0.833439
0.8146
0.794058
0.773261
0.753366
0.735304
0.719729
0.707027
0.697419
0.690989
0.687701
0.687331
0.689425
0.693422
0.698891
0.705455
0.712681
0.720042
0.72688
0.732783
0.737834
0.742575
0.747716
0.753445
0.759094
0.763394
0.765156
0.764046
0.760819
0.757004
0.754433
0.754675
0.758691
0.766863
0.778999
0.79443
0.81187
0.829557
0.845532
0.857941
0.86536
0.867136
0.863401
0.855078
0.843633
0.830567
0.817088
0.80389
0.79115
0.77871
0.766216
0.753454
0.740623
0.728434
0.718093
0.710947
0.708132
0.710227
0.71714
0.728157
0.74202
0.757188
0.771959
0.784859
0.794846
0.801557
0.805189
0.806395
0.805947
0.804473
0.802178
0.798938
0.794341
0.788022
0.779757
0.769599
0.757824
0.745012
0.732389
0.7218
0.715265
0.71427
0.719235
0.729148
0.741872
0.754726
0.765333
0.772143
0.774568
0.772984
0.768338
0.761898
0.754822
0.748068
0.742259
0.737773
0.735012
0.734626
0.737434
0.744211
0.755132
0.76937
0.785144
0.800067
0.811751
0.818332
0.819187
0.81532
0.809436
0.80532
0.806267
0.813213
0.824356
0.83631
0.845794
0.850514
0.849439
0.842596
0.830815
0.815559
0.798603
0.78186
0.767305
0.756916
0.75226
0.754059
0.761691
0.773138
0.785435
0.795334
0.800116
0.798203
0.78949
0.775469
0.758963
0.743317
0.731541
0.725511
0.72568
0.731302
0.740823
0.752291
0.763515
0.772584
0.77837
0.780825
0.781138
0.781172
0.782629
0.786061
0.790591
0.794321
0.795258
0.792159
0.784821
0.774014
0.761161
0.747969
0.736053
0.726541
0.719923
0.716043
0.714436
0.714717
0.716812
0.720848
0.726814
0.734254
0.742234
0.749562
0.755152
0.75833
0.759038
0.757815
0.755551
0.753222
0.75171
0.751585
0.753291
0.757108
0.763174
0.771301
0.780849
0.790899
0.800673
0.809828
0.818583
0.827314
0.836068
0.844204
0.850442
0.853311
0.851807
0.845855
0.836391
0.824926
0.813199
0.802741
0.794554
0.788934
0.785428
0.783018
0.780464
0.776601
0.770642
0.762116
0.750967
0.737591
0.722845
0.707987
0.694534
0.684087
0.67803
0.677376
0.682541
0.693188
0.708418
0.727009
0.74751
0.768308
0.787493
0.802981
0.813009
0.816665
0.81435
0.807782
0.799459
0.7919
0.786741
0.784466
0.784379
0.785121
0.785382
0.784392
0.782071
0.779077
0.776438
0.775186
0.775913
0.778501
0.782171
0.785681
0.787719
0.787265
0.783794
0.777471
0.768947
0.759023
0.748265
0.736924
0.725294
0.714148
0.705113
0.700382
0.701867
0.710258
0.724581
0.742633
0.761877
0.780299
0.796708
0.810699
0.822375
0.831895
0.839262
0.844484
0.847542
0.848638
0.848191
0.846754
0.84472
0.841877
0.837292
0.829524
0.817092
0.799121
0.775784
0.74848
0.71967
0.692483
0.670095
0.654909
0.647976
0.648805
0.655805
0.66709
0.681204
0.697348
0.715143
0.734174
0.75354
0.771836
0.787531
0.799405
0.806751
0.809511
0.808182
0.803759
0.797566
0.791086
0.78571
0.782471
0.781843
0.783607
0.787313
0.792539
0.799123
0.807063
0.81617
0.825805
0.834742
0.841426
0.844397
0.842477
0.834984
0.821927
0.80389
0.781823
0.757063
0.731492
0.707976
0.690193
0.681469
0.682763
0.691915
0.705142
0.719206
0.732431
0.744535
0.755811
0.766442
0.776187
0.784491
0.790849
0.794902
0.796639
0.796266
0.794192
0.791067
0.787732
0.78505
0.783838
0.784502
0.787007
0.790835
0.795012
0.798318
0.79954
0.797802
0.792701
0.784482
0.774039
0.762664
0.751798
0.742718
0.736292
0.732838
0.731999
0.732746
0.733489
0.732429
0.728226
0.720513
0.710398
0.700442
0.693998
0.694127
0.70237
0.718185
0.739327
0.762674
0.785302
0.805269
0.821937
0.835678
0.847326
0.857493
0.866043
0.872005
0.873956
0.87062
0.861315
0.846405
0.827171
0.805517
0.783542
0.763278
0.746381
0.734002
0.726539
0.723698
0.724657
0.728428
0.734176
0.741349
0.749566
0.758455
0.767545
0.776224
0.783797
0.789612
0.793197
0.79435
0.79333
0.790876
0.788091
0.786238
0.786347
0.788986
0.794172
0.801285
0.809253
0.816583
0.821424
0.821983
0.816962
0.806032
0.790077
0.771073
0.751687
0.734678
0.722274
0.715733
0.71523
0.719863
0.728039
0.737782
0.747218
0.754975
0.760371
0.763557
0.765275
0.766597
0.768435
0.771084
0.774047
0.776248
0.77648
0.774112
0.769541
0.764217
0.760264
0.75949
0.762448
0.768345
0.775756
0.783387
0.790441
0.796588
0.801696
0.805692
0.808514
0.810127
0.810625
0.810239
0.809262
0.807972
0.806524
0.804864
0.802739
0.800034
0.796842
0.793372
0.789761
0.785744
0.780648
0.773503
0.76354
0.750814
0.736641
0.723585
0.714866
0.713227
0.719739
0.733173
0.750228
0.76648
0.777708
0.780998
0.775448
0.762349
0.744844
0.727036
0.712758
0.704489
0.703113
0.708089
0.718097
0.731548
0.74709
0.763699
0.780379
0.795692
0.807953
0.815747
0.818496
0.816516
0.810927
0.803311
0.795354
0.788438
0.783497
0.780819
0.78017
0.780881
0.781918
0.782379
0.781908
0.781085
0.78138
0.784482
0.791206
0.800644
0.810458
0.817941
0.821155
0.819591
0.813986
0.805881
0.796796
0.787762
0.779286
0.771542
0.764638
0.758673
0.753664
0.749357
0.745291
0.740993
0.73621
0.731063
0.726249
0.723044
0.72294
0.726866
0.734599
0.744533
0.754566
0.762992
0.769085
0.773155
0.776171
0.779159
0.782845
0.787548
0.793092
0.799072
0.805027
0.810522
0.814962
0.817786
0.818565
0.817187
0.814086
0.81013
0.806332
0.803548
0.802222
0.80231
0.80335
0.804583
0.805037
0.803743
0.799765
0.792395
0.78135
0.767184
0.751335
0.735801
0.722611
0.713176
0.707922
0.706278
0.706938
0.708551
0.710064
0.711042
0.71175
0.712933
0.715457
0.720052
0.727114
0.736693
0.748498
0.761908
0.77594
0.78936
0.80091
0.809701
0.815448
0.818392
0.819071
0.817977
0.815241
0.810658
0.803938
0.795074
0.78457
0.773477
0.763064
0.754538
0.748567
0.745041
0.743224
0.742136
0.741053
0.739769
0.738678
0.73845
0.739636
0.742351
0.74621
0.750508
0.754475
0.757429
0.758969
0.759148
0.758509
0.75783
0.757792
0.758782
0.760949
0.764183
0.768198
0.772538
0.776532
0.779525
0.78117
0.781641
0.781729
0.782512
0.78499
0.78971
0.796469
0.804317
0.81178
0.81724
0.819311
0.817019
0.810057
0.798873
0.784809
0.769974
0.756675
0.746714
0.740821
0.738697
0.739551
0.742353
0.746316
0.751018
0.756417
0.762634
0.769518
0.776452
0.782312
0.785797
0.785957
0.782599
0.776335
0.768439
0.760455
0.753819
0.749868
0.749616
0.753529
0.761444
0.772464
0.785166
0.79797
0.809428
0.818732
0.825813
0.831271
0.83595
0.840314
0.844122
0.846274
0.845154
0.839346
0.828363
0.813032
0.795352
0.777643
0.761624
0.747936
0.736744
0.728372
0.723363
0.72205
0.724199
0.729006
0.7356
0.743514
0.752786
0.7633
0.774125
0.783664
0.790236
0.792628
0.790453
0.784205
0.775158
0.76514
0.756039
0.74942
0.746109
0.746186
0.749066
0.753745
0.759105
0.76416
0.768157
0.770493
0.77051
0.767689
0.761844
0.753461
0.743861
0.734982
0.728822
0.726962
0.730051
0.737637
0.748398
0.760662
0.772854
0.783829
0.792879
0.799705
0.804326
0.806937
0.807877
0.807566
0.806527
0.80518
0.803595
0.801551
0.798703
0.794859
0.790321
0.785895
0.782412
0.780336
0.77947
0.77925
0.778993
0.778072
0.776055
0.772735
0.768073
0.762136
0.755154
0.74778
0.741014
0.736173
0.734432
0.736363
0.741659
0.749311
0.757995
0.766485
0.773851
0.779576
0.783571
0.786079
0.787372
0.787572
0.786583
0.784237
0.780507
0.775644
0.77027
0.7653
0.761745
0.760641
0.762736
0.76833
0.777137
0.788269
0.800508
0.812509
0.823175
0.831835
0.838247
0.842455
0.844381
0.843639
0.839415
0.830912
0.817896
0.801101
0.782314
0.763991
0.748607
0.738041
0.73308
0.733205
0.73671
0.741387
0.745187
0.746891
0.746354
0.744209
0.741475
0.738939
0.736877
0.735066
0.733153
0.730978
0.728723
0.726959
0.726333
0.727519
0.730954
0.7368
0.744937
0.754933
0.765984
0.776847
0.78607
0.792413
0.795185
0.794458
0.790783
0.785164
0.778855
0.773016
0.768329
0.764928
0.76264
0.76152
0.762162
0.765325
0.771463
0.780348
0.791134
0.802763
0.814315
0.825029
0.834254
0.841237
0.845486
0.846947
0.845942
0.842823
0.837803
0.830949
0.82241
0.812477
0.801516
0.78972
0.777185
0.764026
0.750664
0.738068
0.727539
0.720547
0.718435
0.72209
0.731501
0.745729
0.763014
0.78104
0.797461
0.810291
0.818062
0.820158
0.81696
0.809877
0.801145
0.79336
0.78878
0.788551
0.792475
0.799178
0.806453
0.811915
0.813371
0.809218
0.798581
0.781601
0.75936
0.733774
0.707541
0.683866
0.665882
0.655827
0.654366
0.660507
0.672229
0.68758
0.705379
0.725138
0.746341
0.767754
0.787331
0.80296
0.813451
0.819048
0.821217
0.8218
0.822248
0.823244
0.824901
0.827075
0.829523
0.831777
0.833121
0.832738
0.830368
0.826798
0.823745
0.822373
0.821602
0.818466
0.810219
0.795853
0.775987
0.752181
0.726839
0.703329
0.685692
0.677131
0.678336
0.687527
0.701843
0.718496
0.734831
0.748255
0.756654
0.758954
0.755411
0.74746
0.737362
0.727806
0.721424
0.720459
0.726671
0.741173
0.763832
0.792485
0.822775
0.849313
0.867677
0.875852
0.874376
0.865433
0.851425
0.833908
0.81383
0.792217
0.770846
0.752212
0.738829
0.732206
0.73225
0.737219
0.744453
0.751233
0.755671
0.75707
0.75606
0.754348
0.754179
0.757428
0.764881
0.775969
0.789047
0.802074
0.812972
0.82008
0.822468
0.819951
0.813013
0.802596
0.78992
0.77634
0.76327
0.751998
0.743597
0.738699
0.737387
0.739069
0.742681
0.747013
0.751077
0.754338
0.756851
0.759104
0.761767
0.765309
0.769867
0.775223
0.780939
0.786462
0.79134
0.795084
0.797287
0.797715
0.796464
0.794023
0.791127
0.78861
0.787008
0.786287
0.785658
0.783776
0.779236
0.771179
0.759599
0.74532
0.729675
0.714192
0.700425
0.689868
0.68383
0.683341
0.688812
0.699942
0.715704
0.734613
0.754977
0.775197
0.793752
0.809403
0.821123
0.828453
0.831554
0.831096
0.828085
0.823657
0.818905
0.814827
0.812358
0.812324
0.815261
0.820993
0.828209
0.834631
0.837473
0.83431
0.823813
0.806122
0.782591
0.75548
0.727634
0.702257
0.682586
0.67097
0.668322
0.673969
0.6862
0.703023
0.722768
0.744134
0.766014
0.787144
0.806065
0.82131
0.831603
0.836102
0.834504
0.827181
0.81536
0.801127
0.787282
0.776685
0.771413
0.772118
0.777936
0.786727
0.795762
0.802573
0.805928
0.80628
0.805109
0.803753
0.802584
0.801288
0.799605
0.797607
0.795502
0.793263
0.790549
0.786894
0.781956
0.775692
0.768334
0.760359
0.75244
0.745505
0.740627
0.738935
0.741258
0.747776
0.757984
0.770679
0.784121
0.796165
0.804679
0.808078
0.805803
0.798449
0.787627
0.775576
0.764514
0.756036
0.750869
0.74904
0.750048
0.753227
0.757916
0.763534
0.769563
0.775508
0.780944
0.78545
0.788596
0.78997
0.789082
0.785431
0.778623
0.768604
0.755965
0.741965
0.728136
0.716007
0.706914
0.701919
0.701611
0.7058
0.713637
0.724058
0.736376
0.75051
0.766691
0.7845
0.802261
0.817208
0.826635
0.828865
0.823944
0.813645
0.801094
0.790034
0.7836
0.783246
0.78828
0.796257
0.803947
0.808334
0.807288
0.800013
0.787178
0.770817
0.753816
0.739258
0.729563
0.725818
0.727585
0.733397
0.741383
0.749839
0.757615
0.764183
0.76919
0.772055
0.771878
0.767852
0.759925
0.749161
0.737794
0.728635
0.724217
0.725896
0.73344
0.745502
0.76041
0.776767
0.793425
0.809279
0.822954
0.833021
0.838348
0.838298
0.832801
0.82242
0.808407
0.792685
0.777654
0.765904
0.759479
0.759344
0.765125
0.775331
0.787798
0.800368
0.811425
0.820252
0.826986
0.832243
0.83666
0.840425
0.843234
0.844536
0.843812
0.840779
0.835489
0.828298
0.819603
0.809734
0.79876
0.786504
0.772767
0.757395
0.740534
0.7227
0.704735
0.687949
0.673996
0.664532
0.660685
0.662646
0.669756
0.680841
0.694616
0.709901
0.725596
0.740643
0.754097
0.765228
0.77375
0.779714
0.783514
0.785747
0.787124
0.788475
0.790721
0.794674
0.80065
0.808023
0.815221
0.820285
0.821773
0.819542
0.814622
0.808618
0.802854
0.798051
0.794594
0.79279
0.792809
0.794678
0.798129
0.802476
0.806677
0.809425
0.809259
0.804974
0.796009
0.782688
0.766192
0.748372
0.731406
0.717301
0.707475
0.702596
0.702782
0.707723
0.716889
0.729646
0.745268
0.762792
0.780937
0.797995
0.812173
0.821936
0.826348
0.825391
0.819748
0.810319
0.797969
0.783435
0.767464
0.751053
0.735678
0.722975
0.714525
0.711452
0.714159
0.722343
0.734962
0.750574
0.767628
0.784929
0.801822
0.81808
0.833282
0.846362
0.855726
0.859895
0.858092
0.850427
0.837735
0.821349
0.802995
0.784523
0.767699
0.753869
0.743971
0.738559
0.737745
0.740929
0.746814
0.753698
0.76012
0.765333
0.769441
0.773117
0.777176
0.782236
0.78841
0.795263
0.801889
0.807084
0.809714
0.80885
0.803843
0.794512
0.781191
0.765097
0.748443
0.734278
0.725611
0.724241
0.730119
0.741563
0.756155
0.771578
0.786081
0.798712
0.809175
0.817602
0.82429
0.82929
0.832281
0.832733
0.830081
0.823952
0.814346
0.801714
0.786994
0.771478
0.756755
0.744475
0.735914
0.731561
0.731079
0.733537
0.737792
0.742889
0.748213
0.753496
0.758665
0.763598
0.767843
0.770586
0.770789
0.767512
0.760498
0.750625
0.740085
0.731929
0.728869
0.732174
0.741154
0.753743
0.767379
0.779805
0.789441
0.795516
0.797898
0.796899
0.793089
0.787139
0.779934
0.772625
0.766565
0.763046
0.763048
0.76685
0.773773
0.782364
0.790672
0.796884
0.799899
0.799782
0.797608
0.794714
0.791516
0.786892
0.778905
0.766393
0.750171
0.733317
0.720239
0.715008
0.719273
0.731715
0.74929
0.768971
0.78869
0.807262
0.823897
0.837899
0.848448
0.854623
0.85553
0.850588
0.83969
0.823449
0.803241
0.781108
0.759339
0.739819
0.723538
0.710715
0.701319
0.695387
0.693063
0.694431
0.699245
0.706817
0.716145
0.726158
0.735935
0.744777
0.752232
0.758129
0.762689
0.76652
0.770432
0.775137
0.780803
0.786908
0.792515
0.796731
0.79892
0.798745
0.796166
0.791472
0.785312
0.778599
0.772352
0.767474
0.764432
0.763305
0.764064
0.766731
0.771506
0.77846
0.787278
0.797199
0.807431
0.817469
0.826868
0.835046
0.841057
0.84372
0.841983
0.835512
0.824839
0.811281
0.796552
0.782337
0.769992
0.76032
0.75337
0.748725
0.745914
0.744816
0.74591
0.749935
0.757287
0.767357
0.778523
0.788628
0.795817
0.798857
0.797062
0.790246
0.778843
0.76404
0.747785
0.732485
0.720421
0.713302
0.711864
0.715795
0.723829
0.734263
0.745532
0.756679
0.767413
0.77779
0.787757
0.796779
0.803937
0.808142
0.808601
0.805296
0.799147
0.79194
0.785703
0.781908
0.78088
0.781919
0.783754
0.785189
0.785527
0.784724
0.783257
0.781863
0.781315
0.782001
0.783739
0.785678
0.786617
0.78544
0.781603
0.775513
0.768582
0.762738
0.759676
0.760223
0.763995
0.769641
0.775504
0.780183
0.782734
0.782635
0.779792
0.774663
0.768238
0.761791
0.756614
0.753719
0.75367
0.756538
0.761931
0.769144
0.777253
0.785289
0.792403
0.798111
0.80239
0.805816
0.809216
0.813241
0.817888
0.822323
0.825189
0.825087
0.821121
0.813258
0.802344
0.789863
0.777563
0.766888
0.758478
0.752001
0.746442
0.740618
0.733752
0.725732
0.717462
0.710706
0.70748
0.709338
0.71665
0.728415
0.742483
0.75638
0.767917
0.775619
0.778718
0.777064
0.770853
0.760531
0.746858
0.731008
0.714642
0.699826
0.688612
0.682515
0.682184
0.687466
0.697735
0.712083
0.729382
0.748197
0.76674
0.783157
0.79589
0.803918
0.806827
0.804865
0.798861
0.790229
0.780808
0.772601
0.767441
0.766666
0.770803
0.779357
0.790948
0.803792
0.816114
0.826489
0.83399
0.838248
0.839474
0.838357
0.835762
0.832363
0.828356
0.823428
0.816915
0.808304
0.797335
0.784192
0.769458
0.754287
0.740293
0.729295
0.722865
0.721812
0.725915
0.734125
0.745001
0.757099
0.769055
0.77968
0.788059
0.793653
0.796409
0.796571
0.794532
0.790708
0.785595
0.779881
0.77434
0.769596
0.765803
0.762574
0.759112
0.754754
0.749185
0.742664
0.735879
0.729728
0.725249
0.723271
0.724163
0.727679
0.733076
0.739367
0.745487
0.750559
0.754067
0.755952
0.756801
0.757807
0.760522
0.766486
0.776716
0.791248
0.809149
0.82863
0.847439
0.86334
0.874464
0.87955
0.878021
0.869997
0.856381
0.839102
0.82092
0.8049
0.793278
0.786702
0.784312
0.784328
0.784756
0.783789
0.780203
0.773637
0.764681
0.754672
0.745435
0.738715
0.735448
0.735403
0.737375
0.739884
0.741854
0.743104
0.744344
0.746907
0.752224
0.761311
0.774412
0.79084
0.809022
0.826945
0.842606
0.854356
0.861125
0.862389
0.858165
0.849032
0.835943
0.820115
0.802832
0.785246
0.768208
0.752309
0.737968
0.725644
0.715716
0.708225
0.702764
0.698518
0.694645
0.690864
0.687688
0.686254
0.687749
0.692666
0.700467
0.70959
0.717938
0.723571
0.725452
0.723778
0.720222
0.717637
0.7192
0.727362
0.742843
0.764439
0.789381
0.81434
0.836342
0.853393
0.864769
0.870761
0.872419
0.871234
0.868636
0.865765
0.863364
0.86157
0.859924
0.857378
0.852623
0.844483
0.832102
0.81523
0.794265
0.770376
0.745489
0.72205
0.702564
0.688975
0.682221
0.682099
0.687456
0.696676
0.708185
0.720804
0.733842
0.747005
0.760232
0.7736
0.787201
0.80097
0.814662
0.82779
0.839686
0.849563
0.856482
0.859404
0.857284
0.849526
0.83634
0.818882
0.799032
0.778962
0.760466
0.74458
0.731486
0.720662
0.711303
0.702791
0.69502
0.688503
0.684049
0.682477
0.684295
0.689597
0.698137
0.709415
0.722788
0.737466
0.752488
0.766619
0.778553
0.787151
0.791713
0.792162
0.789112
0.783744
0.777582
0.772173
0.768735
0.767894
0.769666
0.773577
0.778873
0.784864
0.791187
0.79791
0.805414
0.814185
0.824366
0.835267
0.845434
0.853003
0.856312
0.854532
0.847882
0.83756
0.825362
0.81287
0.800781
0.788852
0.776626
0.763989
0.751394
0.739638
0.729651
0.722469
0.719178
0.720688
0.727264
0.738066
0.751094
0.763778
0.773689
0.779354
0.780646
0.778695
0.775283
0.772104
0.77015
0.769688
0.770331
0.771618
0.773324
0.775451
0.778106
0.78131
0.784922
0.788783
0.792715
0.796643
0.800512
0.804167
0.807376
0.809835
0.811078
0.810289
0.806455
0.798744
0.787155
0.772877
0.758332
0.746436
0.739712
0.73935
0.744722
0.753662
0.763158
0.77037
0.77346
0.771987
0.766862
0.759828
0.752877
0.747835
0.745992
0.748048
0.753932
0.762945
0.773743
0.784714
0.794244
0.800951
0.803746
0.801979
0.795791
0.78635
0.775758
0.766482
0.76045
0.758483
0.759989
0.763588
0.767712
0.771173
0.77331
0.774083
0.774193
0.774895
0.777608
0.783246
0.791736
0.801777
0.811243
0.817894
0.820074
0.817054
0.80904
0.796892
0.781897
0.765714
0.750248
0.737431
0.72886
0.725358
0.72683
0.732288
0.740236
0.749083
0.757466
0.764525
0.769907
0.773751
0.776613
0.77922
0.782222
0.785905
0.790046
0.793868
0.796383
0.796809
0.794963
0.791263
0.786676
0.782404
0.779605
0.779283
0.782021
0.787676
0.795221
0.802984
0.809186
0.812347
0.811454
0.805963
0.79591
0.782094
0.766328
0.751282
0.739699
0.733342
0.732307
0.735561
0.741556
0.748888
0.756378
0.763089
0.768261
0.771327
0.771906
0.769953
0.765754
0.760079
0.754237
0.749834
0.748387
0.750707
0.756631
0.76509
0.774455
0.783029
0.789465
0.792897
0.793009
0.790002
0.784464
0.777627
0.771166
0.766681
0.764782
0.764687
0.764715
0.763354
0.75999
0.755104
0.750085
0.746457
0.745115
0.745966
0.748128
0.750564
0.752599
0.753962
0.754738
0.755126
0.755461
0.756034
0.757041
0.758445
0.759769
0.760321
0.759372
0.756459
0.751848
0.746481
0.74181
0.73946
0.740935
0.747189
0.75841
0.773809
0.791708
0.809953
0.826339
0.839088
0.847179
0.850443
0.849437
0.84522
0.839083
0.832174
0.825359
0.819416
0.815171
0.813356
0.814031
0.816148
0.817732
0.816723
0.811843
0.803014
0.791263
0.778129
0.765133
0.75338
0.743386
0.735263
0.728997
0.724585
0.721876
0.720492
0.720026
0.720588
0.723217
0.729494
0.740443
0.755792
0.773868
0.792268
0.808592
0.821016
0.828487
0.83073
0.828116
0.821318
0.811085
0.798139
0.783129
0.766816
0.750178
0.734458
0.720982
0.710888
0.70504
0.704024
0.708219
0.717751
0.732381
0.751383
0.773446
0.796617
0.818511
0.836662
0.848979
0.854018
0.851156
0.840619
0.823355
0.800936
0.775485
0.749724
0.726864
0.710222
0.702548
0.705314
0.718176
0.738811
0.763644
0.788627
0.810194
0.825739
0.833855
0.834187
0.827137
0.813781
0.795848
0.775774
0.756544
0.741064
0.731404
0.728258
0.731094
0.738447
0.748224
0.758181
0.766401
0.771792
0.774205
0.774109
0.772165
0.768962
0.764963
0.760842
0.757537
0.756102
0.757387
0.761596
0.768107
0.775538
0.782118
0.786175
0.786705
0.783829
0.778865
0.773619
0.769318
0.765783
0.761865
0.756585
0.749845
0.742542
0.736405
0.733451
0.735481
0.743377
0.756632
0.773353
0.790788
0.805957
0.81615
0.819227
0.813791
0.799422
0.776854
0.74802
0.715886
0.68414
0.65667
0.636976
0.627659
0.629924
0.643395
0.66629
0.696021
0.729835
0.765242
0.800355
0.833738
0.864337
0.891173
0.913161
0.929163
0.938219
0.939702
0.933518
0.920201
0.900955
0.877444
0.851665
0.825742
0.801803
0.781489
0.765566
0.75382
0.745411
0.73941
0.734925
0.731301
0.727964
0.724409
0.720459
0.716316
0.712565
0.710137
0.710074
0.713366
0.720617
0.731771
0.745855
0.761196
0.775831
0.788173
0.797401
0.803312
0.806045
0.805974
0.803802
0.800391
0.796309
0.791781
0.786972
0.78254
0.779863
0.780416
0.784904
0.792544
0.801071
0.807488
0.809152
0.804769
0.794766
0.781106
0.766484
0.753303
0.743141
0.73686
0.734857
0.737315
0.744213
0.755163
0.769364
0.7857
0.802889
0.819697
0.835042
0.847698
0.856222
0.85907
0.855026
0.843865
0.826725
0.806084
0.784958
0.766014
0.750881
0.740288
0.734219
0.732006
0.732357
0.73342
0.733126
0.729911
0.723262
0.714124
0.704747
0.698095
0.696853
0.702575
0.715219
0.733235
0.753905
0.774136
0.791068
0.802777
0.808689
0.809617
0.807157
0.802735
0.797098
0.790525
0.783098
0.774877
0.766039
0.756918
0.748248
0.741172
0.736892
0.736152
0.738984
0.744689
0.752088
0.759981
0.767429
0.773779
0.778645
0.781859
0.783325
0.782971
0.780911
0.777507
0.773362
0.769117
0.765208
0.761747
0.758626
0.75588
0.754
0.754044
0.757354
0.765084
0.77765
0.794327
0.813235
0.831728
0.847165
0.85715
0.85994
0.854319
0.83964
0.816187
0.785541
0.751153
0.718465
0.693503
0.680275
0.678837
0.686122
0.698662
0.714228
0.731662
0.750102
0.768515
0.785656
0.800432
0.812215
0.821088
0.827798
0.833444
0.839148
0.845469
0.851935
0.856981
0.858313
0.853724
0.841967
0.823421
0.800201
0.775462
0.752347
0.7331
0.718748
0.709527
0.705441
0.706303
0.71143
0.719267
0.727688
0.73466
0.73879
0.739521
0.737108
0.732293
0.726118
0.719946
0.715309
0.7137
0.716313
0.723741
0.735702
0.751013
0.767801
0.783995
0.797866
0.808395
0.815445
0.819451
0.821049
0.820784
0.81904
0.816313
0.813429
0.811578
0.811955
0.815235
0.82097
0.827397
0.831964
0.832147
0.826433
0.814651
0.797968
0.778447
0.758761
0.741656
0.729564
0.724171
0.726149
0.735046
0.749392
0.767132
0.785825
0.803072
0.81667
0.824876
0.826593
0.82178
0.811732
0.799018
0.787101
0.779345
0.777812
0.782506
0.791407
0.801413
0.80935
0.812998
0.811309
0.804457
0.793546
0.780179
0.766054
0.752728
0.741681
0.734279
0.731507
0.733409
0.738918
0.746202
0.753327
0.758774
0.761664
0.761813
0.759703
0.75632
0.752705
0.749211
0.745324
0.740204
0.733484
0.725676
0.718017
0.71175
0.707625
0.70565
0.705265
0.705685
0.706367
0.707405
0.709606
0.714161
0.722055
0.733406
0.747263
0.7621
0.776425
0.789218
0.800039
0.808953
0.816257
0.822254
0.827067
0.830499
0.831951
0.830739
0.82642
0.819403
0.811175
0.803993
0.800205
0.801374
0.807716
0.817884
0.829379
0.839524
0.846209
0.848456
0.846473
0.841145
0.833587
0.824662
0.814921
0.804578
0.793843
0.783199
0.773536
0.766105
0.761965
0.761525
0.764263
0.768769
0.7733
0.776498
0.777898
0.777946
0.777371
0.776566
0.775409
0.773478
0.770574
0.766923
0.763067
0.759616
0.757184
0.756241
0.756928
0.75884
0.760954
0.762027
0.760981
0.757263
0.750949
0.742862
0.734379
0.726915
0.721469
0.718386
0.717599
0.71896
0.722452
0.728274
0.73665
0.747359
0.759498
0.771287
0.780488
0.78506
0.783948
0.777325
0.766474
0.753561
0.74112
0.731389
0.72581
0.724829
0.727859
0.733677
0.740695
0.747341
0.752458
0.755607
0.757268
0.758838
0.762278
0.769328
0.78069
0.795493
0.811569
0.826374
0.83784
0.844805
0.8471
0.845163
0.839778
0.831887
0.82262
0.813214
0.804644
0.797393
0.791462
0.786449
0.782004
0.778019
0.774612
0.771944
0.770068
0.768884
0.768209
0.767964
0.768188
0.768991
0.770316
0.772039
0.77411
0.776596
0.779654
0.783356
0.787564
0.791897
0.795729
0.798333
0.79894
0.796878
0.791699
0.783277
0.771962
0.758555
0.744449
0.731518
0.721668
0.716173
0.715194
0.717694
0.722085
0.726897
0.7313
0.735196
0.738841
0.742397
0.745627
0.747903
0.748446
0.746832
0.743199
0.738334
0.733575
0.730588
0.730934
0.735614
0.744826
0.757822
0.772965
0.788155
0.801211
0.810329
0.814424
0.813418
0.80832
0.801239
0.794926
0.792049
0.794333
0.80214
0.814426
0.829258
0.844174
0.856588
0.864205
0.865364
0.859348
0.846449
0.828041
0.806373
0.784149
0.763891
0.747451
0.735962
0.729968
0.729314
0.73312
0.739933
0.748105
0.756141
0.762831
0.767203
0.768414
0.765911
0.759661
0.75035
0.739203
0.727663
0.717101
0.708734
0.703691
0.703091
0.70797
0.718716
0.734471
0.752996
0.771219
0.786104
0.795472
0.798407
0.795464
0.78851
0.7802
0.773119
0.769021
0.768462
0.770893
0.775261
0.780573
0.786259
0.792255
0.798795
0.806212
0.814468
0.82297
0.830346
0.834758
0.834335
0.827886
0.815328
0.797921
0.777898
0.757844
0.740105
0.726316
0.717368
0.713615
0.714857
0.720363
0.728779
0.738315
0.747122
0.753802
0.757721
0.759039
0.758423
0.756789
0.754988
0.753797
0.753924
0.755973
0.760259
0.766569
0.774218
0.782222
0.789756
0.796304
0.801708
0.805977
0.809166
0.811272
0.812299
0.812317
0.811371
0.80952
0.80683
0.80333
0.799015
0.79383
0.787629
0.780175
0.771243
0.760897
0.749631
0.738579
0.72929
0.723316
0.721752
0.724803
0.731562
0.740265
0.748731
0.754935
0.757425
0.755514
0.749262
0.739433
0.727598
0.716174
0.708163
0.706578
0.713478
0.729209
0.752271
0.779904
0.808768
0.835642
0.857926
0.873908
0.882766
0.884447
0.879467
0.868916
0.85434
0.837608
0.820528
0.804333
0.789529
0.775958
0.763443
0.75208
0.742378
0.735108
0.730954
0.730239
0.732749
0.737796
0.744497
0.751916
0.759329
0.766374
0.772957
0.779224
0.78532
0.791161
0.796216
0.79943
0.799472
0.795219
0.78634
0.773685
0.759163
0.745309
0.734383
0.727651
0.725338
0.727068
0.732451
0.741286
0.753239
0.767553
0.782982
0.797992
0.811161
0.82153
0.828614
0.832512
0.833659
0.832663
0.830033
0.825966
0.820223
0.812328
0.801911
0.789069
0.774547
0.759669
0.745944
0.734685
0.726677
0.722124
0.720747
0.72194
0.724935
0.728943
0.733378
0.737853
0.742246
0.746541
0.750821
0.755297
0.760285
0.766156
0.773018
0.780497
0.787729
0.793477
0.796608
0.79646
0.792906
0.786331
0.777475
0.767193
0.756409
0.74619
0.737865
0.732891
0.732566
0.737426
0.746955
0.759647
0.773343
0.785639
0.794325
0.797556
0.794312
0.784661
0.769949
0.752876
0.736882
0.725192
0.719834
0.721274
0.728671
0.740196
0.753783
0.767832
0.781379
0.793726
0.804193
0.811943
0.816179
0.816477
0.812886
0.806006
0.796864
0.786743
0.777026
0.769169
0.76452
0.763997
0.767837
0.775412
0.785282
0.795387
0.803545
0.808005
0.807897
0.803429
0.795876
0.786931
0.777914
0.769296
0.761075
0.753285
0.746558
0.742045
0.740906
0.743756
0.750325
0.759533
0.769913
0.779923
0.788269
0.793988
0.796502
0.795605
0.791583
0.78539
0.778704
0.773407
0.770754
0.770785
0.772343
0.773754
0.773617
0.771287
0.767214
0.762888
0.760462
0.762021
0.768559
0.779313
0.791988
0.803765
0.812223
0.815856
0.814264
0.807896
0.797783
0.785272
0.771855
0.759134
0.748603
0.741341
0.737811
0.737606
0.739449
0.741604
0.742504
0.741284
0.738239
0.734798
0.733033
0.734935
0.741699
0.753491
0.769471
0.788257
0.808154
0.82735
0.844002
0.856363
0.863042
0.863383
0.857727
0.847329
0.833841
0.818782
0.803111
0.787353
0.771772
0.756759
0.743125
0.732205
0.725625
0.724755
0.730038
0.74054
0.754162
0.768259
0.780219
0.78804
0.790596
0.78764
0.779801
0.768451
0.755326
0.74236
0.731334
0.723604
0.71992
0.720374
0.724503
0.731399
0.739693
0.747881
0.75463
0.759223
0.761671
0.762588
0.762763
0.762833
0.763197
0.764075
0.765755
0.768843
0.774274
0.783044
0.795587
0.811081
0.827486
0.842214
0.853032
0.858428
0.857677
0.850596
0.837542
0.819471
0.798103
0.775923
0.755898
0.740802
0.732464
0.731387
0.736638
0.746134
0.75712
0.766768
0.77269
0.773424
0.768637
0.759175
0.746854
0.734198
0.723948
0.718229
0.717914
0.72241
0.730087
0.739162
0.748349
0.757019
0.764938
0.771857
0.777231
0.780354
0.780639
0.778141
0.773769
0.76926
0.766557
0.767037
0.77097
0.777571
0.785497
0.793496
0.800664
0.806434
0.810468
0.812655
0.813117
0.812188
0.810269
0.807765
0.805005
0.802307
0.799961
0.798198
0.79719
0.796998
0.797515
0.798426
0.799199
0.799238
0.798185
0.795974
0.792741
0.788409
0.782751
0.775537
0.766867
0.757351
0.748183
0.740843
0.736591
0.736226
0.739789
0.746629
0.755562
0.765151
0.77399
0.780858
0.784895
0.785696
0.783399
0.778555
0.772083
0.765034
0.75852
0.753601
0.751222
0.75188
0.755255
0.760167
0.764851
0.76761
0.767408
0.764311
0.759474
0.75471
0.75191
0.752271
0.755947
0.762132
0.769562
0.776983
0.783609
0.789057
0.793206
0.795965
0.797025
0.795824
0.791762
0.784444
0.774065
0.761571
0.748605
0.737184
0.729284
0.726272
0.728643
0.736018
0.747366
0.761384
0.77678
0.79232
0.806924
0.819458
0.828803
0.834024
0.834566
0.830398
0.822013
0.810313
0.796555
0.78223
0.76894
0.758122
0.750785
0.747315
0.74715
0.748805
0.750309
0.74998
0.747147
0.742312
0.736724
0.731725
0.728212
0.726433
0.726415
0.728523
0.733767
0.743536
0.758762
0.779268
0.803529
0.829008
0.852826
0.872309
0.885436
0.890921
0.888212
0.877594
0.860189
0.838044
0.814372
0.793143
0.778007
0.77073
0.770383
0.774169
0.779134
0.783434
0.786381
0.78767
0.78677
0.782928
0.775834
0.766343
0.756991
0.75145
0.752748
0.761312
0.774366
0.787205
0.795238
0.795552
0.787462
0.772156
0.752031
0.729884
0.70844
0.689961
0.67617
0.668098
0.666089
0.669722
0.6779
0.689114
0.702015
0.715797
0.730168
0.745065
0.760082
0.774246
0.78614
0.79451
0.798819
0.799613
0.798307
0.796622
0.795952
0.797078
0.800244
0.805361
0.812193
0.820486
0.829902
0.839805
0.849283
0.857022
0.861342
0.860644
0.85385
0.840962
0.823201
0.802906
0.782782
0.765373
0.752387
0.744304
0.740351
0.738789
0.737811
0.7362
0.733741
0.73125
0.730022
0.731224
0.735793
0.74437
0.757209
0.773546
0.791325
0.807658
0.819554
0.824713
0.822006
0.811805
0.796043
0.777837
0.76077
0.748054
0.742087
0.744091
0.753901
0.769937
0.78941
0.809273
0.826962
0.840608
0.848903
0.850818
0.84574
0.83384
0.816365
0.795418
0.773157
0.750962
0.72925
0.708117
0.68824
0.67111
0.658961
0.654224
0.658661
0.672666
0.694995
0.723068
0.753676
0.783757
0.810913
0.833539
0.85071
0.862026
0.867379
0.866921
0.861013
0.850501
0.83664
0.821054
0.805584
0.791897
0.781157
0.773841
0.770001
0.769446
0.771855
0.776462
0.781611
0.784874
0.78391
0.777405
0.765838
0.751616
0.738461
0.730064
0.728522
0.733501
0.742638
0.752853
0.761582
0.767411
0.770293
0.771346
0.772227
0.774481
0.779022
0.785734
0.793725
0.801711
0.808488
0.813253
0.815653
0.815593
0.813257
0.809022
0.803487
0.797492
0.791848
0.787138
0.783581
0.781108
0.779453
0.778367
0.777706
0.777173
0.776169
0.773881
0.769569
0.762854
0.754129
0.744396
0.734972
0.726805
0.720093
0.714467
0.709428
0.70487
0.701348
0.699912
0.701654
0.707306
0.716939
0.73008
0.745975
0.76358
0.781509
0.798083
0.811603
0.820749
0.825017
0.824758
0.820863
0.814469
0.806626
0.798221
0.790025
0.782784
0.777218
0.774095
0.774173
0.777902
0.785176
0.795082
0.805919
0.815501
0.821697
0.82299
0.81897
0.810374
0.798918
0.786698
0.775575
0.76669
0.76032
0.755961
0.75278
0.750027
0.74738
0.745281
0.744868
0.747476
0.753956
0.764095
0.776557
0.78942
0.800825
0.809449
0.814646
0.816197
0.814043
0.808107
0.798372
0.785006
0.768608
0.750429
0.732524
0.717513
0.70809
0.706151
0.712196
0.725185
0.74308
0.763461
0.78398
0.802443
0.816818
0.825368
0.82684
0.820787
0.807725
0.789167
0.767379
0.744934
0.72416
0.706766
0.693705
0.685348
0.681703
0.682655
0.688219
0.698664
0.714251
0.734726
0.75876
0.783736
0.806172
0.822617
0.830668
0.829759
0.821335
0.808442
0.794711
0.783139
0.774931
0.769508
0.765157
0.760187
0.753855
0.746828
0.741036
0.738884
0.74223
0.751608
0.766164
0.784211
0.80384
0.823218
0.840755
0.854956
0.864462
0.868066
0.865079
0.855722
0.841159
0.823161
0.803657
0.784459
0.76725
0.75328
0.743114
0.736497
0.732687
0.731287
0.732589
0.737684
0.74775
0.762921
0.781888
0.802305
0.821445
0.836856
0.846694
0.849676
0.845167
0.832974
0.81352
0.788091
0.758821
0.728483
0.700222
0.677314
0.663241
0.661829
0.676168
0.706085
0.746636
0.789907
0.828599
0.858063
0.876225
0.882807
0.878706
0.865641
0.846298
0.824203
0.803318
0.78707
0.777286
0.773704
0.774575
0.777656
0.781052
0.783594
0.784829
0.78502
0.784691
0.784217
0.783588
0.782457
0.780463
0.777641
0.77464
0.772521
0.772298
0.774294
0.777848
0.781559
0.783796
0.783258
0.779147
0.771312
0.760139
0.746543
0.731899
0.717984
0.706695
0.699541
0.6973
0.699938
0.706785
0.71697
0.72977
0.744549
0.760578
0.776829
0.791908
0.804297
0.812657
0.816243
0.815223
0.810581
0.80391
0.79695
0.791251
0.787848
0.787129
0.788801
0.792012
0.795711
0.798965
0.801138
0.801809
0.800419
0.796291
0.788886
0.778226
0.765145
0.751195
0.738007
0.726781
0.718185
0.712574
0.710298
0.71183
0.717449
0.726829
0.738919
0.752141
0.764861
0.775824
0.784306
0.789986
0.792809
0.792958
0.790974
0.787776
0.784438
0.781703
0.779884
0.77868
0.77737
0.775165
0.771693
0.76735
0.763297
0.761018
0.761793
0.76626
0.774202
0.784599
0.795938
0.806627
0.815465
0.821729
0.825075
0.82531
0.822257
0.815749
0.805696
0.792363
0.776498
0.759541
0.743482
0.730619
0.722969
0.721754
0.727003
0.737532
0.751229
0.765788
0.7793
0.790548
0.799038
0.804694
0.807489
0.807309
0.803949
0.79726
0.787581
0.775902
0.763839
0.753444
0.746674
0.744727
0.747604
0.754087
0.762445
0.771095
0.778985
0.78554
0.790455
0.793479
0.794487
0.793622
0.791409
0.788747
0.786573
0.785527
0.785598
0.786101
0.785991
0.784228
0.779936
0.772615
0.76234
0.750006
0.737361
0.726666
0.719999
0.718457
0.721871
0.729031
0.738304
0.74812
0.757168
0.764406
0.76906
0.770701
0.769433
0.766117
0.762249
0.759522
0.759183
0.761425
0.765573
0.770497
0.775159
0.778809
0.780895
0.781285
0.780532
0.780108
0.781788
0.786356
0.792711
0.798846
0.803401
0.806331
0.808342
0.810238
0.812301
0.814059
0.814315
0.81174
0.805364
0.795038
0.781588
0.766446
0.751138
0.736851
0.724369
0.714263
0.707086
0.703597
0.704754
0.711298
0.723166
0.739196
0.757283
0.775084
0.790698
0.80295
0.811341
0.816156
0.818172
0.818321
0.817423
0.816071
0.814532
0.812703
0.810214
0.806567
0.801183
0.793512
0.783015
0.769551
0.753557
0.736325
0.719661
0.705554
0.69575
0.691342
0.692611
0.699131
0.709955
0.723858
0.739528
0.755559
0.770578
0.783508
0.793657
0.80074
0.80502
0.807262
0.808642
0.810529
0.814089
0.820027
0.828376
0.838306
0.848055
0.855301
0.857577
0.853062
0.841241
0.823273
