-5.53616
-5.53665
-5.53374
-5.53449
-5.53662
-5.53751
-5.53836
-5.53648
-5.53756
-5.53572
-5.5339
-5.53384
-5.53024
-5.52885
-5.52824
-5.52917
-5.5312
-5.53124
-5.53042
-5.53225
-5.53283
-5.53238
-5.53334
-5.53423
-5.53587
-5.5353
-5.53455
-5.53346
-5.53096
-5.53182
-5.53364
-5.53397
-5.5342
-5.53501
-5.53605
-5.53814
-5.53876
-5.53985
-5.54114
-5.54083
-5.53892
-5.53549
-5.53596
-5.53281
-5.53238
-5.52962
-5.5294
-5.52937
-5.53109
-5.53356
-5.53235
-5.53178
-5.53315
-5.53245
-5.53461
-5.53749
-5.54004
-5.53977
-5.53755
-5.53607
-5.53458
-5.53386
-5.53346
-5.53117
-5.5314
-5.53079
-5.53082
-5.53117
-5.53404
-5.53444
-5.53606
-5.5359
-5.53684
-5.53509
-5.53304
-5.53245
-5.53273
-5.53224
-5.53378
-5.53365
-5.53523
-5.5355
-5.53867
-5.53545
-5.53604
-5.53484
-5.53425
-5.53395
-5.53422
-5.53235
-5.53283
-5.53489
-5.5335
-5.53179
-5.53101
-5.52892
-5.52952
-5.52811
-5.53041
-5.52823
-5.52824
-5.52893
-5.53346
-5.53483
-5.5372
-5.53832
-5.53736
-5.5368
-5.53831
-5.53744
-5.53787
-5.53489
-5.53477
-5.53344
-5.53161
-5.52967
-5.52961
-5.52821
-5.53067
-5.53147
-5.53314
-5.5333
-5.52958
-5.53119
-5.53183
-5.53305
-5.53458
-5.53362
-5.53363
-5.53185
-5.53222
-5.53143
-5.52995
-5.52699
-5.52475
-5.52435
-5.52358
-5.52481
-5.52562
-5.52696
-5.52854
-5.53231
-5.53629
-5.53666
-5.53738
-5.53654
-5.53711
-5.53721
-5.5382
-5.53753
-5.53465
-5.53415
-5.53348
-5.53424
-5.53215
-5.53198
-5.52974
-5.53059
-5.53003
-5.53105
-5.52892
-5.52929
-5.52938
-5.52862
-5.52864
-5.52937
-5.53191
-5.53342
-5.53492
-5.53587
-5.53747
-5.53817
-5.54004
-5.53776
-5.53573
-5.53314
-5.53336
-5.53129
-5.53024
-5.52994
-5.53075
-5.53394
-5.53358
-5.53366
-5.53647
-5.53659
-5.5365
-5.53658
-5.53599
-5.53585
-5.53405
-5.532
-5.53404
-5.53345
-5.53382
-5.53285
-5.53338
-5.53269
-5.53359
-5.53306
-5.53395
-5.53461
-5.53313
-5.53537
-5.53617
-5.53493
-5.53588
-5.53451
-5.53576
-5.53423
-5.53296
-5.53274
-5.53461
-5.53302
-5.53363
-5.53393
-5.53433
-5.53404
-5.53754
-5.53743
-5.53767
-5.53932
-5.53824
-5.53545
-5.53326
-5.53207
-5.53134
-5.53187
-5.53021
-5.53161
-5.53277
-5.53382
-5.53452
-5.53852
-5.53759
-5.53753
-5.53648
-5.53521
-5.53517
-5.53483
-5.53427
-5.53261
-5.53189
-5.53224
-5.53464
-5.5357
-5.53831
-5.53699
-5.53548
-5.53547
-5.53582
-5.53703
-5.53567
-5.53477
-5.53669
-5.53789
-5.53708
-5.53676
-5.53649
-5.53653
-5.53681
-5.53504
-5.53348
-5.53405
-5.53287
-5.53156
-5.53145
-5.5287
-5.53017
-5.53075
-5.53114
-5.52877
-5.52909
-5.53173
-5.53117
-5.53428
-5.5327
-5.53231
-5.53666
-5.53689
-5.53805
-5.5387
-5.5384
-5.53938
-5.53942
-5.53828
-5.53737
-5.53677
-5.53529
-5.5346
-5.5344
-5.53273
-5.53245
-5.53384
-5.5346
-5.53279
-5.53261
-5.53341
-5.53452
-5.53524
-5.5349
-5.53413
-5.53329
-5.53305
-5.53216
-5.53323
-5.53402
-5.53482
-5.53565
-5.53423
-5.53443
-5.5337
-5.53237
-5.52981
-5.52865
-5.52951
-5.53142
-5.53046
-5.53114
-5.5318
-5.53309
-5.53502
-5.53437
-5.53372
-5.53371
-5.53297
-5.53433
-5.53354
-5.53223
-5.53138
-5.53271
-5.53438
-5.53131
-5.52973
-5.53124
-5.53257
-5.53267
-5.53472
-5.5348
-5.53482
-5.53317
-5.53282
-5.53348
-5.53263
-5.53094
-5.532
-5.53447
-5.5376
-5.53998
-5.54047
-5.53996
-5.53816
-5.53711
-5.53925
-5.5363
-5.53512
-5.53213
-5.53116
-5.52927
-5.52943
-5.52944
-5.52839
-5.52889
-5.52996
-5.52792
-5.52915
-5.53132
-5.53277
-5.53343
-5.53452
-5.53727
-5.53549
-5.53631
-5.53496
-5.53411
-5.53415
-5.53546
-5.53417
-5.53325
-5.53182
-5.53262
-5.53191
-5.53301
-5.53456
-5.53408
-5.53581
-5.53434
-5.53218
-5.53259
-5.53241
-5.5334
-5.53243
-5.53258
-5.53261
-5.53315
-5.53545
-5.53812
-5.53757
-5.53795
-5.53851
-5.54009
-5.54068
-5.54228
-5.54017
-5.53842
-5.5349
-5.53717
-5.53746
-5.53671
-5.53611
-5.53553
-5.53553
-5.53444
-5.53294
-5.53269
-5.53275
-5.53447
-5.53296
-5.5311
-5.53208
-5.53391
-5.53365
-5.53102
-5.53221
-5.53118
-5.53055
-5.53066
-5.53052
-5.52943
-5.5287
-5.52807
-5.52795
-5.53035
-5.53006
-5.53057
-5.53171
-5.53138
-5.535
-5.53376
-5.53677
-5.5373
-5.53872
-5.53695
-5.53635
-5.53407
-5.53166
-5.53445
-5.53477
-5.53511
-5.53387
-5.53415
-5.53387
-5.53258
-5.53132
-5.533
-5.53331
-5.53474
-5.53388
-5.5342
-5.53394
-5.53692
-5.53734
-5.53494
-5.53374
-5.53417
-5.53505
-5.53679
-5.53779
-5.53864
-5.53791
-5.53678
-5.53808
-5.53861
-5.53617
-5.5357
-5.53464
-5.53335
-5.53211
-5.5325
-5.53478
-5.53375
-5.53425
-5.53341
-5.53228
-5.53191
-5.53174
-5.53077
-5.53183
-5.53083
-5.53115
-5.53009
-5.53034
-5.52883
-5.5284
-5.52897
-5.53008
-5.53048
-5.53003
-5.53197
-5.53138
-5.5329
-5.53233
-5.53153
-5.53108
-5.53106
-5.53368
-5.53491
-5.53432
-5.53356
-5.53367
-5.53184
-5.5311
-5.53409
-5.53631
-5.53645
-5.53833
-5.53833
-5.53735
-5.53823
-5.53739
-5.53577
-5.53632
-5.53488
-5.53504
-5.53518
-5.53589
-5.53617
-5.53601
-5.53486
-5.53585
-5.53687
-5.53836
-5.53928
-5.53902
-5.53794
-5.53805
-5.53507
-5.53623
-5.53455
-5.53216
-5.53181
-5.53101
-5.53012
-5.53172
-5.5322
-5.53307
-5.53198
-5.53048
-5.52921
-5.53075
-5.53098
-5.53186
-5.53242
-5.53231
-5.53089
-5.53211
-5.53251
-5.53214
-5.5326
-5.53315
-5.53432
-5.53509
-5.53446
-5.53507
-5.53401
-5.53545
-5.53512
-5.53519
-5.53174
-5.53066
-5.52854
-5.53046
-5.53206
-5.53471
-5.53482
-5.53453
-5.53459
-5.53416
-5.53342
-5.53231
-5.53122
-5.53127
-5.531
-5.5315
-5.53252
-5.53312
-5.53266
-5.53375
-5.53536
-5.53514
-5.53715
-5.53672
-5.53928
-5.53928
-5.53902
-5.53791
-5.538
-5.53613
-5.53268
-5.53122
-5.53045
-5.53009
-5.52788
-5.53037
-5.53176
-5.53234
-5.53174
-5.53247
-5.53446
-5.53183
-5.53202
-5.53378
-5.53389
-5.53171
-5.53208
-5.53561
-5.53448
-5.53258
-5.53155
-5.5327
-5.53059
-5.52819
-5.5275
-5.5273
-5.52767
-5.52929
-5.52857
-5.52901
-5.52883
-5.52918
-5.53121
-5.52998
-5.53132
-5.53112
-5.53214
-5.53133
-5.53207
-5.53149
-5.5305
-5.52996
-5.53297
-5.53235
-5.5313
-5.53312
-5.53431
-5.53491
-5.53522
-5.53679
-5.53757
-5.53778
-5.53701
-5.53695
-5.53381
-5.53294
-5.5332
-5.53408
-5.53498
-5.53683
-5.53692
-5.53572
-5.53664
-5.53572
-5.53621
-5.53753
-5.53528
-5.53667
-5.53663
-5.53586
-5.53468
-5.53528
-5.53559
-5.5371
-5.53682
-5.5373
-5.53689
-5.53591
-5.53406
-5.53563
-5.53329
-5.53143
-5.53207
-5.53427
-5.53374
-5.53331
-5.53097
-5.53156
-5.53407
-5.5356
-5.53392
-5.53358
-5.5353
-5.53417
-5.5356
-5.53782
-5.53843
-5.54167
-5.54051
-5.5396
-5.53745
-5.53574
-5.53612
-5.53597
-5.53493
-5.53461
-5.53532
-5.53416
-5.53468
-5.5343
-5.53721
-5.53851
-5.53654
-5.5371
-5.53595
-5.53632
-5.5343
-5.53477
-5.53416
-5.53376
-5.53297
-5.53283
-5.53381
-5.53443
-5.53669
-5.53639
-5.53534
-5.53754
-5.53761
-5.53931
-5.53745
-5.53823
-5.53815
-5.53855
-5.53848
-5.53699
-5.53707
-5.53553
-5.53475
-5.53449
-5.53356
-5.53201
-5.53239
-5.53167
-5.53131
-5.53211
-5.53376
-5.53474
-5.53419
-5.5351
-5.53549
-5.53782
-5.53772
-5.53734
-5.53792
-5.53754
-5.5392
-5.5359
-5.53329
-5.53278
-5.53221
-5.53385
-5.53635
-5.53699
-5.53888
-5.53967
-5.53799
-5.53704
-5.53583
-5.53314
-5.53043
-5.53208
-5.53118
-5.53041
-5.53047
-5.53156
-5.53382
-5.53535
-5.53757
-5.53774
-5.53619
-5.53883
-5.53898
-5.53905
-5.53659
-5.53655
-5.53502
-5.53676
-5.53744
-5.53505
-5.53515
-5.53527
-5.53328
-5.53218
-5.5336
-5.53489
-5.5344
-5.53567
-5.53704
-5.53677
-5.5367
-5.53608
-5.53812
-5.53958
-5.53887
-5.54025
-5.53953
-5.53805
-5.53653
-5.53473
-5.5347
-5.53301
-5.532
-5.53203
-5.53367
-5.53354
-5.53498
-5.53433
-5.53542
-5.53573
-5.53342
-5.53471
-5.53442
-5.53379
-5.53302
-5.53334
-5.53439
-5.53299
-5.53435
-5.53433
-5.53366
-5.53338
-5.53323
-5.53162
-5.53083
-5.53212
-5.53128
-5.53122
-5.53228
-5.53318
-5.53294
-5.53275
-5.53413
-5.53466
-5.53357
-5.53271
-5.53241
-5.53114
-5.53042
-5.53051
-5.53071
-5.52984
-5.5307
-5.53146
-5.53286
-5.53256
-5.53344
-5.53324
-5.53161
-5.53433
-5.53326
-5.53419
-5.53483
-5.53395
-5.53551
-5.53577
-5.53554
-5.53365
-5.53279
-5.53203
-5.53036
-5.52994
-5.53094
-5.53092
-5.53137
-5.53378
-5.53425
-5.53344
-5.53433
-5.53439
-5.53599
-5.53404
-5.53515
-5.53485
-5.53576
-5.53658
-5.53595
-5.53635
-5.53672
-5.53439
-5.53549
-5.53459
-5.53239
-5.53345
-5.53485
-5.53461
-5.53366
-5.53427
-5.53678
-5.53635
-5.53526
-5.53578
-5.53401
-5.53351
-5.53365
-5.53379
-5.53267
-5.53066
-5.53004
-5.52983
-5.53099
-5.53251
-5.53276
-5.53011
-5.53011
-5.53021
-5.53042
-5.5313
-5.53269
-5.53344
-5.53349
-5.53348
-5.53224
-5.53024
-5.53022
-5.53034
-5.52942
-5.52951
-5.53226
-5.53409
-5.53526
-5.53526
-5.53456
-5.5356
-5.53637
-5.5388
-5.5374
-5.53581
-5.53509
-5.53436
-5.53209
-5.53416
-5.53376
-5.53403
-5.53424
-5.53363
-5.5338
-5.53319
-5.53294
-5.53124
-5.53246
-5.53214
-5.53154
-5.53126
-5.5321
-5.53421
-5.53479
-5.53688
-5.53647
-5.53487
-5.53385
-5.53333
-5.53257
-5.53212
-5.53279
-5.53202
-5.53104
-5.53322
-5.53509
-5.53804
-5.53842
-5.53716
-5.53756
-5.53876
-5.53796
-5.53947
-5.53975
-5.53979
-5.53798
-5.53724
-5.53787
-5.53467
-5.53507
-5.53389
-5.53568
-5.53688
-5.53714
-5.53767
-5.53583
-5.53509
-5.53446
-5.53105
-5.53172
-5.52784
-5.52861
-5.52797
-5.52892
-5.52888
-5.52814
-5.52853
-5.52988
-5.53331
-5.53098
-5.53104
-5.52812
-5.52885
-5.53236
-5.53279
-5.53362
-5.53276
-5.53656
-5.5339
-5.53383
-5.53286
-5.53502
-5.5343
-5.53083
-5.53148
-5.53395
-5.53368
-5.53257
-5.53255
-5.53357
-5.53395
-5.53232
-5.5306
-5.53102
-5.53196
-5.53182
-5.52996
-5.53356
-5.53425
-5.53339
-5.53362
-5.53301
-5.53446
-5.53277
-5.53404
-5.53597
-5.53493
-5.5373
-5.53652
-5.53581
-5.53553
-5.53351
-5.53376
-5.53281
-5.53074
-5.53152
-5.53037
-5.53148
-5.53026
-5.53175
-5.53095
-5.53427
-5.53422
-5.53304
-5.53366
-5.53379
-5.53278
-5.53486
-5.53391
-5.5342
-5.53315
-5.5324
-5.53324
-5.53343
-5.53431
-5.53431
-5.53471
-5.53388
-5.53371
-5.5335
-5.53259
-5.53103
-5.53113
-5.53009
-5.52863
-5.52877
-5.53084
-5.53186
-5.532
-5.53368
-5.53605
-5.53707
-5.53963
-5.54024
-5.53901
-5.53962
-5.53928
-5.53714
-5.53583
-5.5357
-5.53379
-5.53718
-5.53642
-5.53731
-5.53723
-5.53683
-5.53965
-5.54049
-5.54099
-5.53983
-5.5418
-5.54136
-5.54077
-5.53806
-5.53487
-5.53451
-5.53383
-5.53294
-5.53319
-5.53297
-5.53123
-5.53211
-5.52974
-5.53066
-5.53044
-5.53075
-5.53224
-5.53325
-5.53464
-5.53277
-5.53376
-5.53371
-5.53517
-5.53417
-5.53518
-5.53396
-5.53644
-5.53757
-5.5371
-5.53602
-5.53658
-5.53656
-5.53733
-5.53833
-5.53698
-5.53644
-5.53531
-5.53574
-5.537
-5.53447
-5.53487
-5.53363
-5.5334
-5.53273
-5.53052
-5.53056
-5.52975
-5.53009
-5.53179
-5.53304
-5.53327
-5.53292
-5.53258
-5.53454
-5.53537
-5.53553
-5.5351
-5.53569
-5.53468
-5.53231
-5.53377
-5.5339
-5.53245
-5.53141
-5.53181
-5.53107
-5.53175
-5.53312
-5.5354
-5.53463
-5.53698
-5.53828
-5.53928
-5.54005
-5.53896
-5.53756
-5.53798
-5.53722
-5.53622
-5.53695
-5.53596
-5.53658
-5.53694
-5.53575
-5.53588
-5.53473
-5.53296
-5.53127
-5.53111
-5.53035
-5.53165
-5.53265
-5.53253
-5.53362
-5.53409
-5.53351
-5.53448
-5.53578
-5.5356
-5.53602
-5.53681
-5.53607
-5.53643
-5.53593
-5.53551
-5.53547
-5.53711
-5.53531
-5.53401
-5.5332
-5.53477
-5.53634
-5.53818
-5.53831
-5.53903
-5.53865
-5.53869
-5.53713
-5.53691
-5.53716
-5.53706
-5.53573
-5.53555
-5.53174
-5.53406
-5.53116
-5.53266
-5.53354
-5.53333
-5.53777
-5.53716
-5.53743
-5.53809
-5.53623
-5.53592
-5.53373
-5.53251
-5.53236
-5.53051
-5.5307
-5.53172
-5.53233
-5.53123
-5.53097
-5.52989
-5.52958
-5.52934
-5.52882
-5.53156
-5.53172
-5.53218
-5.5329
-5.53355
-5.53509
-5.53237
-5.53185
-5.53256
-5.53188
-5.53305
-5.53679
-5.53702
-5.53704
-5.53519
-5.53266
-5.53222
-5.53094
-5.53083
-5.53108
-5.53152
-5.53288
-5.5345
-5.53599
-5.53757
-5.53625
-5.53777
-5.53851
-5.53673
-5.53661
-5.53911
-5.53877
-5.53956
-5.54032
-5.53793
-5.53639
-5.53734
-5.53365
-5.53463
-5.53534
-5.53605
-5.53542
-5.53604
-5.53567
-5.53636
-5.53589
-5.53596
-5.53654
-5.53531
-5.53541
-5.53447
-5.53369
-5.53432
-5.53471
-5.53354
-5.53349
-5.53495
-5.53381
-5.53275
-5.53504
-5.5355
-5.53505
-5.5346
-5.53378
-5.53452
-5.53423
-5.53361
-5.53464
-5.53346
-5.53371
-5.53518
-5.53662
-5.53867
-5.53795
-5.53717
-5.53777
-5.5357
-5.53454
-5.53405
-5.53179
-5.53244
-5.53223
-5.53284
-5.53267
-5.53396
-5.53342
-5.5323
-5.52864
-5.52927
-5.53001
-5.53153
-5.53475
-5.53533
-5.53473
-5.53542
-5.53671
-5.53735
-5.5339
-5.53341
-5.53191
-5.53093
-5.53377
-5.53403
-5.53582
-5.53521
-5.53505
-5.53284
-5.53428
-5.53566
-5.53678
-5.53615
-5.5348
-5.53373
-5.53392
-5.53409
-5.53485
-5.5358
-5.53514
-5.53426
-5.5359
-5.53381
-5.53515
-5.53163
-5.5309
-5.53159
-5.52873
-5.52733
-5.52611
-5.5272
-5.52813
-5.52967
-5.53426
-5.53567
-5.53481
-5.5346
-5.53449
-5.53428
-5.5345
-5.53368
-5.53217
-5.53376
-5.53564
-5.53372
-5.53375
-5.53385
-5.53385
-5.53488
-5.53414
-5.53559
-5.53309
-5.5337
-5.53445
-5.53456
-5.53623
-5.53556
-5.53454
-5.53546
-5.53608
-5.53667
-5.53683
-5.53649
-5.53597
-5.53629
-5.53397
-5.53233
-5.53502
-5.53624
-5.53631
-5.53745
-5.53835
-5.5393
-5.53931
-5.54061
-5.54153
-5.54037
-5.53973
-5.53997
-5.5415
-5.5418
-5.54246
-5.5434
-5.54225
-5.53989
-5.53896
-5.5386
-5.53669
-5.53822
-5.53612
-5.53686
-5.53521
-5.53721
-5.53693
-5.53199
-5.53205
-5.53193
-5.53555
-5.53454
-5.53382
-5.53247
-5.53252
-5.53047
-5.5296
-5.52994
-5.53213
-5.53256
-5.53504
-5.53622
-5.53633
-5.53725
-5.53861
-5.5391
-5.5377
-5.53858
-5.53658
-5.53404
-5.5334
-5.53262
-5.53185
-5.53116
-5.52949
-5.53186
-5.53485
-5.5341
-5.53476
-5.53526
-5.53471
-5.53423
-5.53453
-5.53468
-5.53398
-5.53526
-5.53516
-5.53361
-5.53412
-5.53446
-5.53305
-5.53163
-5.53156
-5.53292
-5.53341
-5.53558
-5.53648
-5.53454
-5.53602
-5.53392
-5.53571
-5.53674
-5.53741
-5.53782
-5.54011
-5.54205
-5.54213
-5.54275
-5.54109
-5.53947
-5.53882
-5.53914
-5.53914
-5.53883
-5.53727
-5.5374
-5.53794
-5.5385
-5.53703
-5.53633
-5.53573
-5.53558
-5.53441
-5.53434
-5.53555
-5.53653
-5.53543
-5.53572
-5.53693
-5.53848
-5.53857
-5.53869
-5.5392
-5.53921
-5.53819
-5.53647
-5.53594
-5.53816
-5.5369
-5.5351
-5.53478
-5.53505
-5.53504
-5.53385
-5.53381
-5.53528
-5.53698
-5.53692
-5.536
-5.53671
-5.53606
-5.53825
-5.53879
-5.53899
-5.5408
-5.54061
-5.53834
-5.53714
-5.5357
-5.53634
-5.5365
-5.53565
-5.53356
-5.53288
-5.5314
-5.53178
-5.52992
-5.52955
-5.53234
-5.53353
-5.53655
-5.53646
-5.53644
-5.53607
-5.53589
-5.53769
-5.53791
-5.53683
-5.53407
-5.5351
-5.53413
-5.53572
-5.53603
-5.53509
-5.53553
-5.5348
-5.53613
-5.53533
-5.5343
-5.53362
-5.53095
-5.52978
-5.52941
-5.52951
-5.52879
-5.53283
-5.53103
-5.53354
-5.53492
-5.53522
-5.53509
-5.53511
-5.53393
-5.53405
-5.53275
-5.53287
-5.53337
-5.53297
-5.53276
-5.53131
-5.5321
-5.53336
-5.53546
-5.53597
-5.53849
-5.53818
-5.53776
-5.53816
-5.53883
-5.53544
-5.53496
-5.5362
-5.53822
-5.53898
-5.53835
-5.5385
-5.53681
-5.53626
-5.53278
-5.53332
-5.53152
-5.53198
-5.5334
-5.53121
-5.53312
-5.53352
-5.53199
-5.53327
-5.53376
-5.53507
-5.53597
-5.53744
-5.53563
-5.53601
-5.53438
-5.53264
-5.53307
-5.53276
-5.53337
-5.53172
-5.53177
-5.53228
-5.53169
-5.53095
-5.5326
-5.53883
-5.53885
-5.53906
-5.53746
-5.53754
-5.53669
-5.53527
-5.53406
-5.53289
-5.53163
-5.53268
-5.53156
-5.53211
-5.53325
-5.53515
-5.53665
-5.53698
-5.53541
-5.53581
-5.53402
-5.53531
-5.53462
-5.53434
-5.53291
-5.5352
-5.53435
-5.53543
-5.53539
-5.53615
-5.5348
-5.53377
-5.53451
-5.53682
-5.53655
-5.53679
-5.53698
-5.53796
-5.53969
-5.53965
-5.54114
-5.541
-5.53857
-5.53969
-5.53821
-5.53771
-5.53692
-5.53648
-5.53739
-5.53606
-5.53636
-5.53534
-5.5372
-5.53873
-5.53738
-5.538
-5.53797
-5.53689
-5.53666
-5.53498
-5.53388
-5.53257
-5.53189
-5.53231
-5.53322
-5.5341
-5.53496
-5.5348
-5.53628
-5.53709
-5.5367
-5.53733
-5.53638
-5.53514
-5.53448
-5.53445
-5.53587
-5.5372
-5.53693
-5.53876
-5.54003
-5.54042
-5.53935
-5.5417
-5.54193
-5.54062
-5.53841
-5.53702
-5.53433
-5.53305
-5.53166
-5.53344
-5.53286
-5.53408
-5.53409
-5.53442
-5.53177
-5.53384
-5.53154
-5.53367
-5.53355
-5.53425
-5.53456
-5.53638
-5.53949
-5.53973
-5.53923
-5.53772
-5.53668
-5.53697
-5.53519
-5.53721
-5.53555
-5.53431
-5.53377
-5.53356
-5.53175
-5.53158
-5.53138
-5.53436
-5.53209
-5.53268
-5.53325
-5.53097
-5.53111
-5.53246
-5.53366
-5.53396
-5.5354
-5.53556
-5.53509
-5.53573
-5.53474
-5.53224
-5.53087
-5.52964
-5.53076
-5.5335
-5.53327
-5.53394
-5.53487
-5.53411
-5.53487
-5.53265
-5.532
-5.53364
-5.53474
-5.53437
-5.53415
-5.53273
-5.53328
-5.53476
-5.53679
-5.53544
-5.53622
-5.53458
-5.53347
-5.53033
-5.52689
-5.52684
-5.52998
-5.53117
-5.53037
-5.53099
-5.52901
-5.52816
-5.52968
-5.52746
-5.52772
-5.52796
-5.52992
-5.53233
-5.53357
-5.53392
-5.53495
-5.53596
-5.53592
-5.5361
-5.53609
-5.53784
-5.53876
-5.53702
-5.53689
-5.53586
-5.53492
-5.53436
-5.53248
-5.53153
-5.5312
-5.53252
-5.53138
-5.53269
-5.5329
-5.53261
-5.53268
-5.53332
-5.53382
-5.53515
-5.53448
-5.53511
-5.53616
-5.53505
-5.53367
-5.5355
-5.53562
-5.534
-5.53356
-5.53175
-5.52959
-5.52877
-5.52839
-5.52974
-5.52987
-5.53101
-5.53054
-5.53035
-5.52947
-5.53141
-5.53421
-5.53499
-5.53576
-5.53564
-5.53243
-5.53359
-5.53488
-5.53392
-5.53417
-5.53422
-5.5363
-5.53587
-5.53398
-5.5336
-5.53421
-5.53334
-5.53048
-5.53217
-5.53225
-5.53284
-5.53247
-5.53363
-5.53367
-5.53421
-5.53596
-5.53638
-5.53682
-5.53629
-5.53474
-5.53175
-5.5318
-5.5333
-5.53243
-5.53064
-5.52933
-5.52953
-5.53158
-5.53222
-5.53239
-5.53268
-5.53396
-5.53353
-5.53583
-5.53563
-5.53617
-5.5362
-5.53456
-5.53459
-5.53636
-5.53856
-5.54013
-5.53771
-5.53604
-5.53477
-5.53368
-5.5339
-5.53242
-5.53259
-5.5334
-5.53276
-5.53312
-5.53384
-5.53366
-5.5342
-5.53508
-5.53781
-5.53878
-5.53899
-5.53854
-5.53551
-5.53532
-5.53428
-5.53685
-5.53694
-5.53723
-5.5356
-5.53442
-5.53285
-5.53416
-5.53346
-5.53392
-5.53315
-5.53492
-5.53364
-5.5348
-5.53254
-5.53243
-5.52996
-5.53257
-5.53249
-5.53528
-5.5342
-5.5339
-5.5342
-5.53318
-5.53406
-5.53478
-5.53454
-5.53415
-5.53417
-5.53296
-5.53155
-5.53195
-5.53227
-5.53388
-5.53518
-5.53685
-5.53566
-5.53648
-5.53836
-5.53768
-5.53666
-5.53591
-5.53416
-5.53369
-5.53494
-5.536
-5.53555
-5.53608
-5.53687
-5.53627
-5.53556
-5.53606
-5.53588
-5.53535
-5.53548
-5.53562
-5.5368
-5.53423
-5.53474
-5.53384
-5.5347
-5.53654
-5.53665
-5.53528
-5.53662
-5.53878
-5.53855
-5.53796
-5.53869
-5.53817
-5.53865
-5.53718
-5.5357
-5.53387
-5.53335
-5.53192
-5.53191
-5.53044
-5.53042
-5.53085
-5.52975
-5.53318
-5.53231
-5.53353
-5.53423
-5.53248
-5.53545
-5.53512
-5.53899
-5.53899
-5.53765
-5.53655
-5.5366
-5.53398
-5.53301
-5.53386
-5.53149
-5.52918
-5.52688
-5.52996
-5.53047
-5.5295
-5.52821
-5.52756
-5.52698
-5.52824
-5.52956
-5.52746
-5.52874
-5.53108
-5.53049
-5.53147
-5.53143
-5.53172
-5.53142
-5.53156
-5.53211
-5.53372
-5.53343
-5.53508
-5.53604
-5.53562
-5.5386
-5.53554
-5.53454
-5.53468
-5.53284
-5.5317
-5.5323
-5.53146
-5.53081
-5.53193
-5.53212
-5.53198
-5.53149
-5.53105
-5.53041
-5.53311
-5.5329
-5.53326
-5.53345
-5.53318
-5.53407
-5.53454
-5.53523
-5.53517
-5.53409
-5.53499
-5.534
-5.53403
-5.53408
-5.53575
-5.5339
-5.53372
-5.53327
-5.53218
-5.53532
-5.53524
-5.53366
-5.53258
-5.5301
-5.53074
-5.53092
-5.53245
-5.53585
-5.53677
-5.53543
-5.53372
-5.53461
-5.5349
-5.53375
-5.53387
-5.53026
-5.52952
-5.53013
-5.53112
-5.53238
-5.53175
-5.53229
-5.53254
-5.53502
-5.53618
-5.53511
-5.53352
-5.53383
-5.53392
-5.53164
-5.53038
-5.52827
-5.52989
-5.5316
-5.5316
-5.53316
-5.53545
-5.53481
-5.53556
-5.53621
-5.5355
-5.5324
-5.53228
-5.53473
-5.53401
-5.53516
-5.53453
-5.53611
-5.53341
-5.53444
-5.53389
-5.53527
-5.53437
-5.53372
-5.53429
-5.53473
-5.53605
-5.53708
-5.53476
-5.53401
-5.53391
-5.5354
-5.53414
-5.53162
-5.53235
-5.53098
-5.53186
-5.5322
-5.53054
-5.53011
-5.52998
-5.53329
-5.53393
-5.53674
-5.53784
-5.53725
-5.535
-5.53348
-5.53482
-5.53404
-5.53484
-5.53214
-5.53245
-5.53247
-5.53506
-5.5356
-5.53817
-5.54025
-5.53955
-5.54162
-5.54097
-5.53984
-5.53571
-5.53571
-5.53188
-5.53063
-5.5318
-5.53214
-5.53171
-5.53161
-5.53191
-5.53286
-5.53326
-5.53448
-5.53728
-5.5348
-5.53455
-5.53443
-5.53399
-5.53342
-5.53124
-5.53067
-5.53128
-5.53287
-5.53524
-5.5344
-5.53422
-5.53666
-5.53567
-5.53526
-5.53455
-5.5359
-5.5345
-5.53394
-5.53716
-5.53929
-5.53868
-5.53821
-5.53681
-5.53602
-5.53671
-5.53723
-5.53757
-5.53391
-5.53443
-5.535
-5.53469
-5.53317
-5.53462
-5.53671
-5.53906
-5.53972
-5.5403
-5.54049
-5.53931
-5.53905
-5.53781
-5.53823
-5.53585
-5.53585
-5.53369
-5.53514
-5.53393
-5.53223
-5.53224
-5.53207
-5.53282
-5.53072
-5.52944
-5.53066
-5.53146
-5.53249
-5.53502
-5.5332
-5.53506
-5.53497
-5.53543
-5.53666
-5.53635
-5.53903
-5.53888
-5.53981
-5.54091
-5.54123
-5.54058
-5.54031
-5.53791
-5.53891
-5.5375
-5.53786
-5.53901
-5.53576
-5.53586
-5.53631
-5.53827
-5.53833
-5.53604
-5.53302
-5.53327
-5.52988
-5.52824
-5.52721
-5.52722
-5.52769
-5.52606
-5.52941
-5.5317
-5.53141
-5.53544
-5.53562
-5.53713
-5.54005
-5.53988
-5.5405
-5.53898
-5.53691
-5.53819
-5.5393
-5.53678
-5.53652
-5.53833
-5.53554
-5.53442
-5.5331
-5.53508
-5.53598
-5.53651
-5.53745
-5.53768
-5.53652
-5.5354
-5.5365
-5.53551
-5.53412
-5.53188
-5.53221
-5.53411
-5.53372
-5.53305
-5.53336
-5.53202
-5.53385
-5.53303
-5.5325
-5.53232
-5.53316
-5.53214
-5.5319
-5.53214
-5.53156
-5.5318
-5.53146
-5.53175
-5.53222
-5.5344
-5.5337
-5.53428
-5.53652
-5.53697
-5.53452
-5.53516
-5.53417
-5.5332
-5.53124
-5.53106
-5.53319
-5.53463
-5.53565
-5.53624
-5.53739
-5.53716
-5.53718
-5.53843
-5.53605
-5.5349
-5.53337
-5.53242
-5.53139
-5.52997
-5.52883
-5.52935
-5.5284
-5.52864
-5.52977
-5.52981
-5.52906
-5.53169
-5.53174
-5.53204
-5.53314
-5.53411
-5.53567
-5.53531
-5.53594
-5.53803
-5.53683
-5.53553
-5.53323
-5.53373
-5.5347
-5.53348
-5.53506
-5.53525
-5.53579
-5.5367
-5.53831
-5.53623
-5.53431
-5.5362
-5.53561
-5.5334
-5.53205
-5.5311
-5.53158
-5.53314
-5.53432
-5.53554
-5.53885
-5.53898
-5.54046
-5.54009
-5.53864
-5.53454
-5.53557
-5.53582
-5.53367
-5.53144
-5.53189
-5.53
-5.53143
-5.53134
-5.53317
-5.53411
-5.53392
-5.53478
-5.53315
-5.5352
-5.53485
-5.53494
-5.53708
-5.53806
-5.53923
-5.53872
-5.53761
-5.53729
-5.53527
-5.53358
-5.53066
-5.53134
-5.5329
-5.53546
-5.5382
-5.53901
-5.53949
-5.53968
-5.5384
-5.53903
-5.53973
-5.53957
-5.53656
-5.53353
-5.53399
-5.53178
-5.53209
-5.53627
-5.5379
-5.53732
-5.53778
-5.53664
-5.53776
-5.53334
-5.53213
-5.53157
-5.53332
-5.53259
-5.53234
-5.52908
-5.53094
-5.53173
-5.53229
-5.53377
-5.53381
-5.533
-5.53427
-5.53797
-5.53633
-5.53841
-5.5394
-5.53642
-5.53603
-5.53599
-5.53604
-5.53683
-5.53547
-5.53457
-5.53607
-5.53638
-5.53892
-5.5374
-5.53786
-5.5374
-5.53649
-5.53373
-5.53378
-5.5373
-5.54065
-5.5405
-5.53846
-5.53905
-5.53707
-5.53765
-5.53655
-5.53628
-5.53584
-5.53615
-5.53657
-5.53815
-5.53875
-5.5385
-5.53719
-5.53684
-5.53682
-5.5348
-5.53453
-5.53433
-5.53604
-5.53413
-5.53762
-5.53875
-5.53782
-5.53801
-5.5357
-5.53377
-5.53191
-5.53309
-5.53194
-5.53215
-5.53346
-5.53264
-5.53065
-5.53038
-5.52797
-5.52802
-5.52863
-5.52981
-5.53283
-5.53724
-5.53875
-5.53821
-5.53747
-5.53908
-5.53919
-5.53916
-5.53908
-5.53928
-5.54132
-5.53861
-5.53663
-5.53673
-5.53647
-5.53468
-5.53305
-5.53037
-5.52925
-5.52938
-5.53105
-5.53223
-5.53126
-5.53293
-5.53261
-5.53215
-5.53501
-5.53632
-5.53876
-5.54019
-5.53845
-5.53716
-5.5376
-5.53745
-5.5363
-5.53698
-5.53621
-5.53687
-5.53478
-5.53388
-5.53258
-5.53097
-5.53109
-5.53018
-5.53066
-5.53356
-5.53522
-5.53766
-5.53702
-5.53831
-5.53762
-5.53855
-5.53929
-5.53735
-5.53508
-5.53222
-5.53197
-5.53461
-5.53524
-5.53352
-5.53366
-5.53151
-5.53328
-5.53451
-5.5343
-5.53397
-5.53423
-5.53439
-5.53243
-5.53305
-5.53421
-5.5352
-5.53668
-5.53934
-5.53837
-5.53998
-5.53963
-5.53763
-5.53779
-5.53651
-5.53734
-5.53774
-5.53528
-5.53468
-5.53482
-5.53639
-5.53536
-5.53695
-5.53669
-5.5367
-5.53536
-5.536
-5.53291
-5.53106
-5.53052
-5.52973
-5.53195
-5.5317
-5.5316
-5.53169
-5.53134
-5.53279
-5.53368
-5.53584
-5.53782
-5.53663
-5.53642
-5.53567
-5.53582
-5.53444
-5.53263
-5.53195
-5.53185
-5.53213
-5.53116
-5.53146
-5.52982
-5.53006
-5.53262
-5.53466
-5.53669
-5.53672
-5.53754
-5.53831
-5.53853
-5.53699
-5.53502
-5.53586
-5.53591
-5.53453
-5.53369
-5.53181
-5.52966
-5.52798
-5.52915
-5.52841
-5.52766
-5.52551
-5.52668
-5.52558
-5.52933
-5.52953
-5.53041
-5.52998
-5.53175
-5.5337
-5.53356
-5.53423
-5.53445
-5.53427
-5.53436
-5.53349
-5.53463
-5.53458
-5.53628
-5.53513
-5.53525
-5.53524
-5.53379
-5.5332
-5.53156
-5.53541
-5.53571
-5.53447
-5.53399
-5.53658
-5.53803
-5.53796
-5.53598
-5.5353
-5.53622
-5.53588
-5.53718
-5.53814
-5.53836
-5.53878
-5.53975
-5.54293
-5.54117
-5.53963
-5.53694
-5.5344
-5.53337
-5.53462
-5.53279
-5.53281
-5.53213
-5.53298
-5.52978
-5.5315
-5.5322
-5.53153
-5.53308
-5.53174
-5.53278
-5.53424
-5.53408
-5.53664
-5.53663
-5.53598
-5.53511
-5.53733
-5.53723
-5.5339
-5.53199
-5.53065
-5.5316
-5.53129
-5.53258
-5.53406
-5.53523
-5.53628
-5.53676
-5.53698
-5.53863
-5.53857
-5.53981
-5.53846
-5.53805
-5.53784
-5.5365
-5.5376
-5.53507
-5.53488
-5.53329
-5.5333
-5.53326
-5.53272
-5.5331
-5.53363
-5.5317
-5.53222
-5.53365
-5.53287
-5.53249
-5.53096
-5.53145
-5.53294
-5.53433
-5.53427
-5.53434
-5.53332
-5.53454
-5.53365
-5.53433
-5.53432
-5.53419
-5.53602
-5.53836
-5.53883
-5.53776
-5.5375
-5.53745
-5.53574
-5.5334
-5.53378
-5.53174
-5.53282
-5.53116
-5.53188
-5.53265
-5.53242
-5.53372
-5.53522
-5.53495
-5.53551
-5.53338
-5.53186
-5.53427
-5.53486
-5.53523
-5.53373
-5.53377
-5.53105
-5.53134
-5.53016
-5.53182
-5.53193
-5.53288
-5.53343
-5.53262
-5.53456
-5.53295
-5.5322
-5.53191
-5.53342
-5.53517
-5.5344
-5.53158
-5.53068
-5.53006
-5.53056
-5.53522
-5.53605
-5.53619
-5.5363
-5.53548
-5.53677
-5.53832
-5.53697
-5.53599
-5.53575
-5.53501
-5.53384
-5.53392
-5.53336
-5.53404
-5.53359
-5.53543
-5.53526
-5.53853
-5.53841
-5.53615
-5.53624
-5.53637
-5.5372
-5.53526
-5.53482
-5.53374
-5.53338
-5.52931
-5.52874
-5.53105
-5.53236
-5.53197
-5.53464
-5.53536
-5.53528
-5.53527
-5.53693
-5.53672
-5.53828
-5.53748
-5.53473
-5.53756
-5.53631
-5.53648
-5.53671
-5.53564
-5.53382
-5.53289
-5.53352
-5.53285
-5.53385
-5.53175
-5.52857
-5.53051
-5.53239
-5.53382
-5.53496
-5.53339
-5.53325
-5.5345
-5.53521
-5.53606
-5.53513
-5.53377
-5.53236
-5.53195
-5.53127
-5.53097
-5.53268
-5.53383
-5.53349
-5.53292
-5.53274
-5.5361
-5.53678
-5.53636
-5.53618
-5.53471
-5.53494
-5.53497
-5.53515
-5.53354
-5.53428
-5.53665
-5.53634
-5.53719
-5.53659
-5.53649
-5.53498
-5.53603
-5.53517
-5.53251
-5.53233
-5.53304
-5.53396
-5.5343
-5.53683
-5.53786
-5.53986
-5.54022
-5.54059
-5.5391
-5.53846
-5.53551
-5.53459
-5.53518
-5.53419
-5.53496
-5.53291
-5.53496
-5.53762
-5.53714
-5.53572
-5.53498
-5.53497
-5.53582
-5.53346
-5.5332
-5.53253
-5.53183
-5.53102
-5.5309
-5.52968
-5.53051
-5.53275
-5.53392
-5.53612
-5.53784
-5.53686
-5.53867
-5.53766
-5.53791
-5.53894
-5.53839
-5.53625
-5.53511
-5.53539
-5.53394
-5.53408
-5.53135
-5.53262
-5.5318
-5.52955
-5.52944
-5.53109
-5.53414
-5.53337
-5.53073
-5.53236
-5.53112
-5.52984
-5.53235
-5.53214
-5.53247
-5.53154
-5.52977
-5.53013
-5.53226
-5.53211
-5.53081
-5.53149
-5.53153
-5.53263
-5.53302
-5.53258
-5.53219
-5.53195
-5.53281
-5.53488
-5.53527
-5.53697
-5.53784
-5.53758
-5.5363
-5.53839
-5.53915
-5.53809
-5.53756
-5.5379
-5.53908
-5.53718
-5.53662
-5.53701
-5.536
-5.53252
-5.53144
-5.52955
-5.52953
-5.52886
-5.52735
-5.52576
-5.5258
-5.52623
-5.52603
-5.52637
-5.53
-5.53189
-5.53193
-5.53206
-5.53132
-5.53174
-5.53306
-5.5321
-5.53179
-5.53409
-5.53218
-5.53413
-5.53538
-5.53687
-5.53727
-5.53592
-5.5354
-5.53503
-5.53583
-5.53335
-5.53164
-5.52888
-5.52643
-5.52753
-5.5282
-5.52895
-5.53096
-5.52961
-5.52977
-5.5289
-5.53002
-5.52865
-5.52806
-5.52854
-5.52907
-5.52861
-5.53229
-5.53298
-5.53161
-5.53141
-5.53364
-5.53339
-5.53329
-5.53271
-5.53305
-5.53183
-5.53139
-5.52954
-5.5302
-5.5314
-5.53241
-5.53184
-5.53512
-5.53246
-5.53261
-5.5317
-5.53466
-5.53604
-5.5375
-5.53609
-5.53498
-5.5366
-5.53861
-5.5371
-5.53734
-5.53722
-5.53462
-5.53486
-5.53634
-5.53444
-5.53741
-5.53803
-5.53506
-5.53534
-5.53347
-5.53237
-5.53272
-5.53258
-5.53454
-5.53368
-5.53505
-5.53587
-5.53697
-5.53412
-5.53452
-5.53481
-5.53454
-5.53452
-5.53477
-5.53588
-5.53611
-5.53727
-5.53546
-5.53844
-5.53785
-5.5376
-5.53736
-5.54035
-5.54007
-5.53589
-5.53751
-5.53686
-5.53878
-5.53744
-5.5367
-5.53656
-5.53535
-5.53561
-5.53637
-5.53446
-5.53459
-5.53436
-5.53327
-5.53422
-5.53351
-5.53219
-5.53161
-5.53256
-5.5311
-5.53122
-5.52826
-5.52989
-5.53012
-5.53
-5.53016
-5.53381
-5.53598
-5.53528
-5.53679
-5.53781
-5.53859
-5.53751
-5.53491
-5.5318
-5.53212
-5.53142
-5.53083
-5.53081
-5.52826
-5.52928
-5.5302
-5.53208
-5.5325
-5.53365
-5.53718
-5.53734
-5.5355
-5.53469
-5.53727
-5.53651
-5.53755
-5.53769
-5.5403
-5.53843
-5.53816
-5.53498
-5.53455
-5.5328
-5.53211
-5.53159
-5.53193
-5.5332
-5.53314
-5.53272
-5.5328
-5.53584
-5.53491
-5.53604
-5.53595
-5.53726
-5.53743
-5.53752
-5.53662
-5.5361
-5.53634
-5.53668
-5.53839
-5.53655
-5.53786
-5.53935
-5.53714
-5.53614
-5.53614
-5.53367
-5.53525
-5.53475
-5.5357
-5.53484
-5.53272
-5.53439
-5.53358
-5.53313
-5.53277
-5.53254
-5.53188
-5.53085
-5.53086
-5.53041
-5.53032
-5.53164
-5.53202
-5.53252
-5.53261
-5.5341
-5.53374
-5.53319
-5.53314
-5.5323
-5.53202
-5.53199
-5.53258
-5.53188
-5.53387
-5.53245
-5.53255
-5.5329
-5.53376
-5.53401
-5.53222
-5.53376
-5.53246
-5.53028
-5.53052
-5.531
-5.53343
-5.53591
-5.53659
-5.53684
-5.53704
-5.5371
-5.53746
-5.53662
-5.53682
-5.53589
-5.53625
-5.5371
-5.53721
-5.53654
-5.53593
-5.5362
-5.53565
-5.53531
-5.53619
-5.53544
-5.53601
-5.53565
-5.53599
-5.53605
-5.53645
-5.53712
-5.53738
-5.53591
-5.53401
-5.5334
-5.5345
-5.53482
-5.53473
-5.53554
-5.53491
-5.53664
-5.53799
-5.54012
-5.54065
-5.54246
-5.54266
-5.53975
-5.53998
-5.53638
-5.53614
-5.53543
-5.5359
-5.53359
-5.53691
-5.53516
-5.53548
-5.53426
-5.53587
-5.53626
-5.53471
-5.53451
-5.53162
-5.53336
-5.53272
-5.53361
-5.53179
-5.53107
-5.53199
-5.53162
-5.5319
-5.53379
-5.5337
-5.53483
-5.53495
-5.5342
-5.53529
-5.53724
-5.53893
-5.54045
-5.54067
-5.54213
-5.541
-5.53869
-5.53985
-5.53909
-5.53517
-5.53525
-5.53447
-5.5325
-5.53031
-5.52792
-5.52602
-5.52757
-5.52638
-5.52859
-5.52896
-5.53133
-5.53343
-5.53325
-5.53397
-5.5368
-5.53841
-5.53871
-5.53896
-5.5366
-5.53397
-5.53507
-5.53486
-5.5328
-5.53222
-5.53032
-5.53136
-5.53319
-5.5339
-5.53346
-5.53627
-5.53429
-5.53436
-5.53558
-5.53718
-5.53818
-5.54002
-5.53864
-5.53716
-5.53471
-5.53303
-5.53253
-5.53429
-5.53356
-5.53296
-5.53404
-5.53436
-5.53241
-5.53418
-5.53469
-5.53325
-5.53408
-5.53338
-5.53519
-5.5351
-5.53607
-5.53616
-5.53666
-5.53465
-5.53567
-5.53653
-5.53689
-5.53669
-5.53839
-5.53864
-5.53863
-5.53901
-5.53723
-5.53539
-5.53463
-5.53511
-5.53391
-5.53213
-5.53281
-5.53525
-5.53436
-5.53419
-5.53585
-5.53651
-5.5365
-5.538
-5.53953
-5.54053
-5.54019
-5.53811
-5.53592
-5.53596
-5.53378
-5.53276
-5.52984
-5.5255
-5.52316
-5.52555
-5.52592
-5.52557
-5.52828
-5.53094
-5.53269
-5.53392
-5.53384
-5.53658
-5.5373
-5.54029
-5.54141
-5.54106
-5.53991
-5.54056
-5.54168
-5.54264
-5.54153
-5.53973
-5.5386
-5.53729
-5.53653
-5.53378
-5.53329
-5.53085
-5.53001
-5.52999
-5.53066
-5.53154
-5.53262
-5.5342
-5.53437
-5.53575
-5.53477
-5.53406
-5.53401
-5.5337
-5.53415
-5.53346
-5.53261
-5.53479
-5.5354
-5.53755
-5.53689
-5.5366
-5.53861
-5.53851
-5.53833
-5.53687
-5.53577
-5.53249
-5.5358
-5.5347
-5.53527
-5.53489
-5.53294
-5.53277
-5.53317
-5.53374
-5.53463
-5.53624
-5.53775
-5.53299
-5.53343
-5.53251
-5.52985
-5.53146
-5.53251
-5.53255
-5.53341
-5.53274
-5.53275
-5.53472
-5.53601
-5.53689
-5.53761
-5.53459
-5.53688
-5.53674
-5.53707
-5.53817
-5.53742
-5.53484
-5.53375
-5.53436
-5.53688
-5.53401
-5.53482
-5.53596
-5.53693
-5.53795
-5.53924
-5.53778
-5.53803
-5.53861
-5.53696
-5.53516
-5.53501
-5.53544
-5.53564
-5.53337
-5.5337
-5.53413
-5.53573
-5.53665
-5.53648
-5.53584
-5.53354
-5.5317
-5.53249
-5.53348
-5.53311
-5.53321
-5.53403
-5.53422
-5.53442
-5.53432
-5.5336
-5.53328
-5.53343
-5.53442
-5.53362
-5.53515
-5.53499
-5.53307
-5.53355
-5.53256
-5.53308
-5.5332
-5.53394
-5.53368
-5.53115
-5.53185
-5.53097
-5.53016
-5.52914
-5.52722
-5.53182
-5.53156
-5.52998
-5.53136
-5.53156
-5.53326
-5.53482
-5.53555
-5.53786
-5.53932
-5.53912
-5.5382
-5.53721
-5.53461
-5.53407
-5.53144
-5.53008
-5.5295
-5.52832
-5.52623
-5.52926
-5.53147
-5.53269
-5.53458
-5.53494
-5.53227
-5.53229
-5.53282
-5.53548
-5.53635
-5.53444
-5.53532
-5.53582
-5.53511
-5.53487
-5.53449
-5.53585
-5.53464
-5.53489
-5.53547
-5.53309
-5.53077
-5.52936
-5.52945
-5.53126
-5.53227
-5.53176
-5.53407
-5.53516
-5.53658
-5.53572
-5.53448
-5.5321
-5.53331
-5.53355
-5.53287
-5.53173
-5.5309
-5.53145
-5.53311
-5.53042
-5.53087
-5.53284
-5.53567
-5.53669
-5.53774
-5.53705
-5.53676
-5.53649
-5.53755
-5.53709
-5.53656
-5.53574
-5.5389
-5.53599
-5.53607
-5.53685
-5.53612
-5.53521
-5.53514
-5.53556
-5.5389
-5.53786
-5.53809
-5.53727
-5.53613
-5.53358
-5.53306
-5.53247
-5.5329
-5.53343
-5.53273
-5.53364
-5.53473
-5.53291
-5.5345
-5.53613
-5.53677
-5.53736
-5.53792
-5.5356
-5.53695
-5.53691
-5.53989
-5.53767
-5.53786
-5.53763
-5.53717
-5.53493
-5.53703
-5.53645
-5.53763
-5.5342
-5.53376
-5.53327
-5.53419
-5.53306
-5.53219
-5.53058
-5.53244
-5.53485
-5.53614
-5.53589
-5.53686
-5.53888
-5.53768
-5.5359
-5.53653
-5.53741
-5.53541
-5.5319
-5.53407
-5.53441
-5.53246
-5.53168
-5.53145
-5.53058
-5.53148
-5.53161
-5.53125
-5.5316
-5.53156
-5.53173
-5.5318
-5.53085
-5.53322
-5.53219
-5.53361
-5.53351
-5.53526
-5.53779
-5.5378
-5.53698
-5.53605
-5.53802
-5.53646
-5.53689
-5.53671
-5.53653
-5.53531
-5.53625
-5.53385
-5.53436
-5.53373
-5.53599
-5.53376
-5.53572
-5.53911
-5.53981
-5.54117
-5.54211
-5.54139
-5.53914
-5.5375
-5.53692
-5.53781
-5.53755
-5.53611
-5.53633
-5.53658
-5.53591
-5.53469
-5.53331
-5.53439
-5.53462
-5.53418
-5.53424
-5.53468
-5.53521
-5.53527
-5.53372
-5.53326
-5.53127
-5.53026
-5.52824
-5.52939
-5.52828
-5.52853
-5.52952
-5.52964
-5.53016
-5.53105
-5.52869
-5.52977
-5.53164
-5.53139
-5.53198
-5.53221
-5.53317
-5.53301
-5.53339
-5.53559
-5.53626
-5.53596
-5.53565
-5.53531
-5.53532
-5.53537
-5.53478
-5.53378
-5.53517
-5.53396
-5.53177
-5.53064
-5.53042
-5.52708
-5.52822
-5.53006
-5.52936
-5.53055
-5.53286
-5.53287
-5.53242
-5.53239
-5.53438
-5.53583
-5.53716
-5.53818
-5.5387
-5.53948
-5.53895
-5.53797
-5.53697
-5.53895
-5.53828
-5.53855
-5.5363
-5.5356
-5.53557
-5.53402
-5.53487
-5.53426
-5.53383
-5.53487
-5.53473
-5.53364
-5.53219
-5.53294
-5.53269
-5.53373
-5.53383
-5.53298
-5.53342
-5.53254
-5.53131
-5.5317
-5.5321
-5.53413
-5.53517
-5.53619
-5.53884
-5.53891
-5.53707
-5.53651
-5.53883
-5.53686
-5.53608
-5.53389
-5.53094
-5.53179
-5.53066
-5.52792
-5.5298
-5.52926
-5.53092
-5.53385
-5.53347
-5.53158
-5.53155
-5.53097
-5.53177
-5.53336
-5.53328
-5.53452
-5.53482
-5.53318
-5.53374
-5.53547
-5.53711
-5.53516
-5.53231
-5.53255
-5.53399
-5.53569
-5.53532
-5.53601
-5.53568
-5.53645
-5.53532
-5.53546
-5.53401
-5.53105
-5.53317
-5.53311
-5.532
-5.53419
-5.53518
-5.53554
-5.53671
-5.53812
-5.53606
-5.53787
-5.53702
-5.53483
-5.53428
-5.53355
-5.53312
-5.53217
-5.53151
-5.53221
-5.53332
-5.53313
-5.53543
-5.53591
-5.53707
-5.53781
-5.53416
-5.53415
-5.53131
-5.53119
-5.5322
-5.53307
-5.53319
-5.53196
-5.53371
-5.53399
-5.53285
-5.53162
-5.53381
-5.53261
-5.53223
-5.53461
-5.53484
-5.53569
-5.53596
-5.53678
-5.53744
-5.53738
-5.53645
-5.53679
-5.53571
-5.53823
-5.53695
-5.53666
-5.53816
-5.5364
-5.53709
-5.53567
-5.53543
-5.53806
-5.53812
-5.53856
-5.5387
-5.53847
-5.53906
-5.53745
-5.53717
-5.53762
-5.53571
-5.53357
-5.53042
-5.52829
-5.52655
-5.52802
-5.52579
-5.52688
-5.52928
-5.52965
-5.53085
-5.53244
-5.53342
-5.53448
-5.53408
-5.53237
-5.53203
-5.53213
-5.53303
-5.53339
-5.53354
-5.53606
-5.53477
-5.53413
-5.53504
-5.53418
-5.53448
-5.53339
-5.5342
-5.53338
-5.53354
-5.53564
-5.5358
-5.53597
-5.53258
-5.53244
-5.53361
-5.53413
-5.53434
-5.53388
-5.53148
-5.5339
-5.53369
-5.53282
-5.53328
-5.53225
-5.53305
-5.5328
-5.53599
-5.53605
-5.53702
-5.53713
-5.53757
-5.53638
-5.53429
-5.53301
-5.53137
-5.53238
-5.5326
-5.53215
-5.53245
-5.53322
-5.53536
-5.53444
-5.53633
-5.53658
-5.53797
-5.53561
-5.53703
-5.53779
-5.5387
-5.53696
-5.53786
-5.53596
-5.53459
-5.53576
-5.53688
-5.53468
-5.53455
-5.53379
-5.53589
-5.53702
-5.53625
-5.53624
-5.53926
-5.53976
-5.53801
-5.53715
-5.53746
-5.53795
-5.53864
-5.53634
-5.53724
-5.53556
-5.53618
-5.53453
-5.53511
-5.53427
-5.53097
-5.53039
-5.52969
-5.52807
-5.52893
-5.5295
-5.53175
-5.53199
-5.53461
-5.53363
-5.53452
-5.53246
-5.53425
-5.53467
-5.53655
-5.53919
-5.53706
-5.53507
-5.53363
-5.53346
-5.5343
-5.53556
-5.53625
-5.53766
-5.53776
-5.5365
-5.53711
-5.53608
-5.53705
-5.53495
-5.5347
-5.53629
-5.53706
-5.53596
-5.53582
-5.53431
-5.53463
-5.53354
-5.53267
-5.53496
-5.53301
-5.53429
-5.53396
-5.53526
-5.53531
-5.53478
-5.53493
-5.53506
-5.53477
-5.53366
-5.53204
-5.53288
-5.53236
-5.53187
-5.53244
-5.53411
-5.53267
-5.533
-5.5306
-5.53068
-5.53162
-5.53109
-5.53121
-5.53343
-5.53471
-5.53401
-5.53394
-5.53388
-5.53392
-5.53099
-5.52945
-5.52921
-5.52848
-5.52893
-5.52913
-5.53113
-5.5334
-5.53513
-5.53429
-5.53606
-5.5354
-5.53623
-5.5373
-5.53921
-5.53841
-5.53654
-5.53724
-5.53831
-5.53789
-5.53635
-5.5347
-5.53876
-5.53948
-5.54005
-5.53942
-5.54004
-5.53921
-5.53875
-5.53828
-5.53685
-5.53653
-5.53421
-5.53526
-5.53202
-5.53194
-5.53069
-5.53335
-5.5347
-5.53544
-5.53698
-5.53839
-5.53962
-5.53924
-5.53908
-5.53872
-5.53909
-5.53762
-5.53599
-5.53781
-5.53665
-5.53356
-5.5325
-5.53391
-5.53271
-5.5324
-5.53348
-5.5351
-5.53358
-5.53472
-5.53636
-5.537
-5.53619
-5.53761
-5.53808
-5.5401
-5.54148
-5.54195
-5.5433
-5.54101
-5.53971
-5.5399
-5.53817
-5.53655
-5.53545
-5.53326
-5.5339
-5.53316
-5.53521
-5.53543
-5.53631
-5.53445
-5.53527
-5.53389
-5.5336
-5.53328
-5.53342
-5.5319
-5.5333
-5.53462
-5.53766
-5.53772
-5.53857
-5.53821
-5.5379
-5.53667
-5.53841
-5.53959
-5.53995
-5.53868
-5.53722
-5.5347
-5.53404
-5.53325
-5.53289
-5.5316
-5.53004
-5.52952
-5.52724
-5.5281
-5.52855
-5.52948
-5.5323
-5.53423
-5.53481
-5.53531
-5.53642
-5.53375
-5.53453
-5.53341
-5.53245
-5.53206
-5.52969
-5.52954
-5.5306
-5.5315
-5.53148
-5.53337
-5.53127
-5.53061
-5.53102
-5.52959
-5.52865
-5.53122
-5.53321
-5.53369
-5.53558
-5.53528
-5.53793
-5.53997
-5.53981
-5.53976
-5.53988
-5.54271
-5.54292
-5.54095
-5.53893
-5.53946
-5.53873
-5.53784
-5.53624
-5.53466
-5.5322
-5.53222
-5.53353
-5.53268
-5.53292
-5.53352
-5.53785
-5.53792
-5.53872
-5.5385
-5.53881
-5.53775
-5.53866
-5.53621
-5.53542
-5.53388
-5.5317
-5.53058
-5.53179
-5.53387
-5.53466
-5.53721
-5.53494
-5.53341
-5.53336
-5.53456
-5.5354
-5.53586
-5.53687
-5.53647
-5.5383
-5.53858
-5.5381
-5.53662
-5.53574
-5.53756
-5.53933
-5.54189
-5.54231
-5.53997
-5.53979
-5.53825
-5.53701
-5.53706
-5.5365
-5.53567
-5.53459
-5.53291
-5.53355
-5.5352
-5.53527
-5.53602
-5.5342
-5.5327
-5.53376
-5.53443
-5.53468
-5.53809
-5.53921
-5.53905
-5.53857
-5.5384
-5.53752
-5.53696
-5.53549
-5.53512
-5.53562
-5.53633
-5.53785
-5.53586
-5.53673
-5.53844
-5.53831
-5.537
-5.53775
-5.53673
-5.53626
-5.53706
-5.53437
-5.53503
-5.53584
-5.53487
-5.53471
-5.53536
-5.53645
-5.53528
-5.53334
-5.53343
-5.53098
-5.53253
-5.53109
-5.53235
-5.53222
-5.5311
-5.53411
-5.53495
-5.53443
-5.53406
-5.53252
-5.53049
-5.53098
-5.53241
-5.53383
-5.53263
-5.53169
-5.5313
-5.53147
-5.53163
-5.5322
-5.53233
-5.53209
-5.53314
-5.53348
-5.53557
-5.53734
-5.53413
-5.53365
-5.53297
-5.53502
-5.53171
-5.53375
-5.53335
-5.53537
-5.53664
-5.5369
-5.53557
-5.53533
-5.53492
-5.53376
-5.53122
-5.52955
-5.5297
-5.5293
-5.53148
-5.53317
-5.5336
-5.53375
-5.5308
-5.53271
-5.53282
-5.53217
-5.53494
-5.53293
-5.53254
-5.53379
-5.5358
-5.53574
-5.53781
-5.53897
-5.53966
-5.54328
-5.54258
-5.5434
-5.54288
-5.53954
-5.53768
-5.53743
-5.53696
-5.53705
-5.53787
-5.53699
-5.53703
-5.53848
-5.53835
-5.53627
-5.53599
-5.53566
-5.53451
-5.53428
-5.53432
-5.5349
-5.53474
-5.53396
-5.53409
-5.5344
-5.53559
-5.53543
-5.53572
-5.53507
-5.53431
-5.53394
-5.53235
-5.53082
-5.5283
-5.52715
-5.5274
-5.52997
-5.5309
-5.53008
-5.53196
-5.53123
-5.53427
-5.53451
-5.53355
-5.53405
-5.53544
-5.53649
-5.53558
-5.53456
-5.53497
-5.53387
-5.5323
-5.53106
-5.53096
-5.53208
-5.5328
-5.53368
-5.5356
-5.53979
-5.54297
-5.54159
-5.54276
-5.54418
-5.54224
-5.54079
-5.54266
-5.54396
-5.53921
-5.53761
-5.53353
-5.53427
-5.53443
-5.53274
-5.53266
-5.53405
-5.53443
-5.53459
-5.5348
-5.53379
-5.53495
-5.53422
-5.53464
-5.53396
-5.53505
-5.53691
-5.5382
-5.53816
-5.53919
-5.54015
-5.53807
-5.53848
-5.53443
-5.53389
-5.53289
-5.52937
-5.53124
-5.53105
-5.53387
-5.53436
-5.53525
-5.53666
-5.53706
-5.53829
-5.53877
-5.53763
-5.53626
-5.53698
-5.53596
-5.53523
-5.53331
-5.53295
-5.53262
-5.53289
-5.53036
-5.52946
-5.5325
-5.5302
-5.5324
-5.53205
-5.53366
-5.53478
-5.53616
-5.53527
-5.53685
-5.53988
-5.53927
-5.53803
-5.53759
-5.53608
-5.53551
-5.53754
-5.53701
-5.5343
-5.53274
-5.53139
-5.53128
-5.53274
-5.53279
-5.53329
-5.53446
-5.53368
-5.53545
-5.53488
-5.53606
-5.53563
-5.53547
-5.53534
-5.53417
-5.53292
-5.5328
-5.53135
-5.53164
-5.53303
-5.53514
-5.53616
-5.53512
-5.5354
-5.53557
-5.53843
-5.54056
-5.53969
-5.53935
-5.54068
-5.5403
-5.54006
-5.53898
-5.53937
-5.53709
-5.53543
-5.53539
-5.53637
-5.53451
-5.53373
-5.53535
-5.53481
-5.53595
-5.53775
-5.534
-5.53281
-5.53742
-5.53649
-5.53485
-5.53536
-5.53672
-5.53507
-5.53472
-5.53417
-5.53283
-5.53265
-5.53352
-5.53436
-5.53351
-5.53357
-5.53367
-5.53358
-5.53431
-5.53422
-5.53483
-5.53281
-5.53522
-5.53426
-5.53506
-5.53433
-5.53398
-5.53437
-5.5343
-5.5352
-5.53329
-5.53445
-5.53255
-5.53176
-5.5298
-5.52924
-5.53269
-5.53364
-5.53667
-5.5359
-5.53549
-5.53693
-5.53656
-5.5375
-5.53551
-5.53226
-5.53211
-5.532
-5.53014
-5.53085
-5.53025
-5.52891
-5.53221
-5.53418
-5.53538
-5.53291
-5.53293
-5.53231
-5.53085
-5.53219
-5.53209
-5.53431
-5.53444
-5.53594
-5.53778
-5.53776
-5.53857
-5.53835
-5.53618
-5.53626
-5.53504
-5.53319
-5.53106
-5.53069
-5.53024
-5.53179
-5.53018
-5.53024
-5.53209
-5.53388
-5.53542
-5.53563
-5.53355
-5.53338
-5.53387
-5.53376
-5.53374
-5.53132
-5.52988
-5.52764
-5.52633
-5.52606
-5.52746
-5.52916
-5.53009
-5.52981
-5.5315
-5.53252
-5.53579
-5.53456
-5.53338
-5.53285
-5.53513
-5.5358
-5.53502
-5.53597
-5.53548
-5.53477
-5.53415
-5.53162
-5.53124
-5.53204
-5.53349
-5.53399
-5.53266
-5.53234
-5.53021
-5.53035
-5.52941
-5.53141
-5.53408
-5.53498
-5.53649
-5.53488
-5.53363
-5.53565
-5.5371
-5.53476
-5.53641
-5.53625
-5.53723
-5.53656
-5.53471
-5.53309
-5.53144
-5.53169
-5.53155
-5.53164
-5.53284
-5.53341
-5.53583
-5.5375
-5.53851
-5.53899
-5.5387
-5.53981
-5.53986
-5.53928
-5.53992
-5.53919
-5.53815
-5.53719
-5.53804
-5.53721
-5.53737
-5.53442
-5.53205
-5.52846
-5.53146
-5.53171
-5.53376
-5.53508
-5.53792
-5.54071
-5.5434
-5.5434
-5.54478
-5.54429
-5.54203
-5.54093
-5.53957
-5.53743
-5.53531
-5.53593
-5.5352
-5.53763
-5.53918
-5.53888
-5.53872
-5.53823
-5.53742
-5.53573
-5.53555
-5.53665
-5.53589
-5.53358
-5.53454
-5.53515
-5.53471
-5.5349
-5.53513
-5.53648
-5.53671
-5.5351
-5.53443
-5.53359
-5.53348
-5.53411
-5.53394
-5.53143
-5.52927
-5.52981
-5.52696
-5.52759
-5.5285
-5.53065
-5.53168
-5.53211
-5.53118
-5.53206
-5.53379
-5.53575
-5.536
-5.53482
-5.537
-5.53833
-5.53974
-5.53938
-5.53866
-5.539
-5.5376
-5.5355
-5.53495
-5.53394
-5.534
-5.53635
-5.53535
-5.53485
-5.53419
-5.53374
-5.53193
-5.53295
-5.53259
-5.53083
-5.52806
-5.52697
-5.52802
-5.529
-5.52987
-5.52959
-5.52839
-5.52822
-5.53005
-5.53098
-5.53126
-5.53402
-5.53657
-5.53466
-5.53382
-5.53381
-5.536
-5.53621
-5.53547
-5.53413
-5.53485
-5.5354
-5.53513
-5.53623
-5.53571
-5.53608
-5.53599
-5.53581
-5.53628
-5.53622
-5.53704
-5.54066
-5.54054
-5.53948
-5.53734
-5.53986
-5.54051
-5.53965
-5.53899
-5.53824
-5.53649
-5.53698
-5.53712
-5.5395
-5.53833
-5.53691
-5.5334
-5.5295
-5.52982
-5.53113
-5.53398
-5.53789
-5.53912
-5.53878
-5.53971
-5.53934
-5.53874
-5.53899
-5.5363
-5.53426
-5.53317
-5.53077
-5.53124
-5.53173
-5.5307
-5.53375
-5.53354
-5.53396
-5.53527
-5.53733
-5.53862
-5.53934
-5.53754
-5.53684
-5.53537
-5.53547
-5.53229
-5.53134
-5.53201
-5.53274
-5.53357
-5.53326
-5.5334
-5.53261
-5.53339
-5.5324
-5.5319
-5.53287
-5.53049
-5.53002
-5.52866
-5.53009
-5.53152
-5.5333
-5.53305
-5.53416
-5.53417
-5.53752
-5.53835
-5.53832
-5.53747
-5.5381
-5.53831
-5.5372
-5.53584
-5.53403
-5.53538
-5.53179
-5.5309
-5.53092
-5.53015
-5.53309
-5.53427
-5.53472
-5.53511
-5.53423
-5.53254
-5.53339
-5.53479
-5.5342
-5.53236
-5.53251
-5.53354
-5.53334
-5.5336
-5.53427
-5.53395
-5.53253
-5.53187
-5.53103
-5.53042
-5.52988
-5.52854
-5.5281
-5.52947
-5.52938
-5.53067
-5.5301
-5.52962
-5.5296
-5.53102
-5.53217
-5.53031
-5.53208
-5.53348
-5.53359
-5.53542
-5.53421
-5.53298
-5.53251
-5.53378
-5.5326
-5.5325
-5.53311
-5.53341
-5.53172
-5.53126
-5.53201
-5.53009
-5.52904
-5.52892
-5.52849
-5.52982
-5.53107
-5.53326
-5.53218
-5.53456
-5.53443
-5.5343
-5.53372
-5.53524
-5.53495
-5.53704
-5.53893
-5.53576
-5.53474
-5.53363
-5.53286
-5.53249
-5.53162
-5.53096
-5.53341
-5.53502
-5.53799
-5.53863
-5.5394
-5.54113
-5.53926
-5.53672
-5.5382
-5.53587
-5.53611
