-6.73875
-6.73984
-6.73669
-6.7377
-6.74157
-6.74634
-6.75338
-6.75915
-6.76735
-6.76902
-6.76379
-6.75086
-6.72402
-6.6903
-6.65185
-6.61464
-6.58359
-6.55932
-6.54488
-6.54464
-6.5552
-6.57683
-6.61078
-6.65257
-6.69839
-6.73954
-6.7724
-6.79244
-6.79622
-6.78847
-6.76887
-6.7388
-6.70466
-6.67284
-6.64871
-6.63803
-6.64119
-6.66021
-6.69172
-6.72852
-6.76417
-6.79273
-6.81517
-6.82199
-6.8199
-6.80581
-6.78741
-6.76471
-6.74081
-6.71588
-6.68694
-6.66083
-6.64218
-6.62972
-6.62928
-6.63718
-6.64933
-6.66032
-6.66972
-6.68072
-6.6932
-6.70703
-6.71899
-6.72373
-6.72373
-6.7159
-6.70397
-6.69087
-6.68185
-6.67382
-6.67078
-6.66851
-6.66805
-6.66404
-6.65843
-6.6539
-6.6518
-6.65271
-6.66101
-6.67324
-6.69139
-6.70963
-6.7286
-6.73604
-6.74048
-6.73667
-6.72919
-6.7207
-6.71413
-6.70877
-6.71021
-6.71791
-6.72578
-6.73423
-6.741
-6.74028
-6.73314
-6.71338
-6.68697
-6.6482
-6.60845
-6.57259
-6.55037
-6.54001
-6.54797
-6.57089
-6.60418
-6.64511
-6.68984
-6.72899
-6.7624
-6.78286
-6.79549
-6.79629
-6.78717
-6.77031
-6.75
-6.72574
-6.70566
-6.68719
-6.6754
-6.66971
-6.66842
-6.6799
-6.69542
-6.71293
-6.72832
-6.73589
-6.73788
-6.73231
-6.72504
-6.7145
-6.70184
-6.68514
-6.66427
-6.63838
-6.60574
-6.57352
-6.54755
-6.53632
-6.54199
-6.56395
-6.59587
-6.6299
-6.66659
-6.70119
-6.73431
-6.76226
-6.7852
-6.79995
-6.80596
-6.80865
-6.80686
-6.8037
-6.79596
-6.78864
-6.77704
-6.76489
-6.74629
-6.72333
-6.69155
-6.65811
-6.6232
-6.59031
-6.56566
-6.55347
-6.55793
-6.57705
-6.60991
-6.65157
-6.69723
-6.73908
-6.77395
-6.79285
-6.79841
-6.7899
-6.77218
-6.74271
-6.70817
-6.67226
-6.63978
-6.6166
-6.60081
-6.59878
-6.6126
-6.63388
-6.6602
-6.68676
-6.70851
-6.72381
-6.72924
-6.72633
-6.7208
-6.70837
-6.6957
-6.68351
-6.67708
-6.6752
-6.68095
-6.69046
-6.70491
-6.72049
-6.73314
-6.74687
-6.75499
-6.75568
-6.75229
-6.73959
-6.72237
-6.69593
-6.66524
-6.63435
-6.6087
-6.58736
-6.57959
-6.58436
-6.60111
-6.62599
-6.65953
-6.69034
-6.71899
-6.74399
-6.75943
-6.76515
-6.76276
-6.7525
-6.73454
-6.71169
-6.68397
-6.66105
-6.64414
-6.63667
-6.63943
-6.65467
-6.67086
-6.68961
-6.70513
-6.71531
-6.72008
-6.71767
-6.70882
-6.69409
-6.67792
-6.66393
-6.65747
-6.65898
-6.67263
-6.69082
-6.71267
-6.735
-6.75291
-6.76482
-6.76683
-6.76279
-6.75673
-6.74763
-6.73678
-6.72885
-6.7246
-6.72445
-6.7278
-6.73144
-6.73644
-6.74358
-6.74759
-6.74879
-6.74735
-6.73865
-6.72931
-6.7147
-6.69658
-6.67384
-6.65326
-6.63523
-6.61468
-6.59912
-6.58149
-6.56969
-6.56943
-6.57346
-6.58714
-6.60792
-6.63291
-6.66111
-6.68707
-6.70797
-6.72365
-6.73365
-6.73713
-6.73692
-6.73433
-6.72895
-6.72492
-6.72329
-6.72206
-6.71947
-6.71989
-6.72281
-6.72752
-6.73295
-6.73767
-6.7413
-6.74328
-6.74368
-6.741
-6.73796
-6.73255
-6.72541
-6.71676
-6.70448
-6.69261
-6.67875
-6.66361
-6.64717
-6.63291
-6.62236
-6.61538
-6.60868
-6.60705
-6.60886
-6.6146
-6.62419
-6.63432
-6.64766
-6.66488
-6.68413
-6.70712
-6.72772
-6.74543
-6.7593
-6.76961
-6.77412
-6.76843
-6.7603
-6.75327
-6.74569
-6.73755
-6.73243
-6.72627
-6.72055
-6.71311
-6.70665
-6.70113
-6.69468
-6.68917
-6.68968
-6.69629
-6.70905
-6.72609
-6.74447
-6.76198
-6.77483
-6.78225
-6.78527
-6.77578
-6.76193
-6.74158
-6.71962
-6.69378
-6.66772
-6.64058
-6.61352
-6.59166
-6.57654
-6.5664
-6.56852
-6.58058
-6.60036
-6.62679
-6.65932
-6.6967
-6.72969
-6.7622
-6.78672
-6.80392
-6.81312
-6.8141
-6.80288
-6.78254
-6.75302
-6.71908
-6.68052
-6.64547
-6.61762
-6.59804
-6.59201
-6.59241
-6.59844
-6.6097
-6.61997
-6.62895
-6.6327
-6.63495
-6.63619
-6.63914
-6.64673
-6.65849
-6.67118
-6.68892
-6.71013
-6.73351
-6.75393
-6.77018
-6.77525
-6.77251
-6.7609
-6.75029
-6.73582
-6.72122
-6.70977
-6.70224
-6.69896
-6.69731
-6.69689
-6.69863
-6.70134
-6.70647
-6.7094
-6.71304
-6.72006
-6.72746
-6.73098
-6.72902
-6.72693
-6.71846
-6.70684
-6.69338
-6.67788
-6.66015
-6.64177
-6.62304
-6.60575
-6.59412
-6.58545
-6.58518
-6.59393
-6.60872
-6.63271
-6.65419
-6.67915
-6.6983
-6.71343
-6.72023
-6.72428
-6.72508
-6.72663
-6.73545
-6.74298
-6.74915
-6.74931
-6.74442
-6.73229
-6.71432
-6.69473
-6.68006
-6.66912
-6.66642
-6.6693
-6.68053
-6.69652
-6.71822
-6.73663
-6.74878
-6.75702
-6.76133
-6.76118
-6.75864
-6.75437
-6.75112
-6.74864
-6.74793
-6.7506
-6.75195
-6.7488
-6.74592
-6.74123
-6.73587
-6.73083
-6.72806
-6.72769
-6.72385
-6.72051
-6.71407
-6.70551
-6.69656
-6.68823
-6.68145
-6.68048
-6.68121
-6.68495
-6.68545
-6.68165
-6.66802
-6.6471
-6.62109
-6.59397
-6.57024
-6.55515
-6.55498
-6.56425
-6.5838
-6.60452
-6.62454
-6.64329
-6.66169
-6.68292
-6.70271
-6.71914
-6.73194
-6.7407
-6.74209
-6.73967
-6.73755
-6.73314
-6.72703
-6.72467
-6.7234
-6.72439
-6.73008
-6.73594
-6.74173
-6.7492
-6.75345
-6.75775
-6.76031
-6.7613
-6.75883
-6.75165
-6.73844
-6.72309
-6.70615
-6.69233
-6.6851
-6.68669
-6.69728
-6.71585
-6.73339
-6.75249
-6.76282
-6.76494
-6.76177
-6.75225
-6.73894
-6.72673
-6.71405
-6.7037
-6.69363
-6.68483
-6.677
-6.6717
-6.66419
-6.65638
-6.64739
-6.63674
-6.62357
-6.61199
-6.59944
-6.5878
-6.58063
-6.57863
-6.58273
-6.59133
-6.60251
-6.61809
-6.63458
-6.65556
-6.6756
-6.69491
-6.70688
-6.71472
-6.71355
-6.70875
-6.69828
-6.68726
-6.67608
-6.67013
-6.67166
-6.6792
-6.6905
-6.70201
-6.71065
-6.71522
-6.71339
-6.70684
-6.6969
-6.68479
-6.67227
-6.66439
-6.66238
-6.66551
-6.67834
-6.69523
-6.71942
-6.74261
-6.7643
-6.78157
-6.79493
-6.80061
-6.79911
-6.79445
-6.78578
-6.77342
-6.75602
-6.74141
-6.72556
-6.7106
-6.69763
-6.68997
-6.6875
-6.68371
-6.68515
-6.68979
-6.69401
-6.69697
-6.70319
-6.71271
-6.71673
-6.71784
-6.71651
-6.7131
-6.70164
-6.68506
-6.66598
-6.64442
-6.62253
-6.60357
-6.58674
-6.57781
-6.57613
-6.58245
-6.59606
-6.60901
-6.62361
-6.63263
-6.63714
-6.63422
-6.62908
-6.62167
-6.61566
-6.61384
-6.61996
-6.62634
-6.63531
-6.64935
-6.66482
-6.68208
-6.70201
-6.72625
-6.75193
-6.77727
-6.799
-6.81572
-6.82139
-6.82044
-6.81253
-6.79938
-6.78367
-6.76969
-6.75725
-6.7478
-6.74409
-6.74029
-6.73738
-6.733
-6.72187
-6.71157
-6.69832
-6.68505
-6.67453
-6.67104
-6.6735
-6.68316
-6.69568
-6.71169
-6.7273
-6.74039
-6.74821
-6.75314
-6.74698
-6.73475
-6.72036
-6.70547
-6.68801
-6.67236
-6.65717
-6.64754
-6.64238
-6.63867
-6.63414
-6.63374
-6.63899
-6.64598
-6.66044
-6.67955
-6.69842
-6.71825
-6.72942
-6.73529
-6.73424
-6.72882
-6.722
-6.71255
-6.70113
-6.69007
-6.68032
-6.66965
-6.66231
-6.65637
-6.65661
-6.6585
-6.66031
-6.66739
-6.67471
-6.68457
-6.6919
-6.70052
-6.70573
-6.70775
-6.70502
-6.69823
-6.68851
-6.67645
-6.6673
-6.66049
-6.66077
-6.67344
-6.69232
-6.71866
-6.74398
-6.77142
-6.79507
-6.81439
-6.82685
-6.83012
-6.82628
-6.81181
-6.78961
-6.76095
-6.7271
-6.69139
-6.65978
-6.63192
-6.61046
-6.59574
-6.58608
-6.57902
-6.57402
-6.57546
-6.58293
-6.59962
-6.62036
-6.64507
-6.67194
-6.69573
-6.71663
-6.72591
-6.72884
-6.72782
-6.72284
-6.71881
-6.71691
-6.71598
-6.71934
-6.7238
-6.72631
-6.72786
-6.72487
-6.71389
-6.69517
-6.67365
-6.64496
-6.61586
-6.59193
-6.578
-6.57723
-6.58847
-6.61133
-6.63944
-6.6688
-6.70142
-6.7277
-6.74839
-6.76095
-6.77143
-6.77742
-6.78458
-6.78831
-6.78537
-6.7799
-6.76891
-6.75115
-6.73165
-6.71457
-6.69954
-6.6867
-6.68113
-6.68235
-6.68915
-6.70269
-6.72048
-6.74335
-6.76543
-6.78269
-6.79731
-6.80345
-6.80107
-6.79007
-6.77016
-6.74437
-6.71133
-6.67657
-6.64426
-6.61868
-6.59893
-6.5891
-6.58446
-6.58706
-6.59263
-6.59849
-6.61092
-6.62517
-6.64265
-6.66282
-6.68519
-6.70718
-6.72336
-6.73727
-6.74355
-6.74243
-6.73524
-6.72269
-6.70464
-6.68504
-6.66672
-6.64687
-6.62973
-6.61702
-6.60904
-6.60641
-6.61142
-6.62571
-6.64567
-6.66793
-6.69063
-6.70984
-6.72022
-6.72101
-6.71267
-6.69747
-6.67922
-6.66582
-6.6589
-6.66037
-6.66734
-6.68168
-6.69998
-6.72071
-6.74814
-6.77213
-6.7959
-6.81442
-6.82377
-6.826
-6.81651
-6.79673
-6.76766
-6.73541
-6.70311
-6.67381
-6.65311
-6.64328
-6.64235
-6.65067
-6.66737
-6.68535
-6.70209
-6.71777
-6.72765
-6.73271
-6.72752
-6.71944
-6.70574
-6.69134
-6.67734
-6.66444
-6.65642
-6.65235
-6.64875
-6.65056
-6.65137
-6.65151
-6.65567
-6.66119
-6.666
-6.67066
-6.67685
-6.68438
-6.68804
-6.6899
-6.69213
-6.6907
-6.68895
-6.68603
-6.68117
-6.67339
-6.66359
-6.65491
-6.64728
-6.64252
-6.64026
-6.6391
-6.63758
-6.64155
-6.6493
-6.66194
-6.68082
-6.70527
-6.73194
-6.75725
-6.77792
-6.78953
-6.79058
-6.78332
-6.76682
-6.74189
-6.7136
-6.68738
-6.66361
-6.64607
-6.63654
-6.63587
-6.64534
-6.6605
-6.68046
-6.69698
-6.71136
-6.72312
-6.73072
-6.73307
-6.73709
-6.73725
-6.73749
-6.73696
-6.7337
-6.72747
-6.715
-6.69683
-6.67209
-6.64767
-6.6227
-6.60246
-6.59105
-6.5917
-6.60535
-6.62798
-6.6593
-6.69033
-6.71675
-6.73556
-6.74379
-6.7403
-6.72754
-6.71022
-6.69072
-6.67512
-6.67039
-6.67447
-6.68779
-6.70402
-6.72078
-6.73825
-6.75318
-6.76157
-6.76762
-6.76836
-6.76558
-6.75855
-6.75115
-6.74456
-6.73428
-6.72813
-6.7213
-6.71886
-6.71784
-6.71832
-6.7215
-6.72395
-6.72767
-6.72967
-6.72489
-6.71852
-6.70117
-6.68253
-6.65813
-6.6335
-6.60904
-6.58803
-6.57452
-6.56916
-6.57215
-6.57343
-6.57867
-6.58106
-6.58734
-6.59804
-6.60916
-6.62544
-6.64491
-6.67257
-6.69477
-6.71738
-6.73397
-6.74661
-6.74886
-6.74186
-6.73449
-6.72662
-6.71561
-6.70495
-6.69782
-6.69509
-6.69556
-6.69757
-6.70224
-6.7107
-6.72006
-6.72751
-6.7313
-6.73791
-6.73875
-6.73552
-6.73178
-6.72687
-6.72496
-6.72196
-6.72466
-6.73111
-6.73747
-6.74917
-6.75777
-6.76395
-6.76566
-6.75897
-6.74723
-6.72744
-6.70098
-6.67402
-6.64471
-6.6206
-6.60007
-6.59011
-6.5863
-6.59447
-6.60594
-6.62154
-6.64272
-6.66565
-6.68795
-6.71223
-6.73107
-6.74786
-6.75952
-6.76731
-6.77226
-6.77196
-6.76791
-6.75922
-6.74806
-6.73356
-6.71802
-6.70057
-6.68008
-6.65624
-6.63153
-6.60404
-6.57644
-6.55341
-6.53835
-6.53122
-6.53401
-6.5492
-6.57421
-6.60375
-6.63672
-6.66588
-6.68843
-6.70639
-6.7166
-6.71894
-6.71771
-6.71519
-6.71039
-6.7118
-6.71088
-6.71393
-6.71846
-6.72515
-6.73744
-6.74987
-6.76383
-6.77771
-6.79559
-6.81077
-6.82397
-6.83159
-6.83353
-6.83187
-6.82299
-6.80754
-6.7883
-6.76546
-6.73945
-6.71501
-6.68634
-6.66015
-6.63291
-6.60815
-6.58865
-6.57463
-6.56817
-6.56582
-6.57333
-6.58617
-6.60606
-6.62757
-6.65291
-6.67507
-6.69751
-6.71387
-6.72378
-6.72856
-6.7308
-6.72861
-6.72432
-6.71929
-6.7133
-6.7116
-6.71401
-6.72269
-6.73592
-6.74728
-6.7608
-6.76861
-6.77013
-6.76175
-6.74205
-6.71667
-6.68635
-6.65789
-6.6361
-6.62225
-6.61659
-6.61811
-6.62441
-6.63467
-6.64313
-6.64937
-6.6536
-6.65804
-6.66039
-6.66076
-6.66368
-6.66349
-6.6599
-6.6555
-6.65247
-6.64979
-6.65148
-6.65766
-6.66854
-6.67917
-6.69443
-6.70901
-6.72334
-6.73813
-6.75269
-6.76914
-6.78916
-6.80807
-6.82451
-6.83812
-6.84382
-6.84438
-6.83818
-6.82458
-6.80706
-6.78315
-6.75368
-6.71982
-6.68451
-6.6486
-6.61886
-6.59703
-6.5851
-6.58592
-6.59578
-6.61071
-6.62924
-6.64658
-6.65835
-6.66539
-6.66738
-6.66309
-6.65634
-6.6464
-6.63521
-6.62372
-6.61376
-6.60104
-6.591
-6.58544
-6.58772
-6.59605
-6.6104
-6.62809
-6.65068
-6.67561
-6.70268
-6.72717
-6.749
-6.76501
-6.77322
-6.77291
-6.76766
-6.75489
-6.74713
-6.73603
-6.73366
-6.73622
-6.74284
-6.75757
-6.76862
-6.7804
-6.79227
-6.80207
-6.81411
-6.82339
-6.82969
-6.83015
-6.82041
-6.80425
-6.78188
-6.75423
-6.72232
-6.69086
-6.65994
-6.63254
-6.60894
-6.58936
-6.57769
-6.5682
-6.56373
-6.5639
-6.56769
-6.57523
-6.58071
-6.59003
-6.60158
-6.61194
-6.62337
-6.63597
-6.64377
-6.6509
-6.65676
-6.66282
-6.67087
-6.67603
-6.67856
-6.67715
-6.67275
-6.66839
-6.66615
-6.668
-6.67561
-6.68654
-6.70627
-6.73015
-6.75453
-6.78095
-6.80741
-6.82568
-6.8376
-6.84103
-6.83303
-6.81901
-6.80279
-6.7795
-6.76026
-6.74118
-6.72278
-6.70349
-6.68536
-6.66586
-6.64729
-6.62854
-6.6131
-6.60296
-6.59751
-6.60075
-6.61018
-6.62593
-6.64735
-6.67049
-6.69148
-6.71078
-6.72722
-6.73615
-6.74053
-6.74463
-6.74442
-6.74176
-6.73787
-6.73218
-6.72603
-6.71626
-6.70325
-6.68904
-6.6702
-6.65123
-6.63376
-6.61932
-6.61157
-6.60935
-6.61603
-6.63149
-6.64851
-6.66663
-6.68205
-6.69001
-6.69429
-6.6917
-6.68535
-6.67552
-6.66619
-6.65552
-6.64568
-6.6353
-6.63179
-6.63195
-6.63768
-6.65107
-6.66803
-6.68879
-6.71314
-6.73681
-6.75497
-6.7614
-6.76219
-6.75489
-6.74509
-6.74175
-6.74343
-6.75564
-6.77175
-6.78951
-6.80153
-6.81005
-6.80982
-6.80068
-6.78237
-6.75814
-6.73163
-6.70671
-6.68504
-6.67023
-6.66419
-6.66622
-6.67679
-6.69561
-6.71197
-6.72815
-6.73181
-6.72821
-6.71582
-6.69193
-6.66578
-6.64108
-6.62451
-6.6164
-6.61819
-6.63122
-6.6469
-6.66324
-6.67987
-6.69336
-6.70184
-6.70574
-6.70538
-6.70393
-6.7077
-6.71473
-6.71961
-6.72523
-6.72674
-6.72209
-6.71211
-6.69516
-6.67733
-6.65504
-6.63778
-6.62426
-6.61444
-6.61029
-6.60721
-6.60661
-6.61068
-6.61736
-6.62689
-6.63821
-6.64984
-6.66031
-6.66902
-6.67146
-6.67089
-6.67174
-6.66957
-6.66614
-6.66502
-6.66573
-6.66924
-6.67497
-6.68538
-6.69848
-6.71165
-6.72608
-6.74098
-6.75624
-6.76967
-6.78343
-6.7975
-6.80855
-6.81556
-6.81893
-6.81631
-6.80548
-6.79281
-6.77351
-6.75666
-6.73932
-6.72904
-6.72033
-6.71013
-6.70658
-6.70263
-6.70045
-6.6905
-6.67699
-6.65892
-6.63891
-6.61474
-6.59158
-6.57174
-6.55826
-6.54961
-6.5511
-6.56004
-6.57612
-6.59988
-6.62913
-6.66036
-6.69016
-6.71982
-6.74105
-6.75355
-6.7584
-6.75415
-6.74352
-6.73034
-6.71734
-6.71197
-6.71155
-6.71067
-6.71244
-6.71333
-6.7113
-6.70734
-6.70315
-6.69933
-6.69676
-6.69913
-6.70291
-6.70686
-6.71264
-6.71604
-6.71395
-6.70732
-6.69777
-6.68634
-6.67195
-6.65798
-6.64187
-6.62248
-6.60724
-6.59159
-6.58628
-6.58954
-6.6028
-6.62469
-6.65405
-6.68487
-6.71258
-6.73781
-6.75714
-6.77303
-6.78666
-6.79804
-6.80587
-6.81014
-6.81022
-6.80969
-6.80808
-6.80558
-6.79984
-6.79227
-6.78001
-6.76122
-6.73309
-6.69802
-6.65827
-6.61604
-6.57415
-6.54086
-6.51929
-6.51045
-6.51178
-6.52239
-6.53983
-6.56102
-6.58421
-6.60918
-6.6372
-6.66847
-6.69465
-6.7164
-6.73389
-6.74517
-6.7493
-6.74612
-6.73945
-6.73163
-6.72361
-6.71548
-6.70971
-6.70947
-6.71147
-6.71922
-6.72759
-6.73767
-6.7514
-6.76487
-6.77705
-6.78925
-6.79784
-6.80293
-6.80022
-6.78813
-6.76645
-6.73871
-6.70414
-6.66738
-6.62716
-6.59152
-6.56763
-6.55574
-6.56069
-6.57433
-6.59416
-6.61488
-6.63454
-6.65449
-6.67163
-6.6865
-6.69835
-6.71184
-6.7204
-6.72807
-6.73099
-6.72949
-6.72682
-6.7214
-6.71773
-6.7129
-6.71006
-6.71037
-6.71146
-6.71604
-6.72193
-6.72698
-6.7281
-6.72953
-6.72008
-6.71026
-6.69598
-6.67922
-6.66279
-6.64919
-6.63837
-6.6333
-6.63075
-6.63199
-6.6336
-6.63161
-6.6251
-6.61208
-6.5977
-6.58403
-6.57645
-6.57716
-6.59204
-6.61546
-6.64675
-6.68217
-6.71679
-6.74335
-6.76786
-6.78972
-6.8092
-6.82522
-6.83741
-6.8465
-6.84774
-6.84219
-6.82475
-6.80293
-6.77228
-6.74025
-6.70871
-6.67613
-6.65269
-6.63452
-6.62179
-6.61881
-6.62074
-6.62771
-6.63723
-6.64946
-6.65998
-6.6737
-6.6857
-6.69698
-6.70876
-6.71718
-6.72317
-6.72325
-6.72176
-6.7186
-6.71382
-6.71031
-6.71212
-6.72231
-6.73011
-6.74099
-6.75134
-6.76241
-6.76883
-6.76825
-6.7595
-6.74194
-6.71674
-6.68929
-6.65909
-6.63413
-6.61667
-6.60875
-6.6095
-6.61678
-6.62747
-6.64248
-6.65485
-6.66777
-6.67518
-6.67968
-6.68083
-6.6851
-6.68701
-6.69205
-6.69646
-6.70052
-6.69953
-6.69494
-6.68882
-6.68315
-6.67695
-6.67602
-6.68066
-6.69048
-6.70333
-6.71473
-6.72681
-6.73588
-6.74111
-6.74823
-6.75098
-6.7529
-6.75285
-6.75184
-6.75128
-6.74802
-6.74615
-6.74264
-6.7413
-6.73878
-6.73264
-6.72806
-6.72261
-6.71551
-6.70763
-6.69523
-6.67919
-6.65879
-6.63685
-6.61769
-6.60552
-6.60394
-6.61456
-6.63455
-6.66163
-6.68681
-6.70327
-6.70882
-6.69955
-6.67867
-6.65175
-6.625
-6.60501
-6.59394
-6.5916
-6.60089
-6.61717
-6.63774
-6.65999
-6.68725
-6.7125
-6.73416
-6.75034
-6.76064
-6.76207
-6.75782
-6.74805
-6.7384
-6.72589
-6.71674
-6.70934
-6.70565
-6.70203
-6.70516
-6.70442
-6.70724
-6.70641
-6.70588
-6.70663
-6.71311
-6.7263
-6.74069
-6.75492
-6.76463
-6.76842
-6.76636
-6.75616
-6.74603
-6.73074
-6.71595
-6.70269
-6.69087
-6.67871
-6.66959
-6.66188
-6.6584
-6.65003
-6.64417
-6.63757
-6.62757
-6.62049
-6.61702
-6.61807
-6.62426
-6.6373
-6.65236
-6.66694
-6.68022
-6.68836
-6.69197
-6.69513
-6.69838
-6.70503
-6.71482
-6.7229
-6.73255
-6.74241
-6.74989
-6.75732
-6.75933
-6.75984
-6.75942
-6.75587
-6.74957
-6.74365
-6.73805
-6.73661
-6.73822
-6.74181
-6.74232
-6.74377
-6.7402
-6.73312
-6.71892
-6.69891
-6.67762
-6.65698
-6.63488
-6.61429
-6.60076
-6.59089
-6.58757
-6.59009
-6.59028
-6.59281
-6.59453
-6.59754
-6.60173
-6.60675
-6.614
-6.62562
-6.641
-6.65867
-6.67896
-6.7
-6.72187
-6.74013
-6.75157
-6.76006
-6.76345
-6.76353
-6.76132
-6.75534
-6.74752
-6.73711
-6.72514
-6.70824
-6.69291
-6.67749
-6.66442
-6.65553
-6.65088
-6.64865
-6.64836
-6.64606
-6.64477
-6.64418
-6.64273
-6.64312
-6.64902
-6.65493
-6.65976
-6.66528
-6.66789
-6.66804
-6.66749
-6.66615
-6.66648
-6.66656
-6.66918
-6.67196
-6.67663
-6.68176
-6.69021
-6.69901
-6.70428
-6.70752
-6.7081
-6.70502
-6.70736
-6.71237
-6.71849
-6.72887
-6.7407
-6.75397
-6.76173
-6.76294
-6.75913
-6.7493
-6.73165
-6.70769
-6.68713
-6.66726
-6.65291
-6.6437
-6.64167
-6.64299
-6.64774
-6.65543
-6.6629
-6.67144
-6.68024
-6.68901
-6.69643
-6.70527
-6.71199
-6.71137
-6.70454
-6.69383
-6.68219
-6.67227
-6.66295
-6.6572
-6.6571
-6.66425
-6.67569
-6.69452
-6.71338
-6.73312
-6.75034
-6.76266
-6.7733
-6.78326
-6.79248
-6.8006
-6.80389
-6.80545
-6.80251
-6.7927
-6.77645
-6.75197
-6.72562
-6.69987
-6.67519
-6.65503
-6.63896
-6.62622
-6.61925
-6.61815
-6.62411
-6.63229
-6.64239
-6.65381
-6.66469
-6.68027
-6.69547
-6.71235
-6.7223
-6.72617
-6.72128
-6.71073
-6.69559
-6.68187
-6.66752
-6.65806
-6.65231
-6.6542
-6.65724
-6.66541
-6.6712
-6.67867
-6.68219
-6.68831
-6.68826
-6.68682
-6.67696
-6.66409
-6.64999
-6.63565
-6.62729
-6.62522
-6.62962
-6.64061
-6.65677
-6.67396
-6.69084
-6.70769
-6.72159
-6.73344
-6.74167
-6.74726
-6.74747
-6.74783
-6.74815
-6.74545
-6.74205
-6.73824
-6.73221
-6.72598
-6.72042
-6.71484
-6.70916
-6.70659
-6.70607
-6.70514
-6.70405
-6.70317
-6.69996
-6.69445
-6.68759
-6.67882
-6.66953
-6.6559
-6.64626
-6.6381
-6.63635
-6.64108
-6.64914
-6.65925
-6.67362
-6.6885
-6.69933
-6.70733
-6.71405
-6.71729
-6.7197
-6.71854
-6.71557
-6.71022
-6.70411
-6.69539
-6.68732
-6.67839
-6.67303
-6.67181
-6.67386
-6.68568
-6.69801
-6.71594
-6.735
-6.75125
-6.77021
-6.78288
-6.79636
-6.80267
-6.80422
-6.80201
-6.79572
-6.78035
-6.75985
-6.73551
-6.70496
-6.67516
-6.64979
-6.63702
-6.63009
-6.62931
-6.63328
-6.63964
-6.64476
-6.64858
-6.64909
-6.64377
-6.64096
-6.63949
-6.63581
-6.63407
-6.63116
-6.62819
-6.62451
-6.62199
-6.62161
-6.625
-6.62986
-6.64028
-6.65345
-6.66802
-6.68758
-6.70082
-6.71364
-6.7233
-6.72561
-6.72339
-6.71848
-6.70921
-6.6991
-6.69145
-6.68462
-6.67937
-6.67545
-6.67333
-6.67365
-6.68109
-6.6901
-6.70378
-6.72016
-6.73732
-6.75555
-6.77209
-6.78661
-6.79702
-6.80232
-6.80541
-6.80292
-6.79827
-6.79078
-6.78217
-6.76752
-6.75244
-6.73554
-6.71676
-6.70109
-6.68128
-6.65965
-6.63968
-6.6214
-6.61156
-6.60857
-6.61559
-6.6331
-6.65537
-6.67995
-6.70528
-6.7308
-6.75034
-6.76084
-6.76411
-6.7557
-6.74433
-6.73185
-6.72116
-6.71555
-6.71458
-6.721
-6.73131
-6.7447
-6.75405
-6.75516
-6.74735
-6.7317
-6.70632
-6.67068
-6.63104
-6.58958
-6.55569
-6.53043
-6.51534
-6.51471
-6.52621
-6.54316
-6.56693
-6.59428
-6.62321
-6.65191
-6.68391
-6.71573
-6.73845
-6.75534
-6.7631
-6.76794
-6.76611
-6.76781
-6.76876
-6.77263
-6.77498
-6.77801
-6.78196
-6.78441
-6.78515
-6.78263
-6.77496
-6.76962
-6.76747
-6.7678
-6.76184
-6.74695
-6.72613
-6.69496
-6.66013
-6.62246
-6.58553
-6.55865
-6.54568
-6.55079
-6.56522
-6.5895
-6.61558
-6.6395
-6.65739
-6.66847
-6.67325
-6.66715
-6.65603
-6.63819
-6.62416
-6.61461
-6.61575
-6.62561
-6.64993
-6.68599
-6.72828
-6.77578
-6.81494
-6.84135
-6.84948
-6.84728
-6.83003
-6.80777
-6.78266
-6.75288
-6.72003
-6.68788
-6.66023
-6.64111
-6.63157
-6.63286
-6.64311
-6.65148
-6.6614
-6.66794
-6.6696
-6.66751
-6.66276
-6.66194
-6.66742
-6.68019
-6.69919
-6.71797
-6.73733
-6.75612
-6.76579
-6.76896
-6.76448
-6.75542
-6.73839
-6.71882
-6.70167
-6.68419
-6.66668
-6.6536
-6.64486
-6.6421
-6.64532
-6.65125
-6.65809
-6.66053
-6.66593
-6.67027
-6.67334
-6.67582
-6.68258
-6.69151
-6.70189
-6.71113
-6.71999
-6.7275
-6.73193
-6.73498
-6.73438
-6.73293
-6.72688
-6.72254
-6.71661
-6.71565
-6.71336
-6.71071
-6.7079
-6.70093
-6.68959
-6.67012
-6.64742
-6.62517
-6.60274
-6.58312
-6.56982
-6.55895
-6.56007
-6.56819
-6.58534
-6.61022
-6.63827
-6.67149
-6.70167
-6.73044
-6.75501
-6.77292
-6.78326
-6.78764
-6.78455
-6.78104
-6.77298
-6.76622
-6.76125
-6.7543
-6.75434
-6.75921
-6.76976
-6.78064
-6.78799
-6.78923
-6.78474
-6.7656
-6.73742
-6.7011
-6.66044
-6.61914
-6.57945
-6.55329
-6.53816
-6.53389
-6.5464
-6.56492
-6.59167
-6.6242
-6.65608
-6.68952
-6.7197
-6.74601
-6.77015
-6.78671
-6.79093
-6.78827
-6.7791
-6.75858
-6.73611
-6.71402
-6.70011
-6.6931
-6.69469
-6.70436
-6.71777
-6.73017
-6.73926
-6.74539
-6.74493
-6.74178
-6.73751
-6.73608
-6.73604
-6.73313
-6.72946
-6.72661
-6.72192
-6.71968
-6.71338
-6.70544
-6.69586
-6.68566
-6.67268
-6.66056
-6.65039
-6.64251
-6.6402
-6.64335
-6.65341
-6.66919
-6.69042
-6.70988
-6.72853
-6.74353
-6.74909
-6.74322
-6.73284
-6.71561
-6.69657
-6.67801
-6.66511
-6.65949
-6.65819
-6.66072
-6.66608
-6.67426
-6.68246
-6.69152
-6.70169
-6.70747
-6.71308
-6.71626
-6.71738
-6.71501
-6.70811
-6.69676
-6.68225
-6.66235
-6.64159
-6.62197
-6.60382
-6.58943
-6.58457
-6.58416
-6.59074
-6.6036
-6.6202
-6.64023
-6.66108
-6.68598
-6.71478
-6.74022
-6.76134
-6.77318
-6.77702
-6.77062
-6.75395
-6.7367
-6.7203
-6.71119
-6.71157
-6.72073
-6.73061
-6.74023
-6.7487
-6.74654
-6.73341
-6.71282
-6.68732
-6.66231
-6.64203
-6.62867
-6.62426
-6.63023
-6.63908
-6.65253
-6.66485
-6.67506
-6.68082
-6.68935
-6.6939
-6.69149
-6.68322
-6.67178
-6.65374
-6.63812
-6.62429
-6.6195
-6.62295
-6.63408
-6.65304
-6.67376
-6.70036
-6.72498
-6.74886
-6.77151
-6.7876
-6.79675
-6.79617
-6.78682
-6.77092
-6.74788
-6.72261
-6.69714
-6.6802
-6.67212
-6.67448
-6.68589
-6.70201
-6.72119
-6.74023
-6.75554
-6.76941
-6.78021
-6.78794
-6.79155
-6.79417
-6.79884
-6.79858
-6.79781
-6.79744
-6.79113
-6.77977
-6.76718
-6.75124
-6.7359
-6.7131
-6.69128
-6.66766
-6.64412
-6.61664
-6.58944
-6.56101
-6.54194
-6.52853
-6.52332
-6.52774
-6.53844
-6.55426
-6.5762
-6.60282
-6.62472
-6.64938
-6.67055
-6.68427
-6.69665
-6.70556
-6.71131
-6.71545
-6.71616
-6.71728
-6.72215
-6.72839
-6.73989
-6.74944
-6.76069
-6.76783
-6.76915
-6.76304
-6.75571
-6.75023
-6.74493
-6.73758
-6.73036
-6.72824
-6.72628
-6.72967
-6.73375
-6.74
-6.74585
-6.75028
-6.75046
-6.74562
-6.73276
-6.71253
-6.68648
-6.6594
-6.63393
-6.61075
-6.59575
-6.58822
-6.59021
-6.59571
-6.61296
-6.63322
-6.65572
-6.68219
-6.70711
-6.73077
-6.75017
-6.76599
-6.77146
-6.77024
-6.76309
-6.74812
-6.72761
-6.70553
-6.67917
-6.6546
-6.63214
-6.61427
-6.60461
-6.60442
-6.60999
-6.62173
-6.63991
-6.66494
-6.69063
-6.71655
-6.74181
-6.7664
-6.79124
-6.80815
-6.82021
-6.82657
-6.82361
-6.81032
-6.78965
-6.76239
-6.73374
-6.70617
-6.6826
-6.66303
-6.64721
-6.64076
-6.63923
-6.64355
-6.65523
-6.66687
-6.67894
-6.68819
-6.69261
-6.69683
-6.70336
-6.7108
-6.71891
-6.72988
-6.73904
-6.74749
-6.74936
-6.74715
-6.73834
-6.72274
-6.70288
-6.67783
-6.65333
-6.63498
-6.62364
-6.62402
-6.6322
-6.65066
-6.67185
-6.69592
-6.71841
-6.73542
-6.74885
-6.75862
-6.7684
-6.77855
-6.78366
-6.78262
-6.77878
-6.76744
-6.7548
-6.73708
-6.71479
-6.69119
-6.66937
-6.65111
-6.6363
-6.63039
-6.63083
-6.63551
-6.64337
-6.65368
-6.66069
-6.67022
-6.67763
-6.68303
-6.68956
-6.69239
-6.69353
-6.68901
-6.67603
-6.66061
-6.64495
-6.63428
-6.62867
-6.63522
-6.64842
-6.66731
-6.68643
-6.70571
-6.71707
-6.72433
-6.72737
-6.72508
-6.72159
-6.71241
-6.7015
-6.69063
-6.68119
-6.67735
-6.67825
-6.68612
-6.69848
-6.71017
-6.72243
-6.731
-6.73567
-6.73412
-6.72904
-6.72402
-6.71912
-6.71247
-6.69952
-6.68105
-6.65507
-6.63004
-6.61298
-6.60717
-6.6156
-6.63429
-6.66148
-6.69177
-6.72156
-6.74788
-6.77087
-6.79271
-6.80859
-6.81647
-6.81698
-6.8077
-6.78919
-6.76315
-6.73401
-6.70007
-6.66667
-6.63524
-6.61199
-6.59165
-6.58131
-6.57261
-6.57001
-6.57163
-6.58061
-6.59393
-6.60777
-6.62346
-6.63836
-6.65143
-6.66271
-6.67068
-6.67866
-6.68436
-6.69192
-6.69783
-6.70645
-6.7156
-6.72256
-6.7283
-6.72994
-6.73353
-6.72996
-6.72168
-6.71196
-6.70448
-6.69656
-6.68917
-6.68263
-6.68025
-6.68232
-6.68597
-6.69444
-6.70583
-6.71928
-6.73458
-6.7509
-6.76913
-6.78147
-6.79219
-6.79852
-6.79998
-6.79634
-6.78789
-6.77004
-6.74973
-6.72696
-6.70648
-6.68477
-6.67198
-6.66226
-6.65462
-6.65195
-6.64896
-6.65165
-6.65914
-6.67001
-6.68767
-6.70442
-6.71892
-6.72883
-6.73561
-6.73282
-6.71927
-6.70026
-6.67671
-6.65328
-6.63002
-6.61322
-6.60401
-6.60303
-6.60997
-6.6225
-6.63837
-6.65692
-6.67359
-6.69093
-6.70515
-6.71968
-6.73301
-6.74241
-6.74981
-6.74797
-6.74282
-6.73201
-6.72121
-6.71182
-6.70558
-6.70442
-6.70651
-6.70733
-6.71
-6.71194
-6.70995
-6.70738
-6.70375
-6.70342
-6.70594
-6.70994
-6.71279
-6.71427
-6.71147
-6.70695
-6.69692
-6.6872
-6.67843
-6.6737
-6.67636
-6.68435
-6.69329
-6.70102
-6.70777
-6.71155
-6.70969
-6.70309
-6.69577
-6.6841
-6.67551
-6.66608
-6.66246
-6.66316
-6.66723
-6.67662
-6.68893
-6.70083
-6.71344
-6.72199
-6.72903
-6.73785
-6.74358
-6.74906
-6.75359
-6.76061
-6.76454
-6.76912
-6.76779
-6.7635
-6.75182
-6.73639
-6.71823
-6.69896
-6.68489
-6.67067
-6.6602
-6.65157
-6.64435
-6.6358
-6.623
-6.60777
-6.59674
-6.59128
-6.59457
-6.6102
-6.62867
-6.64992
-6.67087
-6.68736
-6.7002
-6.7064
-6.70257
-6.69227
-6.67655
-6.6553
-6.63035
-6.60589
-6.5831
-6.56696
-6.55736
-6.5587
-6.56646
-6.58513
-6.60653
-6.63022
-6.65853
-6.68648
-6.71194
-6.72909
-6.7407
-6.74398
-6.74068
-6.72761
-6.71409
-6.70226
-6.69126
-6.68313
-6.68464
-6.69156
-6.70431
-6.72169
-6.74261
-6.76089
-6.77802
-6.78847
-6.79211
-6.79677
-6.79385
-6.79012
-6.78525
-6.77817
-6.76897
-6.75826
-6.74597
-6.72885
-6.71014
-6.68593
-6.66
-6.64095
-6.62634
-6.61812
-6.61767
-6.62227
-6.63444
-6.652
-6.67086
-6.68964
-6.70465
-6.71585
-6.72284
-6.72656
-6.72612
-6.72277
-6.71874
-6.71223
-6.70331
-6.69443
-6.68714
-6.68481
-6.68064
-6.67502
-6.66831
-6.65849
-6.64894
-6.63879
-6.62974
-6.62141
-6.61918
-6.62289
-6.62786
-6.63681
-6.64564
-6.65472
-6.66082
-6.66713
-6.66909
-6.66771
-6.66904
-6.67382
-6.68368
-6.69937
-6.72371
-6.75159
-6.7828
-6.81138
-6.8356
-6.8508
-6.85778
-6.85255
-6.83958
-6.81975
-6.79285
-6.76634
-6.74026
-6.72488
-6.71767
-6.71361
-6.71221
-6.71211
-6.71066
-6.70613
-6.69392
-6.68022
-6.66454
-6.64998
-6.63909
-6.63407
-6.63279
-6.63657
-6.64257
-6.64671
-6.65078
-6.65435
-6.65722
-6.667
-6.67963
-6.69953
-6.7252
-6.75193
-6.77666
-6.79902
-6.81693
-6.82563
-6.82766
-6.81859
-6.80617
-6.78571
-6.75973
-6.73368
-6.70895
-6.68645
-6.66183
-6.63768
-6.62083
-6.60469
-6.59218
-6.5865
-6.57991
-6.57444
-6.56783
-6.5613
-6.55951
-6.56388
-6.57111
-6.58151
-6.59588
-6.60844
-6.61798
-6.6212
-6.61825
-6.61253
-6.60841
-6.61161
-6.62592
-6.64954
-6.68362
-6.72191
-6.75909
-6.79081
-6.81847
-6.8363
-6.84423
-6.84619
-6.84475
-6.84204
-6.83582
-6.83167
-6.82937
-6.82588
-6.81858
-6.81037
-6.79627
-6.77768
-6.75171
-6.71875
-6.68132
-6.64403
-6.6093
-6.57988
-6.55983
-6.55333
-6.55504
-6.56312
-6.57707
-6.5936
-6.61294
-6.63383
-6.65261
-6.67214
-6.69449
-6.71298
-6.73559
-6.75738
-6.77855
-6.7968
-6.81027
-6.82012
-6.82414
-6.82175
-6.80764
-6.78615
-6.7572
-6.72498
-6.69597
-6.66889
-6.64582
-6.62818
-6.61061
-6.59673
-6.58309
-6.57255
-6.5614
-6.55413
-6.55226
-6.55551
-6.563
-6.5795
-6.5971
-6.61579
-6.63761
-6.66237
-6.68332
-6.70111
-6.71344
-6.72062
-6.72007
-6.71506
-6.70516
-6.69657
-6.68966
-6.68551
-6.68368
-6.68962
-6.69283
-6.70092
-6.709
-6.72144
-6.73291
-6.74562
-6.75737
-6.77153
-6.7895
-6.80676
-6.8166
-6.82181
-6.81902
-6.80644
-6.7912
-6.77438
-6.75374
-6.73858
-6.72131
-6.69999
-6.68133
-6.66056
-6.64183
-6.62719
-6.61628
-6.6133
-6.61471
-6.62595
-6.64297
-6.66361
-6.67978
-6.69505
-6.70384
-6.70551
-6.70256
-6.6977
-6.69403
-6.69133
-6.69181
-6.69095
-6.69587
-6.69784
-6.70078
-6.70452
-6.71232
-6.71746
-6.71906
-6.72658
-6.73182
-6.73955
-6.74369
-6.74777
-6.75131
-6.75197
-6.75104
-6.74605
-6.73258
-6.71532
-6.69368
-6.67077
-6.65387
-6.64308
-6.64122
-6.6487
-6.66305
-6.67584
-6.68677
-6.68845
-6.68787
-6.68041
-6.66974
-6.65948
-6.65556
-6.65497
-6.65735
-6.66769
-6.68223
-6.69921
-6.71458
-6.72628
-6.73323
-6.73774
-6.73439
-6.72451
-6.71034
-6.6919
-6.679
-6.67087
-6.6698
-6.67248
-6.67903
-6.68875
-6.6941
-6.69547
-6.69581
-6.69856
-6.69885
-6.70396
-6.71256
-6.72791
-6.7411
-6.75502
-6.76183
-6.76467
-6.75838
-6.74567
-6.72692
-6.70478
-6.68177
-6.65852
-6.63887
-6.62609
-6.62388
-6.62515
-6.63447
-6.64631
-6.66089
-6.67363
-6.6843
-6.69148
-6.69673
-6.70126
-6.70551
-6.71173
-6.7154
-6.72292
-6.73015
-6.73171
-6.73136
-6.72859
-6.72056
-6.71526
-6.70835
-6.70511
-6.70377
-6.70575
-6.7159
-6.72641
-6.73761
-6.74655
-6.75106
-6.74906
-6.7398
-6.72472
-6.70355
-6.67982
-6.65856
-6.64157
-6.63253
-6.63107
-6.63744
-6.64607
-6.65652
-6.6677
-6.67694
-6.68441
-6.68898
-6.69044
-6.68681
-6.6825
-6.67257
-6.66391
-6.65765
-6.65634
-6.66007
-6.66716
-6.6814
-6.69415
-6.70483
-6.71472
-6.72035
-6.72294
-6.72091
-6.71328
-6.70328
-6.69379
-6.68712
-6.68463
-6.68365
-6.6839
-6.68093
-6.67624
-6.66975
-6.66233
-6.65623
-6.6536
-6.65515
-6.65784
-6.66115
-6.66509
-6.66638
-6.66812
-6.66834
-6.66919
-6.6701
-6.67201
-6.67479
-6.67703
-6.6764
-6.67307
-6.66809
-6.66227
-6.65454
-6.64745
-6.64473
-6.64631
-6.65742
-6.6756
-6.70083
-6.72821
-6.75739
-6.78217
-6.79838
-6.81075
-6.81204
-6.81029
-6.80326
-6.79452
-6.78185
-6.77495
-6.76428
-6.75824
-6.75429
-6.75691
-6.76048
-6.76131
-6.75959
-6.74939
-6.73788
-6.71961
-6.7008
-6.6795
-6.66114
-6.64707
-6.63452
-6.6254
-6.62067
-6.61651
-6.61557
-6.61499
-6.61508
-6.62011
-6.63148
-6.64959
-6.67414
-6.70147
-6.73053
-6.75389
-6.77022
-6.78258
-6.78518
-6.77735
-6.76723
-6.7511
-6.72971
-6.705
-6.67814
-6.65129
-6.62925
-6.60786
-6.59492
-6.58652
-6.58737
-6.59576
-6.60988
-6.63254
-6.66387
-6.69858
-6.73364
-6.76673
-6.79159
-6.80744
-6.8161
-6.81159
-6.79372
-6.76726
-6.73172
-6.69459
-6.65778
-6.6242
-6.5988
-6.59009
-6.59226
-6.61163
-6.6438
-6.68264
-6.72112
-6.75531
-6.77725
-6.78794
-6.78599
-6.77373
-6.7532
-6.72806
-6.69722
-6.66777
-6.64564
-6.63147
-6.6248
-6.63082
-6.64236
-6.65559
-6.67135
-6.68298
-6.69288
-6.6964
-6.69723
-6.69441
-6.6901
-6.68209
-6.67693
-6.67283
-6.67104
-6.67277
-6.68078
-6.6908
-6.70194
-6.71218
-6.71649
-6.71544
-6.71038
-6.70341
-6.69434
-6.68611
-6.68148
-6.67804
-6.66924
-6.65896
-6.64966
-6.64112
-6.63668
-6.64122
-6.65459
-6.67548
-6.70022
-6.72429
-6.74485
-6.76018
-6.76262
-6.75345
-6.72897
-6.69078
-6.64519
-6.59937
-6.55213
-6.51057
-6.48374
-6.47243
-6.47757
-6.49902
-6.53328
-6.58061
-6.63205
-6.68815
-6.74194
-6.79167
-6.83642
-6.87732
-6.91142
-6.93638
-6.94886
-6.94928
-6.93888
-6.91759
-6.88796
-6.84995
-6.81078
-6.76947
-6.73271
-6.70223
-6.67901
-6.66227
-6.65074
-6.64331
-6.63675
-6.6327
-6.62671
-6.62068
-6.6147
-6.60817
-6.603
-6.59867
-6.59772
-6.60484
-6.61633
-6.6352
-6.65568
-6.67839
-6.70236
-6.72077
-6.73444
-6.74184
-6.74484
-6.74145
-6.7415
-6.73529
-6.72974
-6.72256
-6.7134
-6.70658
-6.70296
-6.70436
-6.71198
-6.72506
-6.73936
-6.74422
-6.74715
-6.73966
-6.722
-6.70312
-6.68223
-6.6625
-6.64812
-6.63803
-6.63504
-6.64069
-6.65233
-6.66963
-6.69166
-6.71314
-6.74122
-6.76628
-6.78963
-6.80972
-6.82176
-6.82344
-6.81629
-6.80016
-6.77697
-6.74314
-6.71226
-6.68498
-6.66325
-6.64838
-6.64057
-6.63579
-6.63656
-6.63874
-6.63665
-6.63002
-6.6199
-6.60662
-6.59276
-6.58051
-6.57898
-6.588
-6.60856
-6.63651
-6.66733
-6.69704
-6.72014
-6.73587
-6.74552
-6.74791
-6.74384
-6.73732
-6.72968
-6.72001
-6.70907
-6.69663
-6.68266
-6.66866
-6.6558
-6.64618
-6.63896
-6.63938
-6.64347
-6.6501
-6.66168
-6.67253
-6.68422
-6.69387
-6.7019
-6.70647
-6.70613
-6.7063
-6.70233
-6.69642
-6.68918
-6.68089
-6.67963
-6.67418
-6.66792
-6.66518
-6.66256
-6.66432
-6.67086
-6.68317
-6.70433
-6.73081
-6.75897
-6.78579
-6.80795
-6.82034
-6.82398
-6.81292
-6.78954
-6.75378
-6.70664
-6.65296
-6.60695
-6.57173
-6.55311
-6.55284
-6.56412
-6.58026
-6.60363
-6.63031
-6.66064
-6.68912
-6.71292
-6.73596
-6.75415
-6.76675
-6.77657
-6.78465
-6.79458
-6.80284
-6.81279
-6.82094
-6.82056
-6.81136
-6.79231
-6.76458
-6.73156
-6.69546
-6.66028
-6.63372
-6.61328
-6.60087
-6.59388
-6.59393
-6.59925
-6.61221
-6.62508
-6.63486
-6.63992
-6.64018
-6.63711
-6.63155
-6.6196
-6.61079
-6.60581
-6.60622
-6.61116
-6.62335
-6.6406
-6.66328
-6.68819
-6.71354
-6.73389
-6.74915
-6.75891
-6.76807
-6.76757
-6.76725
-6.76541
-6.76059
-6.75536
-6.75251
-6.75349
-6.76176
-6.76932
-6.77918
-6.78521
-6.78435
-6.77323
-6.75504
-6.72943
-6.70057
-6.67157
-6.64521
-6.62799
-6.62099
-6.62214
-6.63707
-6.66022
-6.68746
-6.7161
-6.74253
-6.76061
-6.77426
-6.7768
-6.77256
-6.75526
-6.73639
-6.71828
-6.70619
-6.70164
-6.71079
-6.72356
-6.73975
-6.74823
-6.75326
-6.75024
-6.74088
-6.72338
-6.70246
-6.67967
-6.66154
-6.64737
-6.63756
-6.63315
-6.63697
-6.64725
-6.65699
-6.66589
-6.67469
-6.67991
-6.67812
-6.67146
-6.66855
-6.66347
-6.65628
-6.64967
-6.64176
-6.63081
-6.61999
-6.60864
-6.59888
-6.59303
-6.59003
-6.58963
-6.59032
-6.5904
-6.59433
-6.5966
-6.60485
-6.61659
-6.63537
-6.65868
-6.68095
-6.70162
-6.71988
-6.73808
-6.74989
-6.76128
-6.77009
-6.77713
-6.78105
-6.78417
-6.77996
-6.774
-6.76284
-6.75275
-6.73975
-6.73603
-6.74117
-6.75139
-6.76799
-6.78618
-6.80068
-6.80846
-6.81019
-6.80663
-6.79953
-6.78793
-6.7731
-6.75871
-6.74344
-6.72667
-6.70948
-6.69362
-6.68355
-6.67756
-6.67647
-6.68063
-6.68784
-6.69516
-6.70001
-6.70057
-6.70018
-6.69733
-6.69511
-6.69135
-6.68961
-6.68414
-6.67892
-6.67412
-6.66906
-6.66593
-6.66541
-6.66408
-6.66803
-6.67307
-6.67443
-6.67345
-6.66811
-6.65959
-6.6473
-6.63496
-6.62596
-6.61846
-6.61354
-6.61205
-6.61375
-6.619
-6.62778
-6.63976
-6.65482
-6.67441
-6.69089
-6.7025
-6.70823
-6.70634
-6.69306
-6.67793
-6.6604
-6.64104
-6.62764
-6.62158
-6.62012
-6.62421
-6.6329
-6.64542
-6.65684
-6.66585
-6.67159
-6.6746
-6.67774
-6.68237
-6.69196
-6.708
-6.73219
-6.75563
-6.77811
-6.79306
-6.8028
-6.80622
-6.80176
-6.79453
-6.78209
-6.76776
-6.75469
-6.74169
-6.72973
-6.71938
-6.71261
-6.70569
-6.70076
-6.69575
-6.6909
-6.68852
-6.68586
-6.68362
-6.68364
-6.68438
-6.68762
-6.69065
-6.69425
-6.7
-6.70381
-6.70655
-6.71154
-6.72017
-6.7247
-6.72967
-6.73139
-6.72935
-6.72711
-6.7182
-6.70283
-6.68775
-6.6671
-6.6476
-6.63113
-6.61597
-6.60584
-6.60434
-6.60751
-6.6149
-6.62371
-6.63023
-6.63731
-6.64309
-6.64678
-6.65218
-6.65733
-6.65978
-6.65541
-6.64711
-6.64005
-6.63436
-6.63158
-6.63172
-6.63943
-6.65292
-6.67319
-6.69476
-6.7177
-6.73583
-6.74654
-6.75481
-6.75324
-6.74448
-6.73605
-6.72757
-6.72361
-6.72821
-6.74133
-6.7577
-6.78176
-6.80329
-6.81971
-6.83058
-6.8316
-6.82214
-6.80185
-6.77357
-6.74177
-6.70954
-6.67897
-6.65661
-6.63986
-6.63202
-6.63178
-6.63384
-6.64405
-6.65347
-6.6654
-6.67645
-6.68387
-6.68581
-6.68083
-6.6732
-6.65951
-6.64166
-6.62311
-6.60946
-6.59571
-6.58777
-6.58924
-6.59679
-6.61376
-6.63766
-6.66627
-6.69427
-6.71654
-6.72966
-6.7344
-6.7289
-6.72099
-6.70725
-6.69634
-6.69169
-6.68909
-6.69343
-6.69857
-6.70629
-6.71745
-6.7265
-6.73675
-6.74802
-6.76017
-6.77352
-6.78297
-6.78931
-6.78912
-6.77754
-6.75656
-6.7273
-6.69514
-6.66331
-6.63818
-6.61526
-6.60293
-6.5997
-6.60194
-6.61139
-6.62561
-6.64089
-6.65516
-6.66479
-6.66895
-6.67058
-6.66977
-6.66821
-6.66587
-6.66424
-6.66695
-6.66873
-6.67452
-6.68489
-6.69551
-6.70782
-6.71802
-6.72865
-6.73594
-6.7425
-6.74939
-6.75271
-6.75442
-6.75106
-6.7495
-6.74789
-6.74438
-6.73933
-6.73241
-6.72223
-6.71534
-6.70395
-6.68968
-6.67462
-6.6567
-6.64092
-6.62674
-6.62097
-6.61868
-6.62422
-6.63447
-6.64796
-6.65948
-6.66669
-6.66915
-6.66464
-6.65627
-6.64175
-6.62355
-6.60671
-6.59546
-6.59523
-6.60466
-6.63014
-6.66498
-6.70783
-6.74877
-6.79049
-6.82468
-6.84956
-6.86111
-6.86453
-6.85516
-6.83796
-6.81727
-6.79329
-6.76548
-6.74105
-6.71808
-6.69983
-6.68219
-6.66437
-6.64981
-6.64192
-6.63619
-6.63337
-6.63627
-6.64416
-6.6547
-6.66652
-6.67533
-6.6868
-6.695
-6.70501
-6.71251
-6.72185
-6.7286
-6.73012
-6.7296
-6.72252
-6.70758
-6.68946
-6.66824
-6.64971
-6.63357
-6.62608
-6.62163
-6.62512
-6.63114
-6.64618
-6.66453
-6.68788
-6.71366
-6.73405
-6.75181
-6.76592
-6.77638
-6.78307
-6.78605
-6.78525
-6.78271
-6.77671
-6.76683
-6.7556
-6.73894
-6.72065
-6.69677
-6.67421
-6.6552
-6.63909
-6.62597
-6.619
-6.61543
-6.61754
-6.62094
-6.62608
-6.63503
-6.63979
-6.64766
-6.65377
-6.66149
-6.66826
-6.67521
-6.68416
-6.69459
-6.70551
-6.71526
-6.72226
-6.72779
-6.72705
-6.72123
-6.71194
-6.70033
-6.68347
-6.66762
-6.64989
-6.63748
-6.63096
-6.62994
-6.63735
-6.65386
-6.67418
-6.69403
-6.7124
-6.72537
-6.73026
-6.72246
-6.70644
-6.68413
-6.6578
-6.63425
-6.61692
-6.61088
-6.61531
-6.62814
-6.64458
-6.66674
-6.68714
-6.7083
-6.72788
-6.7455
-6.75633
-6.76081
-6.76195
-6.75764
-6.7469
-6.73165
-6.71481
-6.7043
-6.69323
-6.68683
-6.68541
-6.69179
-6.70233
-6.71667
-6.73136
-6.74217
-6.74853
-6.74606
-6.7404
-6.72584
-6.71234
-6.69756
-6.68729
-6.67631
-6.66537
-6.65682
-6.65146
-6.65097
-6.65488
-6.66457
-6.67802
-6.69395
-6.70751
-6.71839
-6.72879
-6.7314
-6.72696
-6.71987
-6.712
-6.70076
-6.69251
-6.68961
-6.69128
-6.69209
-6.69535
-6.69678
-6.69393
-6.68701
-6.68195
-6.67878
-6.68313
-6.69432
-6.71092
-6.73128
-6.74666
-6.75805
-6.76368
-6.75956
-6.74839
-6.73212
-6.71117
-6.69168
-6.67186
-6.65812
-6.64745
-6.64303
-6.64086
-6.64445
-6.64629
-6.64736
-6.6452
-6.64078
-6.6341
-6.63285
-6.63702
-6.65021
-6.66795
-6.69277
-6.72059
-6.75013
-6.7777
-6.80442
-6.82413
-6.83452
-6.83375
-6.82381
-6.80569
-6.7848
-6.76142
-6.73755
-6.71263
-6.68769
-6.66466
-6.64193
-6.62641
-6.61699
-6.61661
-6.62736
-6.64504
-6.66606
-6.6877
-6.70675
-6.71581
-6.72043
-6.71487
-6.70215
-6.68474
-6.66268
-6.64308
-6.6276
-6.6169
-6.61136
-6.61393
-6.61803
-6.62771
-6.64056
-6.65141
-6.66059
-6.67006
-6.67572
-6.67758
-6.67973
-6.67953
-6.68273
-6.68608
-6.68844
-6.69303
-6.70129
-6.71727
-6.7363
-6.75757
-6.78016
-6.80278
-6.81828
-6.82548
-6.82276
-6.81055
-6.78852
-6.76143
-6.73069
-6.69656
-6.66677
-6.64472
-6.63654
-6.635
-6.64368
-6.6577
-6.67449
-6.6879
-6.6977
-6.69634
-6.68838
-6.67264
-6.65198
-6.63187
-6.61771
-6.61121
-6.61153
-6.62082
-6.63007
-6.64216
-6.65589
-6.67009
-6.68281
-6.69365
-6.70271
-6.707
-6.70926
-6.70579
-6.69875
-6.69051
-6.68557
-6.68811
-6.69579
-6.70825
-6.72055
-6.73021
-6.74079
-6.74791
-6.75271
-6.75604
-6.75617
-6.75396
-6.74999
-6.74456
-6.74105
-6.73866
-6.73522
-6.73332
-6.72999
-6.7282
-6.73003
-6.73207
-6.73348
-6.73695
-6.73649
-6.73301
-6.72768
-6.72101
-6.71165
-6.70027
-6.68579
-6.67115
-6.65789
-6.64759
-6.64273
-6.6402
-6.64642
-6.65838
-6.67166
-6.68473
-6.69873
-6.70801
-6.7136
-6.71561
-6.70947
-6.70286
-6.69396
-6.68242
-6.67249
-6.66577
-6.66328
-6.6631
-6.66622
-6.67368
-6.67826
-6.68395
-6.6822
-6.67881
-6.67143
-6.66317
-6.66197
-6.66335
-6.66835
-6.67726
-6.68686
-6.69597
-6.7064
-6.716
-6.72364
-6.72658
-6.72723
-6.72503
-6.71912
-6.7083
-6.6933
-6.67469
-6.655
-6.63892
-6.62741
-6.62498
-6.6303
-6.63816
-6.6547
-6.67505
-6.70019
-6.72019
-6.74414
-6.76253
-6.77858
-6.78768
-6.78875
-6.78117
-6.76835
-6.75039
-6.72859
-6.70457
-6.68296
-6.66688
-6.65548
-6.65245
-6.6539
-6.65681
-6.65922
-6.65577
-6.65343
-6.64629
-6.63726
-6.63253
-6.62525
-6.62219
-6.62342
-6.62858
-6.63639
-6.65311
-6.67711
-6.70857
-6.74857
-6.78609
-6.82263
-6.85134
-6.8677
-6.87406
-6.86975
-6.85335
-6.82734
-6.79494
-6.75855
-6.72675
-6.70549
-6.69445
-6.69185
-6.69724
-6.70436
-6.70966
-6.71385
-6.71583
-6.71506
-6.70913
-6.69771
-6.68361
-6.66989
-6.66276
-6.66456
-6.67769
-6.69661
-6.71511
-6.7268
-6.72568
-6.71201
-6.68653
-6.6552
-6.62223
-6.59263
-6.56584
-6.54434
-6.53411
-6.53037
-6.53886
-6.55136
-6.56722
-6.58707
-6.60913
-6.63175
-6.65318
-6.67469
-6.69634
-6.71308
-6.72407
-6.72929
-6.73038
-6.72954
-6.72773
-6.72761
-6.73121
-6.74015
-6.75102
-6.75988
-6.77349
-6.78903
-6.80195
-6.81472
-6.8282
-6.83597
-6.83017
-6.81839
-6.79497
-6.76907
-6.73879
-6.70691
-6.68072
-6.66263
-6.65088
-6.64512
-6.64298
-6.64051
-6.63925
-6.63483
-6.63151
-6.62899
-6.63189
-6.6406
-6.65475
-6.67397
-6.69951
-6.72714
-6.74955
-6.76781
-6.7715
-6.7669
-6.75059
-6.72344
-6.698
-6.6722
-6.65595
-6.64749
-6.65139
-6.66751
-6.69196
-6.7224
-6.75268
-6.77807
-6.79717
-6.81034
-6.81219
-6.80384
-6.78407
-6.7575
-6.72575
-6.69262
-6.65681
-6.62334
-6.59468
-6.56256
-6.53907
-6.52049
-6.515
-6.52277
-6.54516
-6.57777
-6.62146
-6.6704
-6.7149
-6.7544
-6.78789
-6.81214
-6.82855
-6.83861
-6.83739
-6.82582
-6.80849
-6.78635
-6.76286
-6.74111
-6.72064
-6.70502
-6.69522
-6.68868
-6.68962
-6.69266
-6.70076
-6.70805
-6.71278
-6.7112
-6.70028
-6.68168
-6.66023
-6.63904
-6.62674
-6.62581
-6.63539
-6.65012
-6.6644
-6.67777
-6.68668
-6.69387
-6.69758
-6.69803
-6.70107
-6.70921
-6.7189
-6.73065
-6.74155
-6.7521
-6.75697
-6.75891
-6.75878
-6.75626
-6.74804
-6.73896
-6.73159
-6.72259
-6.71666
-6.71312
-6.70567
-6.70199
-6.70497
-6.70305
-6.70061
-6.69961
-6.69754
-6.68943
-6.67901
-6.66536
-6.64942
-6.63511
-6.62372
-6.6145
-6.60521
-6.59771
-6.59098
-6.5856
-6.58418
-6.5867
-6.59579
-6.60821
-6.63034
-6.65322
-6.68043
-6.70659
-6.73111
-6.75178
-6.76542
-6.77272
-6.77042
-6.76575
-6.75425
-6.7417
-6.72713
-6.71428
-6.70686
-6.69947
-6.69781
-6.69715
-6.70234
-6.7147
-6.72918
-6.74638
-6.75876
-6.76481
-6.7666
-6.76045
-6.7457
-6.72923
-6.7103
-6.69228
-6.68224
-6.67466
-6.66932
-6.66207
-6.65797
-6.65338
-6.64878
-6.64949
-6.65331
-6.66524
-6.68058
-6.70077
-6.72191
-6.73899
-6.75274
-6.76032
-6.76047
-6.75733
-6.7472
-6.73075
-6.70857
-6.6836
-6.65589
-6.63057
-6.60645
-6.59237
-6.59131
-6.60217
-6.6232
-6.65025
-6.67874
-6.70935
-6.73754
-6.75898
-6.77179
-6.77158
-6.76106
-6.73922
-6.71008
-6.67713
-6.64486
-6.6154
-6.59024
-6.57037
-6.55952
-6.55507
-6.55978
-6.56689
-6.58137
-6.60423
-6.63722
-6.67394
-6.71063
-6.74522
-6.76941
-6.78077
-6.77879
-6.76362
-6.74391
-6.72411
-6.7082
-6.69638
-6.68692
-6.68008
-6.67049
-6.66113
-6.64965
-6.64297
-6.6424
-6.64833
-6.66391
-6.68413
-6.70994
-6.74141
-6.77192
-6.79589
-6.81884
-6.83294
-6.83933
-6.83418
-6.81829
-6.79483
-6.76618
-6.73717
-6.70824
-6.68252
-6.66276
-6.64808
-6.64057
-6.63653
-6.63544
-6.63787
-6.64522
-6.66144
-6.68424
-6.71211
-6.74338
-6.77136
-6.79343
-6.80723
-6.81255
-6.80496
-6.78683
-6.7547
-6.71419
-6.66669
-6.62418
-6.58205
-6.54973
-6.52994
-6.53066
-6.55496
-6.60253
-6.66336
-6.72964
-6.78719
-6.82913
-6.85527
-6.86378
-6.85549
-6.83377
-6.80538
-6.7715
-6.74261
-6.71978
-6.70481
-6.69927
-6.70009
-6.7039
-6.70731
-6.71094
-6.7139
-6.71342
-6.71062
-6.71087
-6.71053
-6.7084
-6.70559
-6.70159
-6.69844
-6.69549
-6.69355
-6.69587
-6.70036
-6.70582
-6.7098
-6.70883
-6.70015
-6.68624
-6.67002
-6.64677
-6.62544
-6.60548
-6.5907
-6.58099
-6.57806
-6.58109
-6.59224
-6.60925
-6.63041
-6.65282
-6.67568
-6.70225
-6.72619
-6.74619
-6.75837
-6.76302
-6.76183
-6.75348
-6.74137
-6.73037
-6.72081
-6.71578
-6.71704
-6.71855
-6.72287
-6.72776
-6.73219
-6.73363
-6.73567
-6.73322
-6.72527
-6.71139
-6.69431
-6.67573
-6.65579
-6.63688
-6.61976
-6.60567
-6.59708
-6.5955
-6.59872
-6.60743
-6.62427
-6.64495
-6.66287
-6.68112
-6.69755
-6.71246
-6.72119
-6.72468
-6.72357
-6.72131
-6.71707
-6.71179
-6.70879
-6.70553
-6.70409
-6.70205
-6.69856
-6.69382
-6.68725
-6.68198
-6.68218
-6.68323
-6.68887
-6.69864
-6.71676
-6.73442
-6.74959
-6.76218
-6.77083
-6.7741
-6.77494
-6.7705
-6.76312
-6.74688
-6.72546
-6.69814
-6.66881
-6.64504
-6.62706
-6.61843
-6.62052
-6.62962
-6.64508
-6.66655
-6.68803
-6.70769
-6.72482
-6.73486
-6.7413
-6.74441
-6.74173
-6.73717
-6.72762
-6.71207
-6.69761
-6.67929
-6.66412
-6.65528
-6.65442
-6.66002
-6.67048
-6.68121
-6.69348
-6.70385
-6.71378
-6.71797
-6.72156
-6.72374
-6.72317
-6.72069
-6.71638
-6.71326
-6.7109
-6.71178
-6.71155
-6.71088
-6.70921
-6.70039
-6.68895
-6.67217
-6.6551
-6.63756
-6.6233
-6.61305
-6.61185
-6.61698
-6.63107
-6.64581
-6.6605
-6.67322
-6.68471
-6.6919
-6.69325
-6.68999
-6.6832
-6.67876
-6.67107
-6.66967
-6.67306
-6.67851
-6.68883
-6.69701
-6.70294
-6.70645
-6.70616
-6.70334
-6.70355
-6.70747
-6.71373
-6.72143
-6.73077
-6.73864
-6.74283
-6.74611
-6.74963
-6.7524
-6.75361
-6.75334
-6.74864
-6.73847
-6.72243
-6.70093
-6.67777
-6.65618
-6.63465
-6.61722
-6.60149
-6.59025
-6.585
-6.58815
-6.59912
-6.61506
-6.64087
-6.66941
-6.69622
-6.72147
-6.73863
-6.75
-6.75674
-6.76104
-6.76008
-6.75863
-6.75722
-6.7552
-6.75077
-6.74658
-6.74186
-6.73186
-6.71931
-6.70345
-6.68282
-6.66016
-6.63556
-6.61275
-6.59051
-6.57818
-6.57145
-6.57321
-6.58242
-6.60017
-6.62074
-6.64634
-6.67226
-6.69163
-6.71
-6.72412
-6.73397
-6.74002
-6.74252
-6.74392
-6.7492
-6.75616
-6.76803
-6.7812
-6.79686
-6.81321
-6.82221
-6.82308
-6.8178
-6.79773
-6.77102
