                   1           -0.461072           -0.461072                   0
                   2           -0.464176           -0.462624          0.00109743
                   3           -0.461696           -0.462315         0.000773989
                   4            -0.45804           -0.461246          0.00109248
                   5           -0.459968            -0.46099         0.000903388
                   6           -0.462968            -0.46132         0.000810724
                   7           -0.462848           -0.461538         0.000723696
                   8            -0.46156           -0.461541         0.000633239
                   9           -0.465184           -0.461946         0.000680054
                  10           -0.461416           -0.461893         0.000614108
                  11           -0.461584           -0.461865         0.000558922
                  12           -0.461976           -0.461874         0.000512422
                  13           -0.463024           -0.461962          0.00048058
                  14           -0.464712           -0.462159         0.000484724
                  15            -0.46508           -0.462354          0.00048997
                  16           -0.463104           -0.462401         0.000461586
                  17            -0.46172            -0.46236         0.000436166
                  18           -0.463656           -0.462432         0.000417831
                  19           -0.460896           -0.462352         0.000403589
                  20            -0.46016           -0.462242         0.000398008
                  21           -0.464752           -0.462362         0.000396596
                  22            -0.46128           -0.462312         0.000381604
                  23           -0.461968           -0.462297         0.000365306
                  24            -0.46288           -0.462322          0.00035089
                  25           -0.463872           -0.462384         0.000342291
                  26           -0.460248           -0.462302         0.000338838
                  27           -0.462696           -0.462316         0.000326604
                  28           -0.463816            -0.46237         0.000319302
                  29           -0.460544           -0.462307         0.000314436
                  30           -0.462344           -0.462308         0.000303958
                  31           -0.461064           -0.462268          0.00029679
                  32            -0.46408           -0.462325         0.000292868
                  33           -0.463512            -0.46236         0.000286195
                  34            -0.46196           -0.462349          0.00027802
                  35           -0.462984           -0.462367         0.000270668
                  36           -0.465104           -0.462443          0.00027362
                  37            -0.46244           -0.462443         0.000266225
                  38           -0.461152           -0.462409         0.000261377
                  39           -0.460416           -0.462358         0.000259622
                  40           -0.463432           -0.462385         0.000254517
                  41            -0.46032           -0.462334         0.000253242
                  42            -0.46404           -0.462375         0.000250448
                  43           -0.463928           -0.462411         0.000247214
                  44           -0.464152           -0.462451         0.000244742
                  45           -0.458704           -0.462367         0.000253068
                  46           -0.462944            -0.46238         0.000247877
                  47           -0.463232           -0.462398         0.000243265
                  48           -0.460944           -0.462368         0.000240076
                  49           -0.459568           -0.462311          0.00024188
                  50            -0.46292           -0.462323         0.000237349
                  51           -0.460424           -0.462285         0.000235597
                  52           -0.461024           -0.462261         0.000232312
                  53            -0.46144           -0.462246         0.000228445
                  54           -0.459136           -0.462188         0.000231359
                  55           -0.464128           -0.462223         0.000229825
                  56           -0.462304           -0.462225         0.000225726
                  57           -0.464712           -0.462268         0.000225944
                  58            -0.46116           -0.462249         0.000222855
                  59           -0.459752           -0.462207         0.000223061
                  60           -0.460424           -0.462177         0.000221314
                  61           -0.464832           -0.462221         0.000221924
                  62            -0.46288           -0.462231         0.000218599
                  63           -0.462904           -0.462242          0.00021539
                  64             -0.4614           -0.462229         0.000212426
                  65           -0.462792           -0.462238         0.000209334
                  66           -0.460472           -0.462211         0.000207865
                  67           -0.461384           -0.462199         0.000205128
                  68             -0.4638           -0.462222         0.000203459
                  69           -0.461384            -0.46221         0.000200873
                  70           -0.462024           -0.462207         0.000198021
                  71           -0.460152           -0.462178         0.000197336
                  72            -0.46388           -0.462202         0.000196006
                  73           -0.463344           -0.462218         0.000193944
                  74           -0.464008           -0.462242         0.000192826
                  75           -0.461632           -0.462234         0.000190427
                  76           -0.463896           -0.462256         0.000189173
                  77            -0.46092           -0.462238          0.00018751
                  78           -0.462464           -0.462241         0.000185128
                  79           -0.459536           -0.462207         0.000185924
                  80           -0.462328           -0.462208         0.000183606
                  81           -0.463352           -0.462223         0.000181882
                  82            -0.46272           -0.462229         0.000179765
                  83           -0.462376            -0.46223         0.000177608
                  84           -0.462152           -0.462229         0.000175496
                  85           -0.465808           -0.462272          0.00017841
                  86           -0.460464           -0.462251         0.000177569
                  87            -0.46216           -0.462249         0.000175531
                  88           -0.459072           -0.462213         0.000177211
                  89            -0.46476           -0.462242         0.000177515
                  90           -0.462248           -0.462242         0.000175543
                  91           -0.462768           -0.462248         0.000173709
                  92            -0.46156            -0.46224         0.000171981
                  93           -0.460536           -0.462222         0.000171106
                  94           -0.464384           -0.462245         0.000170824
                  95           -0.462736            -0.46225         0.000169104
                  96            -0.45948           -0.462221         0.000169787
                  97           -0.461368           -0.462213         0.000168264
                  98            -0.46148           -0.462205         0.000166713
                  99           -0.460584           -0.462189         0.000165831
                 100           -0.461936           -0.462186         0.000164192
                 101           -0.463184           -0.462196         0.000162864
                 102           -0.462832           -0.462202         0.000161386
                 103           -0.463528           -0.462215         0.000160332
                 104           -0.462768            -0.46222         0.000158878
                 105           -0.462888           -0.462227         0.000157492
                 106           -0.464192           -0.462245         0.000157094
                 107           -0.460808           -0.462232         0.000156199
                 108           -0.462176           -0.462231         0.000154754
                 109            -0.46388           -0.462247         0.000154071
                 110           -0.462112           -0.462245         0.000152675
                 111            -0.46112           -0.462235         0.000151636
                 112            -0.46116           -0.462226         0.000150586
                 113            -0.45908           -0.462198         0.000151804
                 114           -0.462648           -0.462202         0.000150524
                 115           -0.461144           -0.462192         0.000149496
                 116           -0.460808           -0.462181         0.000148683
                 117           -0.461368           -0.462174         0.000147574
                 118           -0.464568           -0.462194         0.000147712
                 119           -0.460984           -0.462184          0.00014682
                 120           -0.460016           -0.462166         0.000146704
                 121           -0.461512            -0.46216         0.000145591
                 122            -0.46024           -0.462145         0.000145246
                 123           -0.461904           -0.462143         0.000144078
                 124           -0.461912           -0.462141         0.000142928
                 125           -0.460624           -0.462129         0.000142299
                 126           -0.461968           -0.462127         0.000141175
                 127           -0.458664             -0.4621         0.000142673
                 128           -0.461208           -0.462093         0.000141729
                 129           -0.461624           -0.462089         0.000140677
                 130           -0.463456             -0.4621         0.000139987
                 131           -0.463176           -0.462108         0.000139159
                 132             -0.4632           -0.462116          0.00013835
                 133            -0.46352           -0.462127         0.000137712
                 134           -0.462112           -0.462127         0.000136684
                 135           -0.461104           -0.462119         0.000135882
                 136           -0.461072           -0.462112           0.0001351
                 137           -0.462352           -0.462113         0.000134126
                 138           -0.464776           -0.462133         0.000134534
                 139            -0.46204           -0.462132         0.000133568
                 140            -0.46324            -0.46214         0.000132848
                 141           -0.464224           -0.462155         0.000132726
                 142           -0.462864            -0.46216         0.000131885
                 143           -0.460376           -0.462147         0.000131551
                 144            -0.46144           -0.462142          0.00013073
                 145           -0.464456           -0.462158         0.000130798
                 146           -0.465008           -0.462178         0.000131351
                 147           -0.458656           -0.462154         0.000132624
                 148           -0.463424           -0.462162         0.000132005
                 149           -0.460232           -0.462149         0.000131754
                 150           -0.462288            -0.46215         0.000130878
                 151           -0.462848           -0.462155         0.000130093
                 152           -0.463144           -0.462161           0.0001294
                 153           -0.464256           -0.462175         0.000129276
                 154            -0.46304           -0.462181         0.000128559
                 155            -0.46448           -0.462196         0.000128582
                 156           -0.462824             -0.4622         0.000127821
                 157           -0.460464           -0.462189         0.000127484
                 158           -0.462768           -0.462192          0.00012673
                 159            -0.46152           -0.462188         0.000126003
                 160           -0.464488           -0.462202         0.000126033
                 161           -0.460712           -0.462193          0.00012559
                 162            -0.46216           -0.462193         0.000124815
                 163            -0.45992           -0.462179         0.000124826
                 164            -0.46352           -0.462187         0.000124332
                 165           -0.462816           -0.462191         0.000123637
                 166           -0.459272           -0.462173         0.000124136
                 167           -0.465352           -0.462192         0.000124844
                 168           -0.461712            -0.46219         0.000124133
                 169           -0.463256           -0.462196         0.000123559
                 170           -0.465048           -0.462213         0.000123966
                 171            -0.46284           -0.462216         0.000123295
                 172           -0.462752           -0.462219         0.000122618
                 173           -0.460144           -0.462207         0.000122494
                 174           -0.461176           -0.462202         0.000121934
                 175           -0.463496           -0.462209         0.000121461
                 176           -0.460184           -0.462197         0.000121315
                 177           -0.462824           -0.462201         0.000120681
                 178           -0.461064           -0.462195         0.000120172
                 179           -0.464584           -0.462208          0.00012024
                 180           -0.461744           -0.462205         0.000119599
                 181           -0.461864           -0.462203         0.000118953
                 182           -0.462504           -0.462205         0.000118311
                 183            -0.46296           -0.462209         0.000117737
                 184           -0.462856           -0.462213         0.000117149
                 185           -0.459696           -0.462199         0.000117303
                 186           -0.462424             -0.4622         0.000116679
                 187           -0.459952           -0.462188         0.000116673
                 188            -0.46512           -0.462204          0.00011709
                 189           -0.464008           -0.462213         0.000116859
                 190           -0.461904           -0.462212         0.000116255
                 191           -0.461184           -0.462206         0.000115771
                 192           -0.463648           -0.462214         0.000115411
                 193            -0.46408           -0.462224         0.000115217
                 194           -0.458888           -0.462206         0.000115899
                 195           -0.464088           -0.462216         0.000115706
                 196           -0.462432           -0.462217         0.000115121
                 197           -0.459888           -0.462205         0.000115142
                 198            -0.46212           -0.462205         0.000114561
                 199           -0.460112           -0.462194         0.000114467
                 200           -0.460704           -0.462187         0.000114137
