                   1             1.36506             1.36506                   0
                   2             1.37368             1.36937          0.00304763
                   3              1.3846             1.37444          0.00461625
                   4             1.30201             1.35633           0.0160602
                   5             1.34577             1.35422           0.0129864
                   6             1.34116             1.35204           0.0110031
                   7              1.3455             1.35111          0.00947082
                   8             1.37984              1.3547          0.00894221
                   9             1.34068             1.35314          0.00808326
                  10             1.36978             1.35481          0.00744419
                  11             1.32683             1.35226          0.00718872
                  12             1.29967             1.34788          0.00781234
                  13             1.33386              1.3468          0.00728545
                  14             1.37403             1.34875           0.0070199
                  15             1.44287             1.35502           0.0089261
                  16             1.33573             1.35382          0.00844924
                  17             1.37082             1.35482          0.00801122
                  18             1.34914              1.3545          0.00757235
                  19             1.33722             1.35359          0.00722825
                  20             1.30607             1.35122          0.00724681
                  21             1.41518             1.35426          0.00751464
                  22             1.36148             1.35459          0.00718024
                  23             1.38053             1.35572          0.00695608
                  24             1.37504             1.35652          0.00671268
                  25             1.36234             1.35676          0.00644821
                  26             1.35464             1.35667          0.00620071
                  27             1.39502             1.35809          0.00613151
                  28             1.35254              1.3579          0.00591574
                  29             1.34864             1.35758          0.00572036
                  30             1.34891             1.35729          0.00553697
                  31             1.30862             1.35572          0.00557651
                  32             1.40945              1.3574          0.00564938
                  33             1.34942             1.35715          0.00548336
                  34             1.39415             1.35824          0.00542898
                  35             1.35614             1.35818           0.0052742
                  36             1.39082             1.35909          0.00520501
                  37              1.3306             1.35832          0.00512097
                  38             1.34964             1.35809           0.0049913
                  39             1.36932             1.35838          0.00487162
                  40             1.40402             1.35952          0.00488161
                  41             1.37582             1.35992          0.00477871
                  42             1.28121             1.35804          0.00501895
                  43             1.35602               1.358          0.00490245
                  44             1.42714             1.35957           0.0050366
                  45             1.36726             1.35974          0.00492757
                  46             1.32551             1.35899          0.00487632
                  47             1.34461             1.35869          0.00478216
                  48             1.32775             1.35804          0.00472577
                  49             1.34436             1.35776          0.00463756
                  50              1.3432             1.35747          0.00455395
                  51             1.36138             1.35755           0.0044653
                  52             1.43619             1.35906          0.00462844
                  53             1.31347              1.3582          0.00462035
                  54             1.36951             1.35841          0.00453953
                  55             1.37332             1.35868          0.00446508
                  56             1.29851             1.35761          0.00451277
                  57             1.37413              1.3579           0.0044429
                  58             1.35104             1.35778          0.00436787
                  59             1.34514             1.35757          0.00429909
                  60              1.3248             1.35702          0.00426197
                  61             1.40126             1.35774          0.00425336
                  62             1.32306             1.35719          0.00422138
                  63             1.34128             1.35693          0.00416191
                  64             1.36863             1.35712          0.00410089
                  65             1.36624             1.35726          0.00404021
                  66             1.35864             1.35728          0.00397905
                  67             1.39561             1.35785          0.00396057
                  68             1.38943             1.35831          0.00392947
                  69              1.4085             1.35904          0.00393926
                  70             1.36293              1.3591          0.00388338
                  71             1.33508             1.35876          0.00384338
                  72             1.38044             1.35906          0.00380178
                  73             1.33968             1.35879          0.00375896
                  74             1.40766             1.35945          0.00376573
                  75             1.39214             1.35989          0.00374065
                  76              1.3691             1.36001          0.00369339
                  77             1.28721             1.35907           0.0037645
                  78              1.3315             1.35871          0.00373279
                  79             1.36829             1.35883          0.00368751
                  80             1.36426              1.3589          0.00364204
                  81             1.34866             1.35877          0.00359927
                  82              1.3396             1.35854          0.00356296
                  83             1.39046             1.35893          0.00354072
                  84             1.33981              1.3587          0.00350588
                  85             1.41902             1.35941          0.00353573
                  86             1.36653             1.35949          0.00349559
                  87             1.31736             1.35901          0.00348878
                  88             1.35497             1.35896          0.00344944
                  89              1.3848             1.35925          0.00342288
                  90             1.38505             1.35954          0.00339683
                  91              1.3811             1.35977          0.00336776
                  92             1.32667             1.35941          0.00335032
                  93             1.33101             1.35911          0.00332819
                  94              1.3732             1.35926          0.00329616
                  95             1.33522             1.35901          0.00327117
                  96             1.36416             1.35906          0.00323753
                  97             1.35779             1.35905          0.00320418
                  98             1.35619             1.35902          0.00317162
                  99             1.37592             1.35919          0.00314417
                 100             1.36688             1.35926          0.00311367
                 101             1.37532             1.35942           0.0030869
                 102             1.35948             1.35942          0.00305664
                 103             1.34227             1.35926          0.00303149
                 104             1.37684             1.35943          0.00300705
                 105             1.43058              1.3601          0.00305382
                 106             1.42718             1.36074          0.00308988
                 107             1.32642             1.36042          0.00307761
                 108             1.32809             1.36012          0.00306363
                 109             1.35029             1.36003          0.00303685
                 110             1.34563              1.3599          0.00301207
                 111             1.31956             1.35953          0.00300677
                 112             1.34448              1.3594          0.00298293
                 113             1.32838             1.35912          0.00296913
                 114             1.33636             1.35892          0.00294979
                 115             1.36551             1.35898           0.0029247
                 116             1.30734             1.35854          0.00293318
                 117             1.36991             1.35863          0.00290972
                 118             1.35902             1.35864          0.00288506
                 119             1.31662             1.35828          0.00288234
                 120             1.34484             1.35817           0.0028605
                 121             1.33087             1.35795          0.00284574
                 122             1.32913             1.35771           0.0028322
                 123             1.37149             1.35782          0.00281139
                 124             1.36579             1.35789          0.00278946
                 125             1.35244             1.35784          0.00276748
                 126             1.34957             1.35778           0.0027463
                 127             1.28808             1.35723          0.00277896
                 128             1.33251             1.35704          0.00276395
                 129             1.33518             1.35687          0.00274771
                 130             1.37742             1.35702          0.00273112
                 131             1.38356             1.35723          0.00271777
                 132             1.34062              1.3571          0.00270009
                 133             1.36682             1.35717          0.00268078
                 134             1.33347               1.357           0.0026666
                 135             1.33018              1.3568          0.00265424
                 136              1.3571              1.3568          0.00263472
                 137              1.3438             1.35671           0.0026172
                 138             1.35612              1.3567          0.00259824
                 139             1.35256             1.35667          0.00257972
                 140             1.34674              1.3566          0.00256227
                 141             1.40268             1.35693          0.00256485
                 142             1.38487             1.35712          0.00255433
                 143             1.33421             1.35696          0.00254149
                 144             1.32309             1.35673           0.0025347
                 145             1.40237             1.35704          0.00253669
                 146               1.376             1.35717          0.00252264
                 147             1.33317             1.35701          0.00251076
                 148             1.40816             1.35736          0.00251747
                 149             1.33613             1.35721           0.0025046
                 150             1.36782             1.35728           0.0024889
                 151             1.36655             1.35735          0.00247317
                 152             1.37708             1.35747          0.00246031
                 153             1.34414             1.35739          0.00244577
                 154             1.37395              1.3575          0.00243225
                 155             1.34387             1.35741          0.00241815
                 156             1.34486             1.35733          0.00240398
                 157             1.35453             1.35731          0.00238874
                 158             1.39079             1.35752            0.002383
                 159              1.3758             1.35764          0.00237078
                 160             1.38133             1.35778          0.00236059
                 161             1.36316             1.35782          0.00234616
                 162             1.39656             1.35806          0.00234384
                 163             1.36238             1.35808          0.00232961
                 164             1.33243             1.35793          0.00232065
                 165             1.35246             1.35789          0.00230682
                 166             1.35852              1.3579          0.00229293
                 167             1.37189             1.35798          0.00228073
                 168             1.35548             1.35797           0.0022672
                 169             1.40978             1.35827          0.00227442
                 170             1.32725             1.35809          0.00226835
                 171             1.40463             1.35836          0.00227135
                 172             1.35038             1.35832          0.00225862
                 173             1.37534             1.35841          0.00224771
                 174             1.34958             1.35836          0.00223536
                 175              1.3817              1.3585          0.00222656
                 176             1.32331              1.3583          0.00222287
                 177             1.35583             1.35828          0.00221035
                 178              1.3651             1.35832          0.00219827
                 179             1.34844             1.35827          0.00218668
                 180             1.34138             1.35817          0.00217654
                 181             1.36983             1.35824          0.00216547
                 182             1.38169             1.35837           0.0021574
                 183             1.35396             1.35834          0.00214575
                 184             1.31838             1.35812          0.00214505
                 185             1.40736             1.35839           0.0021499
                 186             1.33978             1.35829          0.00214067
                 187              1.3366             1.35817          0.00213236
                 188             1.35941             1.35818          0.00212103
                 189             1.37804             1.35829          0.00211241
                 190             1.31792             1.35807          0.00211194
                 191             1.36372              1.3581          0.00210109
                 192             1.31953              1.3579          0.00209973
                 193             1.39517              1.3581          0.00209771
                 194             1.29007             1.35774          0.00211601
                 195               1.408               1.358          0.00212079
                 196             1.37185             1.35807          0.00211115
                 197             1.35372             1.35805          0.00210055
                 198             1.41257             1.35833          0.00210791
                 199             1.35795             1.35832          0.00209732
                 200             1.32463             1.35816          0.00209358
