                   1             0.00368             0.00368                   0
                   2            0.002068            0.002874         0.000569928
                   3           -0.003932         0.000605333          0.00189092
                   4            0.003208            0.001256          0.00152604
                   5            0.006528           0.0023104          0.00154267
                   6              -6e-05          0.00191533          0.00133519
                   7           -0.012596        -0.000157714          0.00223458
                   8           -0.005692          -0.0008495          0.00205956
                   9            0.001876        -0.000546667          0.00185285
                  10            0.005532            6.12e-05          0.00176446
                  11            0.002632         0.000294909          0.00161946
                  12           -0.006452        -0.000267333          0.00157909
                  13           -0.005588        -0.000676615          0.00150973
                  14              -8e-05           -0.000634          0.00140249
                  15             0.00474        -0.000275733          0.00135398
                  16            0.013996          0.00061625          0.00153531
                  17            0.003836         0.000805647          0.00145663
                  18           -0.004308         0.000521556          0.00140314
                  19           -0.006936         0.000129053           0.0013831
                  20            0.000336           0.0001394          0.00131398
                  21            0.005476         0.000393524          0.00127575
                  22            0.005908         0.000644182          0.00124214
                  23           -0.002324          0.00051513          0.00119482
                  24           -0.001736         0.000421333          0.00114871
                  25            0.001968           0.0004832          0.00110443
                  26           -0.001472            0.000408          0.00106451
                  27           -0.004888         0.000211852          0.00104299
                  28            0.000408         0.000218857          0.00100577
                  29             -0.0015         0.000159586         0.000972832
                  30           -0.001016           0.0001204         0.000941193
                  31            -0.00092         8.68387e-05          0.00091143
                  32           -0.002816          -3.875e-06         0.000887451
                  33           -0.004324        -0.000134788         0.000870161
                  34            0.003232        -3.57647e-05         0.000850183
                  35            0.001112        -2.97143e-06         0.000826525
                  36           -0.006056        -0.000171111          0.00082049
                  37            -0.00744        -0.000367568         0.000821497
                  38            0.000668        -0.000340316         0.000800331
                  39           -0.004196        -0.000439179         0.000785892
                  40            0.003256          -0.0003468         0.000771655
                  41           -0.009964        -0.000581366         0.000787679
                  42           -0.003816        -0.000658381         0.000772681
                  43            0.002944        -0.000574605          0.00075924
                  44            0.002324        -0.000508727         0.000744837
                  45           -0.006632          -0.0006448          0.00074061
                  46           -0.008716        -0.000820261         0.000745004
                  47            -0.00168        -0.000838553         0.000729378
                  48            0.005048        -0.000715917         0.000724419
                  49           -0.011568        -0.000937388         0.000742718
                  50            0.007624         -0.00076616         0.000747341
                  51           -0.002304        -0.000796314         0.000733295
                  52            0.001076        -0.000760308         0.000720077
                  53            0.001704        -0.000713811          0.00070799
                  54            0.000136        -0.000698074         0.000695054
                  55             0.00202        -0.000648655         0.000684171
                  56           -0.008912        -0.000796214         0.000687682
                  57           -0.002192        -0.000820702         0.000676054
                  58            0.004948        -0.000721241         0.000671674
                  59           -0.007288        -0.000832542         0.000669448
                  60           -0.010084        -0.000986733         0.000675814
                  61            -0.00274         -0.00101548         0.000665346
                  62             0.00712        -0.000884258         0.000667428
                  63           -0.004752        -0.000945651         0.000659652
                  64           -0.005516         -0.00101706         0.000653199
                  65           -0.003916         -0.00106166          0.00064467
                  66           -0.011508         -0.00121994         0.000654044
                  67             0.00172         -0.00117606         0.000645752
                  68            0.002048         -0.00112865         0.000637994
                  69            0.003284          -0.0010647         0.000631945
                  70           -0.004192         -0.00110937         0.000624494
                  71            0.011248        -0.000935324         0.000639493
                  72            0.003244        -0.000877278          0.00063324
                  73            0.000956        -0.000852164         0.000625063
                  74            0.009768        -0.000708649         0.000632877
                  75            -0.00164        -0.000721067         0.000624561
                  76            0.005992        -0.000632737         0.000622558
                  77           -0.001328        -0.000641766         0.000614538
                  78            -1.2e-05        -0.000633692         0.000606712
                  79             -0.0033        -0.000667443         0.000599971
                  80            0.006344          -0.0005798         0.000598838
                  81           -0.000448        -0.000578173         0.000591447
                  82           -0.003932        -0.000619073         0.000585647
                  83            0.004476        -0.000557687         0.000581799
                  84             9.6e-05        -0.000549905         0.000574925
                  85             0.00022        -0.000540847         0.000568233
                  86            -0.00776        -0.000624791         0.000567792
                  87           -0.014172        -0.000780506         0.000582226
                  88            0.009216        -0.000666909         0.000586587
                  89            0.004836        -0.000605079         0.000583246
                  90            0.006416        -0.000527067         0.000581959
                  91           -0.004112        -0.000566462         0.000576896
                  92            0.004376        -0.000512739         0.000573121
                  93           -0.002872        -0.000538108          0.00056752
                  94           -0.002012        -0.000553787         0.000561699
                  95            0.005688        -0.000488084         0.000559616
                  96            0.000484        -0.000477958         0.000553878
                  97           -0.005644        -0.000531216         0.000550723
                  98            0.005876        -0.000465837          0.00054897
                  99           -0.008132        -0.000543273         0.000548859
                 100            -0.00414         -0.00057924         0.000544548
                 101           -0.003384         -0.00060701         0.000539864
                 102            -0.00226        -0.000623216         0.000534814
                 103            -0.00496         -0.00066532         0.000531277
                 104           -0.008052        -0.000736346         0.000530895
                 105           -0.006904        -0.000795086         0.000529078
                 106            0.006528           -0.000726         0.000528578
                 107           -0.005624        -0.000771776         0.000525617
                 108            0.006276        -0.000706519         0.000524785
                 109           -0.006816        -0.000762569         0.000522955
                 110           -0.005956        -0.000809782         0.000520328
                 111            0.000844        -0.000794883         0.000515854
                 112             0.00318        -0.000759393         0.000512467
                 113            0.003968        -0.000717558         0.000509637
                 114            -0.00146         -0.00072407         0.000505208
                 115           -0.002936        -0.000743304         0.000501181
                 116           -0.003184        -0.000764345         0.000497302
                 117           -0.003728        -0.000789675         0.000493696
                 118            0.001488        -0.000770373         0.000489889
                 119            0.008364        -0.000693613         0.000491749
                 120           -0.005592        -0.000734433         0.000489343
                 121           -0.004672        -0.000766975         0.000486379
                 122           -0.005128        -0.000802721         0.000483705
                 123            -0.01142        -0.000889041         0.000487413
                 124           -0.000536        -0.000886194         0.000483491
                 125            0.009888             -0.0008         0.000487245
                 126            -0.00886        -0.000863968         0.000487559
                 127           -0.002652        -0.000878047         0.000483923
                 128             0.00544        -0.000828688         0.000482653
                 129             0.00082        -0.000815907         0.000479081
                 130           -0.013488        -0.000913385         0.000485211
                 131              -6e-05         -0.00090687         0.000481551
                 132           -0.000132           -0.000901         0.000477939
                 133             -0.0014        -0.000904752          0.00047436
                 134           -0.001236        -0.000907224         0.000470827
                 135            0.004464        -0.000867437         0.000469017
                 136            0.003944        -0.000832059         0.000466901
                 137           -0.002244        -0.000842365         0.000463606
                 138            0.004444        -0.000804058         0.000461827
                 139            0.002292        -0.000781784         0.000459041
                 140           -0.002136        -0.000791457         0.000455864
                 141             0.00518        -0.000749106         0.000454594
                 142              0.0041        -0.000714958         0.000452674
                 143           -0.004608        -0.000742182         0.000450326
                 144            0.006568        -0.000691417         0.000450051
                 145            0.004636        -0.000654676         0.000448444
                 146            0.009216        -0.000587068          0.00045044
                 147            0.006364        -0.000539782         0.000449851
                 148            -0.00144        -0.000545865         0.000446853
                 149           -0.000544        -0.000545852         0.000443854
                 150            0.000176         -0.00054104         0.000440921
                 151           -0.004884        -0.000569801         0.000438938
                 152            0.004204        -0.000538395         0.000437172
                 153            0.002444        -0.000518902         0.000434749
                 154            0.004288        -0.000487688         0.000433045
                 155             0.00078         -0.00047951         0.000430329
                 156             -0.0016        -0.000486692          0.00042763
                 157            0.005688        -0.000447363         0.000426711
                 158            -0.00924        -0.000503013         0.000427624
                 159           -0.003196         -0.00051995          0.00042527
                 160            0.005228        -0.000484025         0.000424126
                 161            0.011068        -0.000412273         0.000427518
                 162            0.003984        -0.000385136          0.00042574
                 163            0.000832        -0.000377669         0.000423193
                 164           -0.001736        -0.000385951         0.000420694
                 165            0.004192        -0.000358206         0.000419058
                 166            0.002044        -0.000343735         0.000416783
                 167           -0.001612        -0.000351329         0.000414357
                 168            -0.00386        -0.000372214         0.000412416
                 169            -0.00052        -0.000373089         0.000409977
                 170            0.000832           -0.000366         0.000407627
                 171            -0.01016        -0.000423275         0.000409247
                 172           -0.004792        -0.000448674         0.000407655
                 173             -0.0008        -0.000450705         0.000405304
                 174            0.000348        -0.000446115            0.000403
                 175            0.001116        -0.000437189         0.000400796
                 176           -0.002856        -0.000450932         0.000398755
                 177            -0.00512        -0.000477311         0.000397373
                 178            0.003632        -0.000454225         0.000395811
                 179            0.010736        -0.000391709         0.000398506
                 180            0.002876        -0.000373556         0.000396705
                 181           -0.001312         -0.00037874         0.000394547
                 182             0.00704        -0.000337978          0.00039448
                 183            0.001076        -0.000330251           0.0003924
                 184           -0.007776        -0.000370717         0.000392348
                 185            0.000972        -0.000363459         0.000390294
                 186            0.000104        -0.000360946         0.000388204
                 187           -0.000472         -0.00036154         0.000386129
                 188            -0.00262        -0.000373553         0.000384262
                 189            0.003248        -0.000354392         0.000382706
                 190           -0.004408        -0.000375726         0.000381286
                 191            0.003792        -0.000353906         0.000379914
                 192            0.000652        -0.000348667         0.000377971
                 193            -0.00258        -0.000360228         0.000376189
                 194             0.00586        -0.000328165         0.000375614
                 195            0.007256        -0.000289272         0.000375696
                 196           -0.001064        -0.000293224           0.0003738
                 197            0.001612        -0.000283553         0.000372028
                 198              0.0009        -0.000277576         0.000370197
                 199            0.001872        -0.000266774         0.000368494
                 200           -0.003176         -0.00028132         0.000366939
