                   1            0.203538            0.203538                   0
                   2            0.198854            0.201196          0.00165591
                   3            0.205364            0.202585          0.00158293
                   4            0.195988            0.200936          0.00185731
                   5            0.198552            0.200459          0.00154584
                   6            0.199702            0.200333          0.00129334
                   7            0.192691            0.199241           0.0015002
                   8            0.196134            0.198853          0.00136204
                   9            0.196808            0.198626           0.0012295
                  10            0.195971             0.19836          0.00113485
                  11            0.197969            0.198324          0.00103224
                  12            0.192467            0.197836          0.00105533
                  13            0.197294            0.197795         0.000974976
                  14            0.196342            0.197691         0.000910836
                  15            0.199569            0.197816          0.00085868
                  16            0.202272            0.198095         0.000848964
                  17            0.195247            0.197927         0.000815383
                  18            0.199477            0.198013         0.000774616
                  19            0.196126            0.197914         0.000740188
                  20            0.195768            0.197807         0.000710915
                  21            0.192182            0.197539         0.000725768
                  22            0.192692            0.197318         0.000725451
                  23            0.196896              0.1973         0.000694143
                  24            0.197632            0.197314         0.000665358
                  25            0.195469             0.19724         0.000642825
                  26            0.200019            0.197347         0.000626925
                  27            0.194769            0.197251         0.000610932
                  28            0.198262            0.197288         0.000590178
                  29            0.195908             0.19724          0.00057174
                  30            0.193575            0.197118         0.000565581
                  31            0.200638            0.197231         0.000558619
                  32            0.196608            0.197212         0.000541502
                  33            0.198778            0.197259         0.000527168
                  34            0.196556            0.197239         0.000512068
                  35            0.190989             0.19706         0.000527656
                  36            0.199418            0.197126         0.000517049
                  37            0.194418            0.197052         0.000508229
                  38            0.193255            0.196952         0.000504581
                  39            0.199158            0.197009         0.000494802
                  40            0.197017            0.197009         0.000482432
                  41            0.198279             0.19704         0.000471658
                  42            0.196112            0.197018         0.000460945
                  43            0.204179            0.197185         0.000479366
                  44            0.193965            0.197111         0.000474025
                  45            0.193419            0.197029          0.00047054
                  46             0.19758            0.197041         0.000460463
                  47            0.196725            0.197035         0.000450715
                  48            0.196709            0.197028         0.000441376
                  49            0.197022            0.197028         0.000432368
                  50            0.197009            0.197027         0.000423721
                  51            0.196842            0.197024         0.000415428
                  52            0.198107            0.197045         0.000407961
                  53             0.20035            0.197107         0.000405003
                  54            0.192655            0.197024         0.000405809
                  55            0.194691            0.196982         0.000400642
                  56            0.190342            0.196863         0.000410661
                  57            0.195878            0.196846          0.00040382
                  58            0.197739            0.196862         0.000397151
                  59            0.199083            0.196899           0.0003922
                  60            0.198026            0.196918         0.000386113
                  61            0.197012             0.19692         0.000379786
                  62            0.200368            0.196975         0.000377712
                  63            0.199019            0.197008         0.000373107
                  64            0.192492            0.196937          0.00037389
                  65            0.195051            0.196908         0.000369263
                  66            0.198289            0.196929          0.00036426
                  67            0.196452            0.196922         0.000358893
                  68            0.193839            0.196877         0.000356466
                  69            0.198548            0.196901         0.000352122
                  70            0.198745            0.196927         0.000348076
                  71            0.198532             0.19695         0.000343907
                  72             0.19408             0.19691         0.000341432
                  73            0.199188            0.196941         0.000338179
                  74            0.195651            0.196924         0.000334057
                  75            0.195991            0.196911         0.000329835
                  76             0.19023            0.196823         0.000337006
                  77            0.194953            0.196799         0.000333503
                  78            0.198028            0.196815         0.000329599
                  79            0.193933            0.196778         0.000327439
                  80             0.19824            0.196797         0.000323855
                  81            0.192072            0.196738         0.000325068
                  82             0.19638            0.196734         0.000321133
                  83            0.193941              0.1967         0.000319022
                  84            0.194882            0.196679         0.000315957
                  85            0.194442            0.196652         0.000313333
                  86            0.198845            0.196678         0.000310726
                  87            0.198422            0.196698           0.0003078
                  88            0.196749            0.196698         0.000304303
                  89            0.197897            0.196712         0.000301182
                  90            0.194893            0.196692         0.000298513
                  91            0.202016             0.19675         0.000300912
                  92            0.197526            0.196759          0.00029776
                  93            0.198048            0.196772         0.000294881
                  94            0.199912            0.196806         0.000293629
                  95            0.197122            0.196809         0.000290557
                  96            0.192673            0.196766         0.000290708
                  97            0.197405            0.196773         0.000287785
                  98            0.195185            0.196756         0.000285304
                  99            0.194424            0.196733         0.000283394
                 100            0.193121            0.196697         0.000282852
                 101            0.196081            0.196691         0.000280117
                 102            0.195644             0.19668         0.000277559
                 103             0.19488            0.196663         0.000275414
                 104            0.202384            0.196718         0.000278206
                 105            0.198308            0.196733         0.000275968
                 106            0.201484            0.196778          0.00027698
                 107            0.193284            0.196745          0.00027631
                 108            0.195549            0.196734         0.000273974
                 109             0.19656            0.196733         0.000271465
                 110            0.190608            0.196677         0.000274647
                 111            0.199512            0.196702         0.000273358
                 112            0.191659            0.196657         0.000274601
                 113            0.195393            0.196646         0.000272399
                 114            0.194204            0.196625          0.00027085
                 115            0.199236            0.196648         0.000269445
                 116            0.197508            0.196655         0.000267224
                 117            0.196317            0.196652         0.000264956
                 118            0.196655            0.196652          0.00026271
                 119            0.198104            0.196664         0.000260786
                 120            0.194656            0.196648         0.000259149
                 121            0.198927            0.196666         0.000257691
                 122            0.196655            0.196666         0.000255579
                 123            0.194851            0.196652         0.000253927
                 124             0.19775             0.19666         0.000252034
                 125            0.196155            0.196656          0.00025005
                 126            0.191744            0.196617         0.000251087
                 127            0.195734             0.19661         0.000249206
                 128            0.198578            0.196626         0.000247733
                 129            0.202883            0.196674         0.000250516
                 130            0.197955            0.196684         0.000248783
                 131            0.192414            0.196652          0.00024901
                 132            0.193112            0.196625         0.000248563
                 133            0.196813            0.196626         0.000246698
                 134            0.202464             0.19667         0.000248675
                 135            0.197217            0.196674         0.000246866
                 136            0.200242              0.1967          0.00024644
                 137            0.201067            0.196732         0.000246694
                 138            0.192671            0.196702         0.000246656
                 139            0.194752            0.196688          0.00024528
                 140            0.194217            0.196671         0.000244162
                 141            0.193657            0.196649         0.000243365
                 142            0.200569            0.196677         0.000243211
                 143             0.19629            0.196674         0.000241526
                 144             0.19707            0.196677         0.000239864
                 145            0.198788            0.196692         0.000238651
                 146            0.196182            0.196688         0.000237042
                 147            0.194289            0.196672          0.00023599
                 148            0.196757            0.196672         0.000234397
                 149            0.195931            0.196667         0.000232876
                 150            0.195135            0.196657         0.000231548
                 151            0.191171            0.196621         0.000232848
                 152            0.196944            0.196623         0.000231326
                 153            0.190374            0.196582         0.000233392
                 154            0.193844            0.196564         0.000232552
                 155            0.197853            0.196573         0.000231201
                 156            0.199976            0.196594         0.000230746
                 157            0.202093            0.196629         0.000231919
                 158            0.194848            0.196618         0.000230725
                 159            0.198531             0.19663         0.000229587
                 160            0.191408            0.196598         0.000230461
                 161            0.196086            0.196594         0.000229051
                 162            0.195494            0.196588         0.000227738
                 163              0.1972            0.196591         0.000226372
                 164            0.197101            0.196594         0.000225013
                 165            0.194933            0.196584         0.000223874
                 166            0.190037            0.196545         0.000225973
                 167            0.196342            0.196544         0.000224623
                 168            0.197291            0.196548          0.00022333
                 169            0.199263            0.196564         0.000222586
                 170            0.198901            0.196578         0.000221701
                 171            0.192399            0.196554         0.000221747
                 172            0.192233            0.196528         0.000221876
                 173            0.197056            0.196532         0.000220614
                 174            0.193667            0.196515          0.00021996
                 175            0.196083            0.196513         0.000218717
                 176            0.200692            0.196536         0.000218759
                 177            0.198872             0.19655         0.000217921
                 178             0.19579            0.196545         0.000216738
                 179            0.197749            0.196552         0.000215632
                 180            0.198378            0.196562         0.000214673
                 181            0.194689            0.196552         0.000213736
                 182            0.195742            0.196547         0.000212608
                 183            0.198162            0.196556         0.000211629
                 184            0.196102            0.196554         0.000210493
                 185            0.202719            0.196587         0.000211977
                 186            0.198059            0.196595         0.000210985
                 187            0.193008            0.196576         0.000210727
                 188            0.197856            0.196583         0.000209716
                 189            0.196899            0.196584         0.000208613
                 190            0.194755            0.196575         0.000207737
                 191            0.198902            0.196587         0.000207007
                 192            0.193682            0.196572         0.000206481
                 193            0.192256            0.196549         0.000206619
                 194            0.199469            0.196564         0.000206101
                 195            0.196963            0.196566         0.000205054
                 196             0.19771            0.196572         0.000204091
                 197            0.193952            0.196559         0.000203488
                 198             0.20034            0.196578         0.000203354
                 199            0.197456            0.196582          0.00020238
                 200             0.19813             0.19659         0.000201516
