           1     7.41102     7.41102           0
           2     7.65144     7.53123    0.120211
           3     7.59757     7.55334   0.0728419
           4     7.50418     7.54105   0.0529533
           5     7.62316     7.55747   0.0441826
           6      7.5088     7.54936   0.0369758
           7      7.5964     7.55608   0.0319644
           8     7.47962     7.54652   0.0292855
           9     7.50537     7.54195   0.0262289
          10     7.53126     7.54088   0.0234842
          11     7.54051     7.54085   0.0212423
          12     7.66458     7.55116   0.0219623
          13     7.62007     7.55646   0.0208861
          14      7.6435     7.56268   0.0203117
          15     7.59218     7.56464   0.0190112
          16     7.57139     7.56507   0.0177884
          17     7.56419     7.56501   0.0167093
          18     7.55006     7.56418   0.0157756
          19     7.51097     7.56138   0.0151827
          20     7.56395     7.56151   0.0144042
          21     7.53966     7.56047   0.0137406
          22     7.54669     7.55984   0.0131161
          23     7.56049     7.55987   0.0125329
          24     7.50163     7.55745   0.0122423
          25     7.68769     7.56266   0.0128462
          26     7.56616     7.56279    0.012343
          27      7.5749     7.56324   0.0118855
          28     7.54793     7.56269   0.0114662
          29      7.5917     7.56369   0.0111088
          30       7.552      7.5633   0.0107392
          31     7.52637     7.56211   0.0104551
          32     7.55976     7.56204   0.0101234
          33      7.5642      7.5621  0.00981205
          34     7.64606     7.56457  0.00983416
          35     7.55605     7.56433  0.00955216
          36      7.5766     7.56467  0.00928928
          37     7.56822     7.56477  0.00903524
          38      7.6337     7.56658  0.00897938
          39     7.52466      7.5655  0.00881191
          40     7.63924     7.56735  0.00878439
          41     7.63358     7.56896  0.00871844
          42     7.62393     7.57027  0.00860837
          43     7.75534     7.57458  0.00944352
          44      7.4821     7.57247  0.00946278
          45     7.53371     7.57161  0.00929012
          46     7.56997     7.57158  0.00908599
          47     7.46765     7.56937  0.00916141
          48     7.69087      7.5719  0.00931892
          49     7.59098     7.57229  0.00913507
          50     7.61288      7.5731  0.00898724
          51     7.50339     7.57173  0.00891467
          52      7.7218     7.57462   0.0092056
          53     7.52507     7.57368  0.00907851
          54      7.5081     7.57247   0.0089912
          55     7.52798     7.57166   0.0088632
          56     7.64576     7.57298   0.0088035
          57     7.47708      7.5713  0.00880983
          58      7.5287     7.57057  0.00868771
          59     7.55483      7.5703  0.00854335
          60     7.57378     7.57036  0.00839996
          61     7.55428     7.57009  0.00826531
          62     7.53457     7.56952  0.00815107
          63     7.59607     7.56994  0.00803171
          64     7.56705      7.5699  0.00790535
          65     7.58439     7.57012  0.00778597
          66     7.45395     7.56836  0.00786654
          67     7.67774     7.56999  0.00791836
          68     7.51354     7.56916  0.00784508
          69     7.57263     7.56921  0.00773071
          70     7.68091     7.57081  0.00778478
          71     7.45553     7.56918  0.00784421
          72     7.53382     7.56869  0.00775007
          73     7.52378     7.56808  0.00766789
          74     7.62857      7.5689   0.0076076
          75     7.70306     7.57068   0.0077157
          76     7.64649     7.57168  0.00767857
          77     7.51513     7.57095  0.00761369
          78     7.57263     7.57097  0.00751548
          79     7.77023     7.57349  0.00783673
          80      7.6066      7.5739  0.00774921
          81     7.60683     7.57431  0.00766373
          82      7.5533     7.57406  0.00757402
          83     7.54553     7.57371   0.0074901
          84     7.52864     7.57318  0.00741982
          85     7.57193     7.57316  0.00733203
          86     7.59319     7.57339  0.00725001
          87     7.62146     7.57395  0.00718745
          88     7.53306     7.57348  0.00712048
          89     7.58965     7.57366  0.00704237
          90     7.59713     7.57392  0.00696856
          91     7.62739     7.57451  0.00691655
          92     7.63682     7.57519   0.0068744
          93     7.57129     7.57515  0.00680021
          94     7.64706     7.57591  0.00677085
          95     7.61455     7.57632  0.00671153
          96     7.57199     7.57627  0.00664141
          97     7.56954      7.5762  0.00657295
          98     7.47467     7.57517  0.00658751
          99     7.62719     7.57569  0.00654177
         100     7.72751     7.57721   0.0066516
         101     7.56552      7.5771  0.00658643
         102     7.61553     7.57747  0.00653242
         103     7.57322     7.57743  0.00646882
         104     7.53567     7.57703  0.00641889
         105     7.55613     7.57683  0.00636058
         106     7.69832     7.57798  0.00640368
         107     7.68496     7.57898  0.00642186
         108     7.51286     7.57836  0.00639151
         109     7.64794       7.579  0.00636469
         110     7.56343     7.57886  0.00630815
         111     7.55465     7.57864  0.00625486
         112     7.59506     7.57879   0.0062005
         113     7.66804     7.57958  0.00619593
         114     7.65505     7.58024  0.00617692
         115     7.60972      7.5805  0.00612834
         116     7.67253     7.58129  0.00612687
         117     7.70418     7.58234  0.00616441
         118     7.67648     7.58314  0.00616379
         119     7.54974     7.58286  0.00611822
         120      7.4474     7.58173  0.00617113
         121     7.46941      7.5808  0.00618991
         122     7.51616     7.58027  0.00616179
         123     7.65526     7.58088  0.00614182
         124     7.59844     7.58102  0.00609374
         125     7.61588      7.5813  0.00605122
         126     7.65746     7.58191  0.00603336
         127     7.72617     7.58304  0.00609249
         128     7.60708     7.58323  0.00604762
         129      7.5932     7.58331  0.00600105
         130     7.61966     7.58359  0.00596127
         131      7.7791     7.58508  0.00610097
         132     7.44177     7.58399  0.00615114
         133      7.5502     7.58374     0.00611
         134     7.61288     7.58396  0.00606813
         135     7.63749     7.58435  0.00603606
         136     7.64281     7.58478  0.00600691
         137      7.4879     7.58408  0.00600469
         138     7.69411     7.58487  0.00601411
         139     7.62577     7.58517  0.00597793
         140      7.5386     7.58484  0.00594439
         141     7.54105     7.58452  0.00591025
         142     7.52406      7.5841  0.00588391
         143     7.79382     7.58557  0.00602388
         144     7.71434     7.58646  0.00604837
         145      7.5941     7.58651  0.00600674
         146     7.57765     7.58645  0.00596577
         147     7.54934      7.5862  0.00593042
         148     7.64294     7.58658  0.00590268
         149      7.6533     7.58703  0.00588001
         150     7.59484     7.58708  0.00584091
         151     7.57076     7.58697   0.0058031
         152     7.49914      7.5864  0.00579369
         153     7.63157     7.58669  0.00576326
         154      7.6082     7.58683  0.00572742
         155     7.52283     7.58642  0.00570531
         156     7.58008     7.58638  0.00566876
         157     7.61434     7.58656  0.00563535
         158     7.53649     7.58624  0.00560853
         159     7.65077     7.58664  0.00558791
         160     7.61245     7.58681  0.00555521
         161      7.5592     7.58663  0.00552326
         162     7.49223     7.58605  0.00551991
         163      7.5667     7.58593  0.00548723
         164     7.65515     7.58636  0.00546997
         165     7.55336     7.58616   0.0054404
         166     7.67738      7.5867  0.00543538
         167     7.60442     7.58681  0.00540377
         168      7.5536     7.58661  0.00537515
         169     7.69577     7.58726  0.00538214
         170     7.70559     7.58796  0.00539547
         171     7.57864      7.5879   0.0053641
         172     7.58966     7.58791  0.00533284
         173      7.6199      7.5881  0.00530514
         174     7.59693     7.58815  0.00527481
         175     7.65082      7.5885   0.0052568
         176     7.64792     7.58884  0.00523773
         177     7.50226     7.58835  0.00523098
         178     7.70656     7.58902  0.00524373
         179     7.56452     7.58888  0.00521615
         180     7.57186     7.58879  0.00518795
         181     7.51049     7.58835  0.00517731
         182      7.5849     7.58833  0.00514882
         183     7.59429     7.58837  0.00512071
         184     7.56012     7.58821  0.00509512
         185     7.55207     7.58802  0.00507127
         186     7.55995     7.58787  0.00504619
         187     7.68558     7.58839  0.00504625
         188     7.63157     7.58862  0.00502459
         189     7.66881     7.58904  0.00501591
         190     7.75089      7.5899  0.00506164
         191     7.53868     7.58963   0.0050422
         192     7.65732     7.58998  0.00502825
         193     7.66964     7.59039  0.00501913
         194       7.562     7.59025  0.00499533
         195     7.61401     7.59037  0.00497114
         196     7.57935     7.59031  0.00494603
         197     7.45051      7.5896  0.00497177
         198     7.53522     7.58933  0.00495422
         199     7.52934     7.58903  0.00493847
         200     7.49046     7.58853  0.00493837
         201     7.60499     7.58861  0.00491442
         202     7.58571      7.5886  0.00489005
         203       7.543     7.58838  0.00487109
         204      7.5994     7.58843  0.00484745
         205      7.6076     7.58852  0.00482465
         206     7.45951      7.5879  0.00484185
         207     7.59331     7.58792  0.00481847
         208     7.62246     7.58809  0.00479813
         209     7.63859     7.58833  0.00478122
         210     7.58519     7.58832  0.00475843
         211     7.69027      7.5888  0.00476041
         212      7.5028     7.58839  0.00475523
         213     7.42335     7.58762  0.00479586
         214     7.62587      7.5878  0.00477674
         215     7.73908      7.5885  0.00480626
         216     7.64383     7.58876  0.00479081
         217     7.63826     7.58899  0.00477413
         218     7.58818     7.58898  0.00475218
         219      7.5862     7.58897  0.00473045
         220      7.5783     7.58892  0.00470915
         221     7.72432     7.58953  0.00472766
         222     7.65546     7.58983  0.00471568
         223      7.6041     7.58989  0.00469492
         224     7.62977     7.59007   0.0046773
         225     7.68158     7.59048  0.00467419
         226     7.55594     7.59033  0.00465597
         227     7.65168      7.5906  0.00464329
         228     7.61628     7.59071  0.00462425
         229     7.63862     7.59092  0.00460877
         230     7.60386     7.59097  0.00458903
         231     7.60607     7.59104  0.00456959
         232     7.61667     7.59115  0.00455119
         233      7.6118     7.59124  0.00453248
         234     7.55202     7.59107  0.00451618
         235     7.62239      7.5912   0.0044989
         236     7.65188     7.59146  0.00448716
         237     7.66846     7.59179  0.00447999
         238     7.53691     7.59156  0.00446708
         239     7.68092     7.59193  0.00446404
         240     7.47924     7.59146  0.00447012
         241     7.53592     7.59123   0.0044575
         242     7.65405     7.59149  0.00444662
         243     7.55011     7.59132  0.00443156
         244     7.43833     7.59069  0.00445768
         245      7.5536     7.59054  0.00444202
         246     7.52124     7.59026  0.00443289
         247     7.57124     7.59018  0.00441558
         248     7.48299     7.58975  0.00441893
         249     7.68498     7.59013  0.00441773
         250     7.64922     7.59037  0.00440637
         251     7.55773     7.59024   0.0043907
         252     7.55785     7.59011  0.00437513
         253     7.47933     7.58967  0.00437975
         254     7.64449     7.58989  0.00436781
         255     7.63177     7.59005  0.00435374
         256     7.59934     7.59009  0.00433685
         257     7.54049      7.5899  0.00432425
         258     7.57954     7.58986  0.00430765
         259     7.56944     7.58978  0.00429171
         260      7.5386     7.58958   0.0042797
         261      7.5976     7.58961  0.00426338
         262     7.54883     7.58945  0.00424993
         263     7.54974      7.5893  0.00423643
         264     7.59026     7.58931  0.00422036
         265     7.51664     7.58903  0.00421333
         266     7.52761      7.5888  0.00420381
         267     7.60437     7.58886  0.00418844
         268     7.68857     7.58923  0.00418934
         269     7.64797     7.58945  0.00417944
         270     7.52173      7.5892  0.00417148
         271     7.50603     7.58889  0.00416738
         272     7.54026     7.58871  0.00415588
         273     7.46999     7.58828   0.0041634
         274     7.64409     7.58848  0.00415317
         275     7.62878     7.58863  0.00414064
         276     7.60401     7.58869  0.00412598
         277     7.60942     7.58876  0.00411174
         278     7.55586     7.58864  0.00409864
         279     7.65666     7.58889  0.00409119
         280     7.68724     7.58924  0.00409166
         281     7.66914     7.58952  0.00408697
         282     7.69254     7.58989  0.00408881
         283     7.53279     7.58969  0.00407933
         284     7.69242     7.59005    0.004081
         285     7.68629     7.59038  0.00408065
         286     7.64964     7.59059  0.00407164
         287     7.57245     7.59053  0.00405792
         288     7.57696     7.59048  0.00404408
         289     7.63849     7.59065  0.00403348
         290     7.60651      7.5907  0.00401992
         291     7.66983     7.59097   0.0040153
         292     7.53953      7.5908   0.0040054
         293     7.57932     7.59076   0.0039919
         294     7.65189     7.59097  0.00398373
         295     7.64738     7.59116  0.00397481
         296     7.51779     7.59091   0.0039691
         297     7.71451     7.59133  0.00397755
         298      7.7024      7.5917  0.00398166
         299     7.71599     7.59211  0.00399003
         300     7.70877      7.5925  0.00399567
         301     7.58235     7.59247  0.00398252
         302     7.59338     7.59247  0.00396931
         303     7.63709     7.59262  0.00395893
         304     7.63873     7.59277   0.0039488
         305     7.55281     7.59264  0.00393801
         306     7.63816     7.59279  0.00392794
         307     7.57354     7.59273  0.00391563
         308     7.66281     7.59295  0.00390952
         309       7.603     7.59299  0.00389698
         310     7.47128     7.59259  0.00390418
         311     7.45779     7.59216  0.00391567
         312     7.62968     7.59228  0.00390495
         313     7.54123     7.59212  0.00389587
         314     7.66794     7.59236  0.00389095
         315     7.62315     7.59246  0.00387981
         316     7.47372     7.59208  0.00388572
         317     7.57773     7.59204  0.00387371
         318     7.45813     7.59161   0.0038844
         319     7.48273     7.59127  0.00388722
         320     7.45846     7.59086  0.00389721
         321     7.54682     7.59072  0.00388747
         322     7.50521     7.59046  0.00388447
         323     7.55169     7.59034  0.00387428
         324     7.53034     7.59015  0.00386675
         325     7.64446     7.59032  0.00385845
         326     7.51556     7.59009  0.00385343
         327     7.54318     7.58994   0.0038443
         328     7.51874     7.58973  0.00383871
         329     7.58174      7.5897   0.0038271
         330     7.81142     7.59038  0.00387418
         331     7.64181     7.59053  0.00386559
         332     7.62816     7.59064  0.00385559
         333     7.55267     7.59053  0.00384569
         334     7.59001     7.59053  0.00383416
         335     7.70757     7.59088  0.00383863
         336     7.51542     7.59065  0.00383377
         337     7.48918     7.59035  0.00383422
         338     7.70536     7.59069  0.00383797
         339     7.58697     7.59068  0.00382665
         340     7.70252     7.59101  0.00382953
         341       7.549     7.59089  0.00382027
         342     7.47697     7.59055  0.00382362
         343     7.57046      7.5905   0.0038129
         344     7.65183     7.59067  0.00380598
         345     7.55704     7.59058  0.00379619
         346     7.69466     7.59088  0.00379713
         347     7.51921     7.59067  0.00379181
         348     7.61707     7.59075  0.00378165
         349     7.54987     7.59063  0.00377262
         350     7.66306     7.59084  0.00376751
         351     7.60149     7.59087  0.00375689
         352      7.6182     7.59094    0.003747
         353     7.64721      7.5911  0.00373977
         354     7.64671     7.59126   0.0037325
         355      7.6046      7.5913  0.00372216
         356     7.57913     7.59126  0.00371185
         357     7.44695     7.59086  0.00372345
         358     7.57524     7.59082  0.00371329
         359     7.53675     7.59067  0.00370599
         360     7.53774     7.59052   0.0036986
         361      7.5421     7.59038  0.00369078
         362     7.54343     7.59025  0.00368286
         363     7.69149     7.59053  0.00368327
         364     7.68901      7.5908  0.00368309
         365     7.50502     7.59057  0.00368049
         366     7.59385     7.59058  0.00367044
         367     7.67675     7.59081  0.00366794
         368     7.58157     7.59079  0.00365805
         369     7.67093     7.59101  0.00365458
         370     7.59093       7.591  0.00364469
         371     7.66796     7.59121  0.00364077
         372     7.60021     7.59124  0.00363105
         373     7.65717     7.59141  0.00362561
         374      7.6796     7.59165  0.00362358
         375     7.61493     7.59171  0.00361444
         376     7.54973      7.5916  0.00360655
         377     7.57631     7.59156  0.00359719
         378     7.63214     7.59167  0.00358927
         379     7.71412     7.59199  0.00359434
         380     7.63375      7.5921  0.00358655
         381     7.59906     7.59212  0.00357717
         382      7.7215     7.59246  0.00358384
         383     7.64837      7.5926  0.00357745
         384     7.61128     7.59265  0.00356845
         385     7.49529      7.5924  0.00356814
         386     7.55238     7.59229   0.0035604
         387     7.52964     7.59213  0.00355487
         388     7.66012     7.59231  0.00355003
         389     7.57693     7.59227  0.00354111
         390     7.57471     7.59222  0.00353231
         391     7.54145     7.59209  0.00352565
         392     7.70125     7.59237  0.00352765
         393     7.62976     7.59247  0.00351995
         394     7.53597     7.59232  0.00351393
         395     7.56769     7.59226  0.00350558
         396     7.71641     7.59257  0.00351074
         397     7.54698     7.59246  0.00350377
         398      7.6016     7.59248  0.00349503
         399     7.45747     7.59214  0.00350265
         400     7.57508      7.5921  0.00349414
         401     7.55592     7.59201  0.00348658
         402     7.58737       7.592  0.00347792
         403      7.4718      7.5917  0.00348207
         404     7.65421     7.59186  0.00347689
         405     7.55053     7.59175  0.00346979
         406     7.57719     7.59172  0.00346142
         407     7.56168     7.59164   0.0034537
         408     7.52472     7.59148  0.00344912
         409     7.46206     7.59116   0.0034552
         410     7.62457     7.59125  0.00344773
         411     7.62587     7.59133  0.00344036
         412     7.78295      7.5918  0.00346337
         413     7.67006     7.59198  0.00346016
         414     7.61524     7.59204  0.00345225
         415     7.62385     7.59212  0.00344478
         416     7.69307     7.59236  0.00344505
         417     7.57855     7.59233  0.00343693
         418     7.64109     7.59244  0.00343068
         419     7.66486     7.59262  0.00342685
         420     7.68153     7.59283  0.00342523
         421     7.72018     7.59313  0.00343045
         422     7.54835     7.59302  0.00342395
         423     7.60173     7.59305  0.00341591
         424     7.60647     7.59308  0.00340799
         425     7.59379     7.59308  0.00339996
         426     7.51934     7.59291  0.00339639
         427     7.64244     7.59302  0.00339041
         428     7.61703     7.59308  0.00338294
         429     7.50107     7.59286  0.00338185
         430      7.5401     7.59274  0.00337621
         431     7.58036     7.59271  0.00336849
         432     7.48024     7.59245  0.00337075
         433     7.53768     7.59232  0.00336534
         434     7.59644     7.59233  0.00335759
         435     7.61358     7.59238  0.00335022
         436     7.58366     7.59236  0.00334258
         437     7.59616     7.59237  0.00333494
         438     7.46256     7.59208  0.00334049
         439     7.67641     7.59227   0.0033384
         440     7.63609     7.59237   0.0033323
         441     7.49259     7.59214  0.00333242
         442     7.63384     7.59224  0.00332621
         443     7.56622     7.59218  0.00331921
         444     7.51472       7.592  0.00331632
         445     7.48939     7.59177  0.00331689
         446     7.69181       7.592  0.00331703
         447     7.69063     7.59222  0.00331695
         448     7.60411     7.59224  0.00330965
         449      7.6848     7.59245  0.00330869
         450     7.61629      7.5925  0.00330176
         451     7.56378     7.59244  0.00329505
         452     7.62078      7.5925  0.00328835
         453      7.6334     7.59259  0.00328232
         454     7.66737     7.59276  0.00327922
         455       7.801     7.59321  0.00330386
         456     7.58032     7.59319  0.00329673
         457     7.56523     7.59312  0.00329008
         458     7.52573     7.59298  0.00328618
         459     7.60741     7.59301  0.00327916
         460     7.71153     7.59327  0.00328216
         461     7.65096     7.59339  0.00327742
         462     7.61557     7.59344  0.00327067
         463     7.55267     7.59335  0.00326479
         464     7.54954     7.59326  0.00325911
         465     7.60035     7.59327  0.00325213
         466     7.61145     7.59331  0.00324538
         467     7.49607      7.5931  0.00324511
         468     7.63438     7.59319  0.00323937
         469     7.70783     7.59344  0.00324168
         470     7.47373     7.59318  0.00324479
         471     7.63537     7.59327  0.00323913
         472     7.46076     7.59299  0.00324443
         473     7.63827     7.59309  0.00323898
         474     7.59406     7.59309  0.00323214
         475     7.62469     7.59315  0.00322601
         476     7.59671     7.59316  0.00321924
         477     7.57556     7.59312  0.00321269
         478     7.53593       7.593   0.0032082
         479     7.63718      7.5931  0.00320282
         480     7.60796     7.59313  0.00319629
         481     7.61383     7.59317  0.00318993
         482     7.51938     7.59302  0.00318698
         483     7.55613     7.59294  0.00318129
         484     7.49427     7.59274  0.00318125
         485     7.57116     7.59269    0.003175
         486     7.61976     7.59275  0.00316895
         487     7.52461     7.59261  0.00316553
         488      7.6475     7.59272  0.00316104
         489     7.56401     7.59266  0.00315511
         490     7.68224     7.59285  0.00315397
         491     7.65174     7.59297  0.00314983
         492     7.78152     7.59335  0.00316669
         493     7.73209     7.59363  0.00317277
         494     7.63531     7.59371  0.00316747
         495     7.52415     7.59357  0.00316418
         496     7.63099     7.59365   0.0031587
         497     7.49051     7.59344  0.00315916
         498     7.55514     7.59337  0.00315375
         499       7.641     7.59346  0.00314887
         500     7.69484     7.59366   0.0031491
