           1    -7.57963    -7.57963           0
           2    -7.53584    -7.55774   0.0218987
           3    -7.54681    -7.55409   0.0131574
           4     -7.5627    -7.55625  0.00954951
           5    -7.54041    -7.55308  0.00804631
           6    -7.56202    -7.55457  0.00673655
           7    -7.54682    -7.55346  0.00579993
           8      -7.566    -7.55503  0.00526172
           9    -7.56321    -7.55594  0.00472857
          10    -7.55779    -7.55612  0.00423343
          11    -7.55593    -7.55611  0.00382932
          12    -7.53414    -7.55428  0.00394609
          13     -7.5413    -7.55328  0.00376454
          14     -7.5381    -7.55219  0.00364995
          15    -7.54769    -7.55189  0.00341117
          16    -7.55002    -7.55178    0.003193
          17    -7.55184    -7.55178  0.00299931
          18    -7.55431    -7.55192  0.00283126
          19    -7.56088    -7.55239  0.00271926
          20    -7.55201    -7.55237  0.00257979
          21    -7.55627    -7.55256  0.00246088
          22     -7.5541    -7.55263  0.00234741
          23    -7.55256    -7.55263  0.00224303
          24      -7.563    -7.55306  0.00219061
          25    -7.52966    -7.55212  0.00230015
          26    -7.55164     -7.5521  0.00220999
          27    -7.55031    -7.55204   0.0021276
          28    -7.55569    -7.55217  0.00205435
          29    -7.54675    -7.55198  0.00199105
          30    -7.55398    -7.55205  0.00192468
          31    -7.55871    -7.55226  0.00187392
          32    -7.55225    -7.55226  0.00181441
          33    -7.55173    -7.55225  0.00175865
          34    -7.53699     -7.5518  0.00176418
          35    -7.55408    -7.55186  0.00171428
          36    -7.54886    -7.55178  0.00166806
          37    -7.55109    -7.55176  0.00162246
          38    -7.54076    -7.55147   0.0016055
          39    -7.55941    -7.55167  0.00157698
          40    -7.53848    -7.55134  0.00157202
          41    -7.53919    -7.55105  0.00156158
          42    -7.54129    -7.55082  0.00154157
          43    -7.51737    -7.55004  0.00169432
          44    -7.56762    -7.55044  0.00170292
          45    -7.55705    -7.55058  0.00167112
          46    -7.55081    -7.55059   0.0016344
          47    -7.56976      -7.551  0.00165043
          48    -7.52955    -7.55055  0.00167631
          49    -7.54672    -7.55047   0.0016436
          50     -7.5418     -7.5503  0.00161969
          51    -7.56295    -7.55055  0.00160689
          52     -7.5232    -7.55002  0.00166116
          53    -7.55803    -7.55017  0.00163651
          54     -7.5622    -7.55039   0.0016213
          55    -7.55896    -7.55055  0.00159916
          56    -7.53694    -7.55031  0.00158905
          57     -7.5686    -7.55063  0.00159357
          58    -7.55831    -7.55076  0.00157145
          59    -7.55404    -7.55082  0.00154558
          60    -7.54998     -7.5508  0.00151967
          61    -7.55364    -7.55085  0.00149527
          62    -7.55696    -7.55095  0.00147425
          63    -7.54604    -7.55087  0.00145275
          64    -7.55086    -7.55087  0.00142987
          65    -7.54772    -7.55082  0.00140854
          66    -7.57277    -7.55115  0.00142634
          67    -7.53064    -7.55085  0.00143786
          68    -7.56105      -7.551  0.00142448
          69    -7.55062    -7.55099  0.00140369
          70    -7.53228    -7.55072  0.00140908
          71    -7.57194    -7.55102  0.00142087
          72    -7.55745    -7.55111  0.00140384
          73    -7.55907    -7.55122  0.00138876
          74    -7.54078    -7.55108  0.00137711
          75    -7.52639    -7.55075  0.00139794
          76    -7.53699    -7.55057  0.00139126
          77    -7.56101    -7.55071  0.00137975
          78    -7.55071    -7.55071  0.00136194
          79    -7.51443    -7.55025  0.00142083
          80    -7.54404    -7.55017  0.00140511
          81    -7.54457     -7.5501  0.00138937
          82    -7.55477    -7.55016  0.00137351
          83    -7.55487    -7.55021  0.00135805
          84    -7.55917    -7.55032  0.00134601
          85    -7.55158    -7.55033  0.00133016
          86    -7.54556    -7.55028  0.00131578
          87    -7.54202    -7.55018  0.00130402
          88    -7.55777    -7.55027  0.00129199
          89    -7.54797    -7.55024  0.00127766
          90    -7.54647     -7.5502  0.00126408
          91    -7.54031    -7.55009  0.00125483
          92    -7.53865    -7.54997  0.00124733
          93    -7.54972    -7.54997  0.00123384
          94    -7.53733    -7.54983  0.00122803
          95    -7.54231    -7.54975  0.00121761
          96    -7.54991    -7.54976  0.00120486
          97    -7.55179    -7.54978  0.00119256
          98    -7.56801    -7.54996   0.0011949
          99    -7.53991    -7.54986  0.00118712
         100    -7.52176    -7.54958  0.00120831
         101    -7.55232    -7.54961  0.00119659
         102    -7.54223    -7.54953  0.00118701
         103    -7.54971    -7.54954  0.00117543
         104    -7.55712    -7.54961  0.00116635
         105    -7.55408    -7.54965  0.00115597
         106    -7.52764    -7.54944  0.00116369
         107     -7.5298    -7.54926  0.00116729
         108    -7.56187    -7.54938  0.00116231
         109    -7.53781    -7.54927  0.00115648
         110    -7.55157    -7.54929  0.00114611
         111    -7.55341    -7.54933  0.00113634
         112    -7.54639     -7.5493  0.00112646
         113    -7.53272    -7.54916  0.00112605
         114    -7.53577    -7.54904  0.00112228
         115    -7.54292    -7.54899  0.00111375
         116    -7.53185    -7.54884  0.00111395
         117     -7.5269    -7.54865  0.00112019
         118    -7.53196    -7.54851  0.00111963
         119    -7.55451    -7.54856  0.00111132
         120    -7.57248    -7.54876   0.0011199
         121    -7.56924    -7.54893  0.00112344
         122    -7.56084    -7.54903  0.00111846
         123    -7.53593    -7.54892  0.00111443
         124     -7.5454    -7.54889  0.00110577
         125    -7.54248    -7.54884  0.00109809
         126    -7.53512    -7.54873  0.00109476
         127    -7.52261    -7.54852  0.00110541
         128    -7.54519     -7.5485  0.00109705
         129    -7.54579    -7.54848  0.00108872
         130    -7.54197    -7.54843  0.00108147
         131    -7.51292    -7.54816  0.00110687
         132    -7.57429    -7.54835  0.00111615
         133    -7.55436     -7.5484  0.00110864
         134    -7.54374    -7.54836  0.00110089
         135    -7.53849    -7.54829  0.00109515
         136    -7.53734    -7.54821  0.00109004
         137    -7.56616    -7.54834  0.00108996
         138    -7.52701    -7.54819  0.00109303
         139    -7.54056    -7.54813  0.00108652
         140    -7.55658    -7.54819  0.00108041
         141    -7.55662    -7.54825  0.00107439
         142    -7.55988    -7.54833  0.00106993
         143    -7.50924    -7.54806  0.00109704
         144    -7.52423     -7.5479  0.00110189
         145    -7.54627    -7.54788  0.00109432
         146    -7.55019     -7.5479  0.00108692
         147    -7.55367    -7.54794  0.00108021
         148    -7.53699    -7.54787  0.00107543
         149    -7.53556    -7.54778  0.00107138
         150    -7.54628    -7.54777  0.00106426
         151    -7.55053    -7.54779  0.00105735
         152    -7.56395     -7.5479  0.00105573
         153    -7.53904    -7.54784  0.00105041
         154    -7.54382    -7.54781  0.00104389
         155    -7.55933    -7.54789  0.00103979
         156    -7.54818    -7.54789  0.00103311
         157    -7.54336    -7.54786  0.00102691
         158    -7.55707    -7.54792  0.00102206
         159    -7.53669    -7.54785  0.00101806
         160    -7.54266    -7.54782   0.0010122
         161    -7.55336    -7.54785  0.00100648
         162    -7.56494    -7.54796  0.00100579
         163    -7.55162    -7.54798 0.000999856
         164    -7.53525     -7.5479 0.000996765
         165    -7.55434    -7.54794 0.000991475
         166    -7.53091    -7.54784  0.00099081
         167    -7.54508    -7.54782 0.000984997
         168    -7.55447    -7.54786 0.000979916
         169    -7.52909    -7.54775  0.00098041
         170    -7.52598    -7.54762 0.000983004
         171    -7.54969    -7.54763 0.000977314
         172    -7.54745    -7.54763 0.000971616
         173    -7.54222     -7.5476 0.000966489
         174    -7.54616    -7.54759 0.000960954
         175    -7.53656    -7.54753 0.000957526
         176     -7.5365    -7.54747 0.000954131
         177    -7.56341    -7.54756 0.000952991
         178    -7.52551    -7.54743 0.000955681
         179    -7.55209    -7.54746 0.000950684
         180    -7.55049    -7.54748 0.000945538
         181    -7.56221    -7.54756 0.000943816
         182    -7.54898    -7.54757 0.000938648
         183    -7.54761    -7.54757 0.000933505
         184    -7.55298     -7.5476 0.000928884
         185    -7.55534    -7.54764 0.000924797
         186    -7.55274    -7.54766 0.000920221
         187    -7.53044    -7.54757 0.000919909
         188    -7.54016    -7.54753 0.000915852
         189    -7.53306    -7.54746 0.000914207
         190    -7.51775     -7.5473 0.000922727
         191    -7.55676    -7.54735 0.000919219
         192    -7.53514    -7.54729 0.000916629
         193    -7.53274    -7.54721 0.000914976
         194    -7.55182    -7.54723 0.000910558
         195    -7.54281    -7.54721  0.00090616
         196    -7.54884    -7.54722 0.000901563
         197    -7.57163    -7.54734 0.000905492
         198    -7.55672    -7.54739 0.000902152
         199    -7.55879    -7.54745 0.000899432
         200     -7.5656    -7.54754 0.000899514
         201    -7.54483    -7.54753 0.000895129
         202    -7.54832    -7.54753 0.000890696
         203    -7.55599    -7.54757 0.000887276
         204    -7.54488    -7.54756 0.000883015
         205     -7.5434    -7.54754 0.000878931
         206    -7.57111    -7.54765 0.000882105
         207    -7.54701    -7.54765 0.000877839
         208    -7.54176    -7.54762 0.000874068
         209    -7.53852    -7.54758 0.000870963
         210    -7.54848    -7.54758 0.000866817
         211    -7.52821    -7.54749 0.000867568
         212    -7.56305    -7.54756 0.000866579
         213    -7.57736     -7.5477 0.000873772
         214    -7.54014    -7.54767 0.000870397
         215    -7.52079    -7.54754 0.000875314
         216    -7.53685    -7.54749 0.000872657
         217    -7.53814    -7.54745 0.000869694
         218    -7.54723    -7.54745 0.000865696
         219     -7.5474    -7.54745 0.000861734
         220    -7.54922    -7.54746 0.000857846
         221    -7.52309    -7.54735 0.000861044
         222    -7.53475    -7.54729 0.000859031
         223    -7.54479    -7.54728 0.000855244
         224    -7.53945    -7.54724 0.000852135
         225    -7.53011    -7.54717 0.000851752
         226    -7.55324    -7.54719   0.0008484
         227    -7.53615    -7.54715 0.000846056
         228    -7.54288    -7.54713 0.000842544
         229    -7.53873    -7.54709 0.000839658
         230    -7.54438    -7.54708 0.000836082
         231    -7.54407    -7.54707 0.000832557
         232     -7.5422    -7.54704 0.000829225
         233    -7.54251    -7.54703 0.000825887
         234    -7.55362    -7.54705 0.000822833
         235    -7.54215    -7.54703 0.000819589
         236    -7.53594    -7.54699 0.000817463
         237    -7.53232    -7.54692 0.000816356
         238    -7.55659    -7.54696 0.000813933
         239    -7.53051     -7.5469 0.000813439
         240    -7.56652    -7.54698 0.000814159
         241    -7.55657    -7.54702  0.00081175
         242    -7.53555    -7.54697 0.000809776
         243    -7.55435      -7.547 0.000807008
         244    -7.57493    -7.54711 0.000811807
         245    -7.55234    -7.54714 0.000808768
         246    -7.55995    -7.54719 0.000807157
         247    -7.55064     -7.5472 0.000804003
         248    -7.56672    -7.54728 0.000804614
         249    -7.53043    -7.54721 0.000804229
         250    -7.53623    -7.54717 0.000802208
         251    -7.55327    -7.54719 0.000799376
         252     -7.5546    -7.54722 0.000796739
         253    -7.56734     -7.5473 0.000797558
         254    -7.53703    -7.54726  0.00079544
         255     -7.5392    -7.54723 0.000792944
         256    -7.54574    -7.54722 0.000789862
         257    -7.55679    -7.54726 0.000787663
         258    -7.54888    -7.54727 0.000784629
         259    -7.55062    -7.54728 0.000781701
         260    -7.55672    -7.54732 0.000779535
         261     -7.5455    -7.54731 0.000776573
         262     -7.5554    -7.54734  0.00077422
         263    -7.55491    -7.54737 0.000771807
         264    -7.54683    -7.54737  0.00076888
         265    -7.56057    -7.54742 0.000767593
         266    -7.55876    -7.54746  0.00076589
         267    -7.54506    -7.54745 0.000763069
         268    -7.52991    -7.54739 0.000763029
         269    -7.53586    -7.54734 0.000761394
         270    -7.55889    -7.54739 0.000759773
         271    -7.56282    -7.54744 0.000759105
         272    -7.55674    -7.54748 0.000757081
         273    -7.56928    -7.54756 0.000758519
         274    -7.53705    -7.54752 0.000756718
         275     -7.5396    -7.54749 0.000754511
         276    -7.54476    -7.54748 0.000751837
         277    -7.54434    -7.54747 0.000749203
         278    -7.55354    -7.54749 0.000746823
         279    -7.53631    -7.54745  0.00074522
         280    -7.53034    -7.54739 0.000745065
         281    -7.53244    -7.54734 0.000744313
         282    -7.52767    -7.54727  0.00074494
         283    -7.55765     -7.5473 0.000743209
         284      -7.529    -7.54724 0.000743388
         285    -7.52966    -7.54718 0.000743337
         286    -7.53685    -7.54714 0.000741612
         287    -7.55049    -7.54715 0.000739116
         288    -7.54926    -7.54716 0.000736581
         289    -7.53819    -7.54713 0.000734684
         290    -7.54463    -7.54712 0.000732197
         291    -7.53298    -7.54707 0.000731292
         292     -7.5558     -7.5471 0.000729396
         293    -7.54848    -7.54711 0.000726918
         294    -7.53603    -7.54707  0.00072542
         295    -7.53617    -7.54703   0.0007239
         296    -7.56097    -7.54708 0.000722986
         297    -7.52514      -7.547 0.000724326
         298    -7.52589    -7.54693 0.000725361
         299     -7.5244    -7.54686  0.00072685
         300    -7.52494    -7.54679 0.000728099
         301    -7.54948    -7.54679 0.000725731
         302    -7.54709     -7.5468 0.000723325
         303    -7.53795    -7.54677 0.000721524
         304    -7.53905    -7.54674 0.000719594
         305    -7.55326    -7.54676 0.000717549
         306    -7.53833    -7.54673 0.000715731
         307    -7.55024    -7.54675 0.000713488
         308    -7.53415     -7.5467 0.000712342
         309     -7.5453     -7.5467 0.000710048
         310    -7.56925    -7.54677 0.000711481
         311    -7.57218    -7.54685 0.000713878
         312    -7.54005    -7.54683  0.00071192
         313    -7.55596    -7.54686 0.000710241
         314     -7.5346    -7.54682 0.000709051
         315    -7.54149    -7.54681    0.000707
         316    -7.56785    -7.54687 0.000707898
         317    -7.54957    -7.54688 0.000705713
         318    -7.57103    -7.54696 0.000707576
         319    -7.56562    -7.54702 0.000707775
         320    -7.57181    -7.54709 0.000709802
         321    -7.55467    -7.54712  0.00070798
         322    -7.56294    -7.54717 0.000707487
         323    -7.55463    -7.54719 0.000705671
         324    -7.55831    -7.54722 0.000704326
         325    -7.53674    -7.54719 0.000702896
         326    -7.56124    -7.54723  0.00070206
         327    -7.55495    -7.54726 0.000700307
         328    -7.56143     -7.5473 0.000699504
         329    -7.54898    -7.54731 0.000697394
         330    -7.50642    -7.54718 0.000706229
         331    -7.53764    -7.54715 0.000704682
         332    -7.53943    -7.54713 0.000702941
         333    -7.55289    -7.54715 0.000701041
         334    -7.54648    -7.54715 0.000698942
         335    -7.52626    -7.54708 0.000699635
         336    -7.56177    -7.54713 0.000698918
         337    -7.56541    -7.54718 0.000698951
         338    -7.52587    -7.54712 0.000699725
         339    -7.54736    -7.54712 0.000697658
         340    -7.52675    -7.54706 0.000698179
         341    -7.55439    -7.54708 0.000696461
         342    -7.56759    -7.54714 0.000697006
         343    -7.55127    -7.54715 0.000695075
         344    -7.53559    -7.54712 0.000693866
         345    -7.55324    -7.54714 0.000692079
         346    -7.52853    -7.54708 0.000692169
         347     -7.5603    -7.54712 0.000691222
         348    -7.54139     -7.5471 0.000689429
         349     -7.5539    -7.54712 0.000687727
         350    -7.53305    -7.54708 0.000686938
         351    -7.54477    -7.54708 0.000685009
         352     -7.5432    -7.54707 0.000683149
         353    -7.53743    -7.54704 0.000681758
         354    -7.53659    -7.54701 0.000680469
         355    -7.54524      -7.547 0.000678568
         356    -7.54938    -7.54701 0.000676692
         357     -7.5733    -7.54708 0.000678801
         358    -7.54947    -7.54709 0.000676935
         359    -7.55721    -7.54712 0.000675635
         360    -7.55685    -7.54715 0.000674297
         361    -7.55495    -7.54717 0.000672774
         362     -7.5556    -7.54719 0.000671317
         363    -7.52858    -7.54714 0.000671426
         364    -7.52945    -7.54709 0.000671341
         365    -7.56274    -7.54713 0.000670871
         366    -7.54712    -7.54713 0.000669036
         367    -7.53157    -7.54709 0.000668557
         368     -7.5492     -7.5471 0.000666762
         369    -7.53273    -7.54706 0.000666092
         370    -7.54731    -7.54706 0.000664289
         371    -7.53271    -7.54702 0.000663624
         372    -7.54642    -7.54702  0.00066184
         373    -7.53488    -7.54699 0.000660864
         374    -7.53094    -7.54694  0.00066049
         375    -7.54393    -7.54694 0.000658776
         376    -7.55431    -7.54696 0.000657314
         377    -7.54998    -7.54696 0.000655617
         378     -7.5391    -7.54694 0.000654211
         379    -7.52493    -7.54688 0.000655063
         380    -7.53963    -7.54687 0.000653615
         381    -7.54518    -7.54686 0.000651912
         382    -7.52329     -7.5468 0.000653124
         383    -7.53715    -7.54677 0.000651903
         384    -7.54383    -7.54677 0.000650248
         385    -7.56418    -7.54681 0.000650132
         386    -7.55435    -7.54683 0.000648739
         387    -7.55845    -7.54686 0.000647757
         388    -7.53407    -7.54683 0.000646927
         389    -7.54889    -7.54683 0.000645283
         390    -7.54897    -7.54684  0.00064365
         391    -7.55544    -7.54686 0.000642379
         392    -7.52712    -7.54681 0.000642714
         393    -7.53918    -7.54679  0.00064137
         394    -7.55635    -7.54682   0.0006402
         395    -7.55123    -7.54683 0.000638676
         396     -7.5236    -7.54677 0.000639756
         397    -7.55535    -7.54679 0.000638509
         398    -7.54502    -7.54678 0.000636918
         399    -7.57167    -7.54685 0.000638374
         400    -7.54986    -7.54685  0.00063682
         401    -7.55428    -7.54687   0.0006355
         402    -7.54796    -7.54688 0.000633923
         403      -7.568    -7.54693 0.000634516
         404    -7.53444     -7.5469 0.000633698
         405    -7.55481    -7.54692 0.000632434
         406    -7.55045    -7.54693 0.000630934
         407    -7.55208    -7.54694 0.000629509
         408     -7.5584    -7.54697 0.000628593
         409     -7.5702    -7.54702 0.000629622
         410    -7.54153    -7.54701 0.000628228
         411    -7.53965    -7.54699 0.000626953
         412    -7.51261    -7.54691 0.000630973
         413    -7.53239    -7.54687 0.000630423
         414    -7.54329    -7.54686 0.000628958
         415     -7.5417    -7.54685 0.000627564
         416    -7.52928    -7.54681 0.000627478
         417    -7.54924    -7.54682 0.000625998
         418    -7.53838     -7.5468 0.000624825
         419    -7.53274    -7.54676 0.000624235
         420     -7.5313    -7.54673 0.000623835
         421    -7.52383    -7.54667 0.000624723
         422    -7.55476    -7.54669 0.000623535
         423    -7.54539    -7.54669 0.000622067
         424    -7.54497    -7.54668 0.000620612
         425    -7.54654    -7.54668  0.00061915
         426    -7.55978    -7.54671 0.000618459
         427    -7.53754    -7.54669 0.000617383
         428    -7.54193    -7.54668 0.000616039
         429    -7.56277    -7.54672 0.000615744
         430    -7.55638    -7.54674 0.000614722
         431    -7.54936    -7.54675 0.000613324
         432    -7.56715    -7.54679 0.000613722
         433    -7.55743    -7.54682 0.000612795
         434    -7.54618    -7.54682 0.000611383
         435    -7.54361    -7.54681 0.000610021
         436    -7.54751    -7.54681 0.000608622
         437    -7.54536    -7.54681 0.000607237
         438    -7.57048    -7.54686 0.000608255
         439    -7.53207    -7.54683 0.000607802
         440    -7.53883    -7.54681 0.000606691
         441    -7.56446    -7.54685 0.000606635
         442    -7.53922    -7.54683 0.000605507
         443    -7.55135    -7.54684 0.000604225
         444    -7.56139    -7.54688 0.000603752
         445    -7.56608    -7.54692 0.000603938
         446    -7.52895    -7.54688 0.000603928
         447    -7.53017    -7.54684 0.000603734
         448    -7.54394    -7.54684 0.000602419
         449    -7.52997     -7.5468 0.000602249
         450    -7.54275    -7.54679 0.000600977
         451    -7.55167     -7.5468  0.00059974
         452    -7.54089    -7.54679 0.000598555
         453    -7.53932    -7.54677 0.000597459
         454    -7.53353    -7.54674 0.000596855
         455    -7.50948    -7.54666 0.000601146
         456    -7.55014    -7.54667 0.000599874
         457    -7.55159    -7.54668 0.000598658
         458    -7.55939     -7.5467 0.000597993
         459    -7.54467     -7.5467 0.000596705
         460    -7.52476    -7.54665 0.000597314
         461    -7.53631    -7.54663 0.000596439
         462    -7.54208    -7.54662 0.000595228
         463    -7.55369    -7.54664 0.000594138
         464    -7.55408    -7.54665 0.000593073
         465    -7.54613    -7.54665 0.000591797
         466    -7.54328    -7.54664  0.00059057
         467    -7.56439    -7.54668 0.000590527
         468    -7.53927    -7.54667 0.000589477
         469     -7.5253    -7.54662 0.000589981
         470    -7.56832    -7.54667 0.000590531
         471    -7.53861    -7.54665 0.000589524
         472    -7.57099     -7.5467  0.00059053
         473     -7.5384    -7.54668 0.000589541
         474     -7.5472    -7.54668 0.000588297
         475    -7.54107    -7.54667 0.000587176
         476    -7.54557    -7.54667 0.000585946
         477    -7.54995    -7.54668 0.000584757
         478    -7.55727     -7.5467 0.000583953
         479    -7.53924    -7.54668  0.00058294
         480    -7.54289    -7.54668 0.000581778
         481     -7.5424    -7.54667 0.000580635
         482    -7.56009    -7.54669 0.000580099
         483    -7.55384    -7.54671 0.000579085
         484    -7.56513    -7.54675  0.00057914
         485    -7.54981    -7.54675 0.000577979
         486    -7.54217    -7.54674 0.000576866
         487    -7.55903    -7.54677 0.000576233
         488     -7.5362    -7.54675 0.000575458
         489     -7.5527    -7.54676 0.000574409
         490     -7.5301    -7.54673 0.000574243
         491    -7.53664    -7.54671 0.000573441
         492    -7.51198    -7.54663 0.000576609
         493    -7.52179    -7.54658  0.00057764
         494    -7.53878    -7.54657 0.000576687
         495    -7.55944    -7.54659 0.000576108
         496    -7.53975    -7.54658 0.000575111
         497    -7.56531    -7.54662 0.000575189
         498    -7.55383    -7.54663 0.000574215
         499    -7.53858    -7.54662  0.00057329
         500     -7.5279    -7.54658 0.000573366
