           0           0           0
   0.0230664           0           0
   0.0461329           0           0
   0.0691993           0           0
   0.0922657           0           0
    0.115332           0           0
    0.138399           0           0
    0.161465           0           0
    0.184531           0           0
    0.207598           0           0
    0.230664           0           0
    0.253731           0           0
    0.276797           0           0
    0.299864           0           0
     0.32293           0           0
    0.345996           0           0
    0.369063           0           0
    0.392129           0           0
    0.415196           0           0
    0.438262           0           0
    0.461329           0           0
    0.484395           0           0
    0.507461           0           0
    0.530528           0           0
    0.553594           0           0
    0.576661           0           0
    0.599727           0           0
    0.622794           0           0
     0.64586           0           0
    0.668926           0           0
    0.691993           0           0
    0.715059           0           0
    0.738126           0           0
    0.761192           0           0
    0.784259           0           0
    0.807325           0           0
    0.830391           0           0
    0.853458 2.01812e-06 1.19019e-06
    0.876524 7.89426e-05 5.26509e-06
    0.899591  0.00342744 3.55263e-05
    0.922657   0.0471633 0.000158566
    0.945724     0.29344 0.000479944
     0.96879     1.00605 0.000955127
    0.991856     2.24138  0.00115313
     1.01492     3.62568  0.00108094
     1.03799     4.61782  0.00108742
     1.06106     4.89813  0.00156171
     1.08412     4.49236  0.00170708
     1.10719     3.65778  0.00134673
     1.13026     2.69433 0.000937229
     1.15332     1.81457 0.000615428
     1.17639     1.13074 0.000584705
     1.19945    0.653875 0.000558178
     1.22252    0.353612 0.000487262
     1.24559    0.179498 0.000393744
     1.26865   0.0890421  0.00027037
     1.29172     0.04939 0.000206004
     1.31479    0.042171 0.000195417
     1.33785   0.0605837 0.000212117
     1.36092    0.105997 0.000252833
     1.38399    0.183952 0.000292063
     1.40705    0.300173 0.000318981
     1.43012     0.45291 0.000292681
     1.45319    0.628062 0.000292388
     1.47625    0.796899 0.000413676
     1.49932    0.922218 0.000545174
     1.52238     0.97066 0.000628883
     1.54545     0.92981 0.000565504
     1.56852    0.809054 0.000436292
     1.59158    0.641223 0.000287996
     1.61465    0.465616 0.000237064
     1.63772    0.316595 0.000315833
     1.66078    0.219156 0.000359215
     1.68385    0.191527 0.000423811
     1.70692    0.254757 0.000517251
     1.72998    0.433243  0.00058845
     1.75305    0.748994 0.000618853
     1.77612     1.19799 0.000510001
     1.79918     1.72807 0.000404274
     1.82225     2.23587 0.000629629
     1.84531     2.59783 0.000982093
     1.86838     2.71413  0.00118408
     1.89145     2.55786  0.00107456
     1.91451     2.18024  0.00077783
     1.93758     1.68948 0.000412098
     1.96065     1.20065 0.000404219
     1.98371    0.801801 0.000543316
     2.00678    0.542426 0.000614508
     2.02985    0.434343 0.000622864
     2.05291    0.461238 0.000517698
     2.07598    0.586627  0.00036698
     2.09905    0.758196 0.000244381
     2.12211    0.917529 0.000298991
     2.14518     1.01406 0.000420356
     2.16824     1.02187 0.000477164
     2.19131    0.919264 0.000365726
     2.21438    0.780437 0.000251233
     2.23744    0.653891 0.000314414
     2.26051    0.571748  0.00049132
     2.28358    0.572702 0.000603189
