           0           0           0
    0.064633           0           0
    0.129266           0           0
    0.193899           0           0
    0.258532           0           0
    0.323165           0           0
    0.387798           0           0
    0.452431           0           0
    0.517064           0           0
    0.581697           0           0
     0.64633           0           0
    0.710963           0           0
    0.775596           0           0
     0.84023 0.000948313 4.82632e-05
    0.904863    0.148269 0.000599087
    0.969496     1.06267  0.00219966
     1.03413     2.04119   0.0036915
     1.09876     2.26601  0.00406327
     1.16339     2.09019  0.00359235
     1.22803     1.83384  0.00294743
     1.29266     1.61889  0.00257801
     1.35729     1.45453  0.00221565
     1.42193     1.33504  0.00202494
     1.48656     1.24972  0.00179122
     1.55119     1.18831   0.0015967
     1.61583     1.14341  0.00153579
     1.68046     1.11278    0.001532
     1.74509     1.09162  0.00145841
     1.80973     1.07561  0.00138144
     1.87436     1.06702  0.00140215
     1.93899     1.06026   0.0014189
     2.00362     1.05895  0.00133925
     2.06826     1.05592  0.00134846
     2.13289     1.05244  0.00130599
     2.19752     1.04828  0.00128961
     2.26216     1.04347  0.00125688
     2.32679     1.03703  0.00117695
     2.39142     1.03105  0.00117554
     2.45606     1.02676  0.00114666
     2.52069     1.02204  0.00110167
     2.58532     1.01767  0.00103503
     2.64995     1.01425  0.00104353
     2.71459       1.011 0.000984654
     2.77922      1.0073 0.000985923
     2.84385     1.00589 0.000959742
     2.90849     1.00469 0.000946529
     2.97312     1.00214 0.000900008
     3.03775     1.00038 0.000828678
     3.10239    0.999244 0.000862229
     3.16702    0.998752 0.000830431
     3.23165    0.997873 0.000791542
     3.29629    0.996842 0.000794623
     3.36092    0.995278 0.000746983
     3.42555    0.994983 0.000699215
     3.49018     0.99384 0.000709183
     3.55482    0.992965 0.000687339
     3.61945     0.99318 0.000692575
     3.68408      0.9925 0.000654363
     3.74872    0.991759 0.000619226
     3.81335    0.991546 0.000613988
     3.87798    0.990475 0.000608242
     3.94262    0.990394 0.000570293
     4.00725    0.990452 0.000572635
     4.07188    0.989882 0.000558452
     4.13651    0.989818 0.000533644
     4.20115    0.989255 0.000545941
     4.26578    0.989385  0.00050148
     4.33041    0.988689 0.000504278
     4.39505    0.988849 0.000491614
     4.45968    0.988236 0.000456498
     4.52431    0.987842 0.000445018
     4.58895    0.987928 0.000451648
     4.65358     0.98727 0.000433202
     4.71821    0.987736  0.00042531
     4.78285    0.987621 0.000414126
     4.84748    0.987322 0.000410129
     4.91211    0.986768 0.000397343
     4.97674    0.986756 0.000379366
     5.04138    0.986742 0.000368486
     5.10601    0.986195 0.000372988
     5.17064     0.98618  0.00036569
     5.23528    0.986168 0.000359991
     5.29991    0.985541 0.000355261
     5.36454    0.986003 0.000336585
     5.42918    0.985607 0.000345465
     5.49381    0.985676  0.00033868
     5.55844    0.985412 0.000333205
     5.62307    0.986031 0.000329577
     5.68771    0.985694 0.000314078
     5.75234    0.985416 0.000307843
     5.81697    0.986031 0.000311934
     5.88161    0.985547  0.00030636
     5.94624    0.985719  0.00030891
     6.01087    0.985399 0.000291015
     6.07551    0.985444 0.000292436
     6.14014    0.985926 0.000293399
     6.20477    0.985416 0.000302471
      6.2694    0.985834 0.000296223
     6.33404    0.985158 0.000296121
     6.39867    0.985158 0.000307615
