           1   -0.402441   -0.402441           0
           2   -0.443285   -0.422863   0.0204217
           3   -0.398703    -0.41481   0.0142783
           4   -0.413219   -0.414412   0.0101041
           5   -0.402256   -0.411981  0.00819556
           6   -0.407574   -0.411246  0.00673183
           7   -0.403768   -0.410178  0.00578887
           8   -0.417469   -0.411089  0.00509548
           9   -0.421984     -0.4123  0.00465399
          10   -0.420575   -0.413128   0.0042441
          11   -0.431946   -0.414838  0.00420287
          12   -0.416523   -0.414979  0.00383924
          13   -0.423482   -0.415633  0.00359165
          14   -0.404149   -0.414812  0.00342491
          15   -0.417864   -0.415016   0.0031949
          16   -0.454678   -0.417495  0.00388282
          17   -0.403638    -0.41668  0.00373725
          18    -0.40961   -0.416287  0.00354534
          19   -0.424328    -0.41671  0.00338016
          20   -0.407899    -0.41627  0.00323682
          21   -0.410301   -0.415985  0.00309192
          22   -0.403908   -0.415436  0.00299871
          23   -0.410657   -0.415229  0.00287289
          24   -0.440749   -0.416292  0.00294897
          25   -0.415814   -0.416273  0.00282862
          26    -0.41444   -0.416202  0.00271856
          27   -0.402263   -0.415686   0.0026664
          28   -0.416313   -0.415708   0.0025695
          29   -0.406671   -0.415397  0.00249882
          30   -0.430339   -0.415895  0.00246494
          31   -0.394175   -0.415194  0.00248491
          32   -0.420812    -0.41537   0.0024124
          33   -0.429603   -0.415801  0.00237761
          34   -0.408174   -0.415577   0.0023175
          35   -0.416323   -0.415598  0.00225041
          36   -0.418359   -0.415675  0.00218835
          37   -0.410514   -0.415535  0.00213295
          38   -0.417477   -0.415586  0.00207669
          39   -0.411491   -0.415481  0.00202547
          40   -0.442281   -0.416151  0.00208477
          41   -0.417806   -0.416192  0.00203369
          42    -0.40235   -0.415862  0.00201185
          43   -0.446929   -0.416585  0.00209315
          44   -0.399264   -0.416191  0.00208257
          45   -0.415243    -0.41617  0.00203587
          46   -0.412516    -0.41609  0.00199271
          47   -0.399168    -0.41573  0.00198281
          48   -0.420665   -0.415833  0.00194379
          49   -0.428571   -0.416093  0.00192137
          50   -0.414105   -0.416053  0.00188297
          51   -0.404859   -0.415834  0.00185869
          52   -0.426357   -0.416036  0.00183379
          53   -0.393376   -0.415609  0.00184897
          54   -0.416499   -0.415625  0.00181448
          55   -0.423064    -0.41576  0.00178631
          56   -0.415732    -0.41576  0.00175413
          57   -0.424765   -0.415918   0.0017303
          58   -0.427227   -0.416113  0.00171135
          59    -0.41959   -0.416172  0.00168313
          60   -0.420249    -0.41624  0.00165623
          61   -0.398684   -0.415952  0.00165409
          62   -0.424725   -0.416094  0.00163333
          63   -0.416313   -0.416097   0.0016072
          64   -0.431693   -0.416341  0.00160055
          65   -0.418284   -0.416371  0.00157601
          66   -0.424283    -0.41649  0.00155657
          67   -0.421975   -0.416572  0.00153535
          68   -0.390941   -0.416195  0.00155886
          69   -0.415319   -0.416183  0.00153615
          70   -0.411546   -0.416116   0.0015155
          71   -0.416714   -0.416125  0.00149402
          72   -0.412493   -0.416074  0.00147399
          73   -0.432192   -0.416295  0.00147033
          74   -0.413333   -0.416255  0.00145088
          75   -0.414743   -0.416235  0.00143154
          76   -0.401992   -0.416048  0.00142496
          77   -0.430112    -0.41623  0.00141814
          78   -0.417389   -0.416245  0.00139992
          79   -0.422796   -0.416328  0.00138457
          80   -0.395946   -0.416073  0.00139069
          81   -0.403526   -0.415918  0.00138213
          82   -0.407241   -0.415813  0.00136926
          83   -0.433326   -0.416024  0.00136902
          84   -0.448696   -0.416413  0.00140744
          85   -0.405323   -0.416282  0.00139689
          86   -0.411519   -0.416227  0.00138166
          87   -0.409556    -0.41615  0.00136784
          88   -0.421867   -0.416215  0.00135377
          89   -0.423192   -0.416293  0.00134076
          90    -0.40162    -0.41613  0.00133577
          91   -0.432112   -0.416306  0.00133263
          92   -0.428142   -0.416435  0.00132433
          93   -0.421867   -0.416493  0.00131131
          94   -0.393905   -0.416253  0.00131936
          95   -0.409745   -0.416184  0.00130719
          96   -0.434314   -0.416373  0.00130722
          97   -0.458813   -0.416811  0.00136565
          98   -0.419413   -0.416837  0.00135191
          99   -0.406638   -0.416734  0.00134214
         100    -0.41154   -0.416682  0.00132967
         101    -0.41811   -0.416696  0.00131651
         102   -0.438445    -0.41691  0.00132087
         103   -0.402117   -0.416766  0.00131584
         104   -0.428708   -0.416881  0.00130817
         105   -0.418005   -0.416891   0.0012957
         106   -0.429506    -0.41701  0.00128892
         107   -0.426761   -0.417102  0.00128007
         108   -0.426139   -0.417185  0.00127092
         109   -0.426662   -0.417272   0.0012622
         110   -0.422907   -0.417323  0.00125172
         111   -0.413933   -0.417293  0.00124077
         112   -0.418234   -0.417301  0.00122967
         113   -0.425839   -0.417377  0.00122108
         114   -0.407317   -0.417289  0.00121354
         115   -0.402114   -0.417157  0.00121015
         116   -0.394997   -0.416966  0.00121479
         117   -0.410694   -0.416912  0.00120555
         118   -0.405567   -0.416816  0.00119915
         119   -0.415726   -0.416807  0.00118907
         120   -0.398838   -0.416657  0.00118859
         121   -0.428491   -0.416755  0.00118277
         122   -0.406549   -0.416671  0.00117602
         123   -0.430002   -0.416779  0.00117144
         124   -0.427016   -0.416862  0.00116489
         125   -0.402681   -0.416749  0.00116109
         126   -0.425323   -0.416817  0.00115384
         127   -0.397666   -0.416666  0.00115461
         128   -0.402639   -0.416556  0.00115078
         129   -0.419018   -0.416575  0.00114199
         130   -0.418296   -0.416589  0.00113325
         131   -0.424825   -0.416651  0.00112632
         132   -0.409873     -0.4166  0.00111893
         133   -0.408468   -0.416539  0.00111217
         134   -0.425949   -0.416609  0.00110607
         135   -0.416415   -0.416608  0.00109785
         136    -0.41442   -0.416592  0.00108986
         137   -0.413835   -0.416572  0.00108207
         138   -0.409559   -0.416521   0.0010754
         139   -0.411768   -0.416487  0.00106818
         140   -0.433951   -0.416611  0.00106783
         141   -0.425452   -0.416674  0.00106209
         142   -0.418044   -0.416684  0.00105462
         143   -0.427292   -0.416758  0.00104985
         144   -0.416709   -0.416757  0.00104253
         145   -0.416033   -0.416752  0.00103533
         146   -0.423183   -0.416797  0.00102916
         147   -0.409814   -0.416749  0.00102323
         148   -0.422676   -0.416789  0.00101709
         149    -0.43139   -0.416887  0.00101498
         150   -0.414389    -0.41687  0.00100833
         151   -0.391995   -0.416706  0.00101508
         152   -0.407046   -0.416642  0.00101038
         153   -0.414949   -0.416631  0.00100382
         154   -0.396444     -0.4165  0.00100586
         155   -0.394942   -0.416361  0.00100898
         156   -0.422947   -0.416403  0.00100338
         157   -0.399949   -0.416298  0.00100246
         158   -0.416894   -0.416302 0.000996103
         159   -0.432671   -0.416405 0.000995158
         160   -0.398903   -0.416296  0.00099495
         161   -0.430541   -0.416384 0.000992703
         162   -0.407277   -0.416328 0.000988156
         163   -0.456018   -0.416571  0.00101181
         164   -0.415404   -0.416564  0.00100565
         165   -0.403013   -0.416482   0.0010029
         166   -0.405393   -0.416415  0.00099908
         167   -0.401239   -0.416324 0.000997229
         168   -0.417743   -0.416333 0.000991311
         169   -0.405392   -0.416268 0.000987552
         170   -0.418517   -0.416281 0.000981815
         171   -0.414356    -0.41627 0.000976121
         172   -0.415712   -0.416267 0.000970435
         173   -0.404334   -0.416198 0.000967272
         174   -0.428436   -0.416268 0.000964265
         175   -0.426384   -0.416326  0.00096048
         176   -0.400048   -0.416234 0.000959476
         177   -0.420018   -0.416255 0.000954279
         178   -0.413979   -0.416242 0.000948989
         179   -0.391958   -0.416107 0.000953375
         180   -0.413669   -0.416093  0.00094816
         181    -0.40713   -0.416043 0.000944207
         182   -0.412443   -0.416024 0.000939213
         183   -0.403236   -0.415954 0.000936676
         184   -0.409886   -0.415921 0.000932155
         185   -0.412266   -0.415901 0.000927313
         186   -0.406573   -0.415851 0.000923677
         187   -0.428666   -0.415919 0.000921276
         188   -0.406369   -0.415869  0.00091777
         189   -0.419757   -0.415889 0.000913133
         190   -0.415855   -0.415889 0.000908314
         191   -0.421864    -0.41592 0.000904087
         192   -0.423191   -0.415958 0.000900163
         193   -0.438589   -0.416075 0.000903131
         194   -0.436261   -0.416179 0.000904468
         195   -0.408486    -0.41614 0.000900683
         196   -0.422248   -0.416171 0.000896617
         197   -0.459616   -0.416392  0.00091891
         198   -0.406928   -0.416344 0.000915506
         199   -0.407455   -0.416299 0.000911988
         200   -0.413756   -0.416287 0.000907506
         201   -0.417367   -0.416292 0.000902996
         202    -0.41735   -0.416297  0.00089853
         203   -0.431551   -0.416372 0.000897244
         204   -0.432243    -0.41645 0.000896218
         205   -0.425001   -0.416492 0.000892811
         206    -0.42311   -0.416524 0.000889047
         207   -0.416132   -0.416522 0.000884744
         208   -0.406444   -0.416474 0.000881812
         209   -0.398865   -0.416389 0.000881618
         210   -0.400402   -0.416313 0.000880706
         211   -0.419427   -0.416328 0.000876647
         212   -0.419929   -0.416345 0.000872667
         213   -0.409825   -0.416314   0.0008691
         214   -0.430018   -0.416378 0.000867396
         215   -0.428803   -0.416436 0.000865284
         216   -0.440238   -0.416546 0.000868289
         217   -0.418421   -0.416555 0.000864322
         218   -0.411432   -0.416531 0.000860669
         219   -0.417057   -0.416534 0.000856733
         220   -0.415806   -0.416531 0.000852836
         221   -0.393421   -0.416426 0.000855384
         222   -0.385734   -0.416288 0.000862672
         223   -0.405773   -0.416241 0.000860089
         224   -0.431682    -0.41631 0.000859011
         225    -0.43304   -0.416384 0.000858411
         226   -0.400924   -0.416316 0.000857337
         227   -0.422924   -0.416345 0.000854049
         228    -0.41027   -0.416318 0.000850712
         229    -0.42933   -0.416375 0.000848893
         230    -0.42537   -0.416414 0.000846098
         231   -0.415636   -0.416411 0.000842434
         232   -0.391981   -0.416305 0.000845379
         233   -0.414981     -0.4163 0.000841762
         234   -0.410824   -0.416276 0.000838483
         235    -0.42211   -0.416301 0.000835277
         236    -0.41004   -0.416274 0.000832153
         237   -0.407172   -0.416236 0.000829524
         238   -0.436702   -0.416322 0.000830495
         239     -0.4119   -0.416304  0.00082722
         240    -0.41705   -0.416307 0.000823772
         241   -0.419288   -0.416319  0.00082044
         242   -0.408085   -0.416285  0.00081775
         243   -0.419121   -0.416297 0.000814462
         244   -0.410206   -0.416272 0.000811501
         245   -0.397728   -0.416196 0.000811718
         246   -0.435348   -0.416274 0.000812152
         247   -0.410536   -0.416251 0.000809191
         248   -0.427568   -0.416296 0.000807212
         249   -0.422574   -0.416321 0.000804359
         250   -0.414852   -0.416316 0.000801156
         251   -0.424897    -0.41635  0.00079869
         252   -0.406614   -0.416311 0.000796452
         253   -0.413492     -0.4163 0.000793376
         254   -0.420393   -0.416316 0.000790411
         255   -0.407574   -0.416282 0.000788051
         256   -0.403129    -0.41623 0.000786646
         257   -0.399654   -0.416166  0.00078623
         258   -0.404256    -0.41612 0.000784536
         259   -0.434569   -0.416191  0.00078474
         260   -0.444756   -0.416301 0.000789399
         261   -0.416676   -0.416302  0.00078637
         262   -0.418724   -0.416312 0.000783417
         263    -0.42757   -0.416354 0.000781606
         264   -0.400576   -0.416295  0.00078093
         265   -0.401732    -0.41624 0.000779916
         266   -0.420698   -0.416256 0.000777159
         267   -0.402239   -0.416204 0.000776021
         268   -0.407542   -0.416172 0.000773795
         269   -0.398221   -0.416105 0.000773796
         270   -0.410651   -0.416085 0.000771189
         271   -0.407171   -0.416052 0.000769042
         272   -0.386597   -0.415943 0.000773824
         273   -0.432785   -0.416005 0.000773448
         274   -0.416903   -0.416008 0.000770627
         275   -0.402606    -0.41596 0.000769365
         276   -0.428064   -0.416004 0.000767826
         277   -0.407304   -0.415972 0.000765694
         278   -0.413389   -0.415963 0.000762991
         279   -0.392996   -0.415881 0.000764695
         280   -0.415184   -0.415878 0.000761963
         281   -0.419313    -0.41589 0.000759345
         282   -0.393203    -0.41581 0.000760912
         283   -0.404041   -0.415768 0.000759358
         284   -0.411191   -0.415752 0.000756852
         285   -0.418472   -0.415762 0.000754252
         286   -0.400461   -0.415708 0.000753511
         287   -0.403545   -0.415666 0.000752076
         288   -0.400174   -0.415612 0.000751388
         289   -0.411591   -0.415598 0.000748913
         290   -0.425879   -0.415634 0.000747168
         291   -0.391242    -0.41555 0.000749299
         292   -0.415757    -0.41555 0.000746729
         293   -0.408393   -0.415526 0.000744577
         294   -0.422538    -0.41555 0.000742423
         295   -0.421267   -0.415569 0.000740156
         296   -0.423552   -0.415596 0.000738144
         297   -0.414761   -0.415593  0.00073566
         298   -0.407646   -0.415567 0.000733672
         299    -0.40608   -0.415535 0.000731902
         300   -0.414644   -0.415532 0.000729464
         301   -0.412884   -0.415523  0.00072709
         302   -0.400043   -0.415472 0.000726489
         303   -0.423321   -0.415498  0.00072455
         304   -0.427705   -0.415538 0.000723278
         305   -0.423913   -0.415565 0.000721426
         306   -0.411051   -0.415551 0.000719216
         307   -0.430013   -0.415598 0.000718415
         308    -0.43576   -0.415663 0.000719065
         309    -0.41237   -0.415653 0.000716813
         310   -0.417505   -0.415659 0.000714522
         311   -0.403926   -0.415621 0.000713219
         312   -0.411632   -0.415608 0.000711045
         313   -0.403464   -0.415569  0.00070983
         314   -0.418003   -0.415577 0.000707609
         315   -0.409381   -0.415557 0.000705633
         316   -0.416194   -0.415559 0.000703399
         317    -0.40093   -0.415513 0.000702694
         318   -0.413797   -0.415508 0.000700501
         319   -0.434597   -0.415568 0.000700861
         320   -0.413232    -0.41556 0.000698706
         321   -0.411806   -0.415549 0.000696624
         322   -0.432054     -0.4156 0.000696346
         323   -0.422953   -0.415623  0.00069456
         324   -0.407534   -0.415598 0.000692863
         325    -0.44845   -0.415699 0.000698085
         326   -0.409702    -0.41568 0.000696184
         327   -0.410216   -0.415664 0.000694253
         328   -0.407569   -0.415639 0.000692573
         329   -0.406053    -0.41561 0.000691079
         330   -0.395992    -0.41555 0.000691541
         331   -0.407541   -0.415526 0.000689874
         332   -0.418909   -0.415536 0.000687868
         333   -0.427951   -0.415574 0.000686812
         334   -0.434097   -0.415629 0.000686994
         335     -0.4186   -0.415638 0.000684998
         336   -0.411291   -0.415625 0.000683079
         337   -0.415795   -0.415626 0.000681049
         338   -0.411041   -0.415612 0.000679167
         339   -0.424539   -0.415638 0.000677672
         340   -0.401963   -0.415598 0.000676872
         341   -0.403972   -0.415564 0.000675745
         342   -0.408595   -0.415544 0.000674074
         343   -0.425222   -0.415572 0.000672698
         344   -0.394058   -0.415509 0.000673649
         345   -0.412203     -0.4155 0.000671762
         346   -0.407441   -0.415477 0.000670223
         347    -0.40239   -0.415439 0.000669352
         348   -0.408414   -0.415419  0.00066773
         349   -0.417626   -0.415425 0.000665845
         350   -0.405135   -0.415396  0.00066459
         351   -0.413267   -0.415389 0.000662722
         352   -0.420218   -0.415403 0.000660979
         353   -0.426577   -0.415435 0.000659863
         354   -0.402085   -0.415397 0.000659076
         355   -0.408763   -0.415378 0.000657483
         356   -0.380132   -0.415279 0.000663067
         357   -0.437461   -0.415342  0.00066412
         358   -0.417741   -0.415348 0.000662296
         359   -0.411312   -0.415337 0.000660544
         360   -0.436408   -0.415396 0.000661302
         361   -0.414788   -0.415394  0.00065947
         362   -0.398808   -0.415348  0.00065924
         363    -0.40915   -0.415331 0.000657643
         364   -0.400744   -0.415291 0.000657057
         365   -0.405672   -0.415265 0.000655784
         366   -0.423738   -0.415288 0.000654399
         367   -0.404889   -0.415259 0.000653229
         368   -0.410746   -0.415247 0.000651567
         369   -0.428522   -0.415283 0.000650794
         370   -0.408312   -0.415264 0.000649306
         371    -0.41006    -0.41525 0.000647705
         372   -0.438566   -0.415313 0.000648995
         373   -0.415124   -0.415312 0.000647253
         374    -0.42212   -0.415331 0.000645777
         375    -0.43401    -0.41538 0.000645976
         376   -0.418146   -0.415388 0.000644297
         377   -0.403382   -0.415356 0.000643375
         378   -0.416756    -0.41536 0.000641681
         379   -0.420095   -0.415372 0.000640108
         380   -0.407112    -0.41535 0.000638791
         381   -0.412371   -0.415343  0.00063716
         382   -0.411299   -0.415332 0.000635578
         383   -0.391197   -0.415269 0.000637041
         384   -0.417279   -0.415274 0.000635401
         385   -0.424298   -0.415298 0.000634182
         386   -0.405325   -0.415272 0.000633065
         387   -0.407848   -0.415253 0.000631718
         388    -0.40884   -0.415236 0.000630304
         389   -0.413685   -0.415232 0.000628695
         390   -0.424367   -0.415256 0.000627518
         391   -0.404811   -0.415229 0.000626481
         392   -0.422862   -0.415248 0.000625184
         393   -0.431525    -0.41529 0.000624965
         394   -0.432019   -0.415332 0.000624821
         395   -0.428488   -0.415365 0.000624126
         396   -0.410755   -0.415354 0.000622657
         397   -0.410206   -0.415341 0.000621222
         398   -0.414909    -0.41534  0.00061966
         399   -0.402438   -0.415307  0.00061895
         400   -0.416573   -0.415311 0.000617409
         401   -0.413109   -0.415305 0.000615892
         402   -0.395801   -0.415257 0.000616271
         403   -0.421047   -0.415271 0.000614908
         404   -0.425147   -0.415295 0.000613871
         405   -0.414372   -0.415293 0.000612357
         406   -0.406984   -0.415273  0.00061119
         407   -0.406167    -0.41525 0.000610097
         408   -0.413827   -0.415247 0.000608609
         409   -0.421449   -0.415262 0.000607309
         410   -0.403608   -0.415234 0.000606492
         411   -0.416266   -0.415236  0.00060502
         412   -0.424265   -0.415258 0.000603947
         413   -0.408968   -0.415243 0.000602676
         414   -0.407035   -0.415223 0.000601545
         415   -0.406289   -0.415201  0.00060048
         416   -0.427686   -0.415231 0.000599786
         417   -0.413373   -0.415227 0.000598362
         418   -0.408087    -0.41521 0.000597174
         419   -0.407585   -0.415192 0.000596025
         420   -0.400664   -0.415157 0.000595609
         421   -0.403197   -0.415129 0.000594871
         422   -0.396455   -0.415084 0.000595107
         423   -0.417892   -0.415091 0.000593736
         424   -0.411658   -0.415083 0.000592389
         425   -0.398307   -0.415043 0.000592311
         426   -0.419362   -0.415054 0.000591005
         427   -0.428318   -0.415085 0.000590437
         428   -0.421929   -0.415101 0.000589273
         429   -0.409005   -0.415086  0.00058807
         430   -0.418774   -0.415095 0.000586763
         431   -0.388094   -0.415032 0.000588743
         432   -0.408173   -0.415017 0.000587593
         433   -0.394969    -0.41497  0.00058806
         434   -0.415002    -0.41497 0.000586703
         435   -0.390013   -0.414913 0.000588158
         436   -0.415604   -0.414914  0.00058681
         437   -0.417779   -0.414921 0.000585502
         438   -0.405742     -0.4149  0.00058454
         439   -0.411126   -0.414892  0.00058327
         440   -0.402187   -0.414863 0.000582659
         441   -0.401237   -0.414832 0.000582156
         442   -0.409567    -0.41482  0.00058096
         443   -0.413093   -0.414816  0.00057966
         444   -0.404727   -0.414793 0.000578799
         445   -0.403975   -0.414769 0.000578009
         446   -0.417099   -0.414774 0.000576735
         447   -0.412908    -0.41477 0.000575458
         448   -0.404079   -0.414746 0.000574668
         449   -0.400784   -0.414715 0.000574229
         450   -0.398678   -0.414679 0.000574059
         451   -0.403078   -0.414654 0.000573362
         452   -0.412004   -0.414648 0.000572122
         453   -0.418032   -0.414655 0.000570907
         454   -0.410225   -0.414645 0.000569731
         455   -0.395888   -0.414604 0.000569971
         456   -0.413938   -0.414603 0.000568721
         457   -0.390671    -0.41455 0.000569887
         458   -0.395249   -0.414508   0.0005702
         459   -0.421453   -0.414523 0.000569158
         460   -0.430692   -0.414559 0.000569006
         461   -0.419829    -0.41457 0.000567885
         462   -0.408643   -0.414557   0.0005668
         463   -0.426671   -0.414583 0.000566179
         464   -0.427445   -0.414611 0.000565638
         465   -0.432899    -0.41465 0.000565788
         466   -0.423078   -0.414668 0.000564862
         467   -0.427596   -0.414696 0.000564331
         468   -0.412595   -0.414692 0.000563142
         469   -0.398952   -0.414658 0.000562941
         470   -0.399541   -0.414626 0.000562662
         471   -0.436987   -0.414673  0.00056347
         472   -0.413157    -0.41467 0.000562284
         473   -0.413085   -0.414667 0.000561104
         474   -0.393697   -0.414623 0.000561664
         475   -0.400417   -0.414593 0.000561277
         476   -0.408466    -0.41458 0.000560245
         477   -0.414446    -0.41458 0.000559069
         478    -0.43024   -0.414612  0.00055886
         479   -0.412101   -0.414607 0.000557716
         480   -0.427073   -0.414633 0.000557159
         481   -0.407854   -0.414619 0.000556178
         482   -0.424478   -0.414639 0.000555399
         483   -0.419643    -0.41465 0.000554345
         484   -0.404389   -0.414629 0.000553605
         485   -0.405115   -0.414609  0.00055281
         486   -0.435139   -0.414651 0.000553287
         487    -0.41192   -0.414646 0.000552178
         488   -0.398568   -0.414613 0.000552029
         489   -0.401636   -0.414586 0.000551538
         490   -0.435441   -0.414629 0.000552054
         491   -0.402999   -0.414605 0.000551438
         492   -0.398495   -0.414572 0.000551289
         493   -0.417188   -0.414578 0.000550195
         494   -0.400654   -0.414549 0.000549803
         495    -0.38847   -0.414497 0.000551215
         496   -0.416596   -0.414501 0.000550119
         497   -0.387887   -0.414447 0.000551616
         498   -0.422324   -0.414463 0.000550735
         499   -0.390698   -0.414416  0.00055169
         500   -0.434101   -0.414455 0.000551991
