1.76816
1.76816
1.76816
1.76816
1.76816
1.76816
1.76816
1.76816
1.76816
1.76816
1.76816
1.76816
1.76815
1.76814
1.76814
1.76813
1.76811
1.76809
1.76807
1.76805
1.76803
1.768
1.76799
1.76796
1.76793
1.7679
1.76787
1.76784
1.76781
1.7678
1.76777
1.76774
1.76773
1.76771
1.76768
1.76766
1.76765
1.76763
1.76762
1.76761
1.76761
1.7676
1.76759
1.76756
1.76756
1.76755
1.76754
1.76753
1.76752
1.76752
1.76752
1.76751
1.76751
1.7675
1.76748
1.76747
1.76745
1.76745
1.76743
1.76742
1.76741
1.7674
1.76739
1.76739
1.76737
1.76736
1.76735
1.76735
1.76734
1.76734
1.76733
1.76732
1.76732
1.7673
1.76728
1.76727
1.76726
1.76726
1.76725
1.76725
1.76724
1.76723
1.76721
1.7672
1.76719
1.76718
1.76717
1.76715
1.76714
1.76713
1.76711
1.7671
1.76709
1.76708
1.76706
1.76705
1.76704
1.76703
1.76701
1.76701
1.68573
1.68573
1.68574
1.68576
1.6858
1.68584
1.68591
1.686
1.68611
1.68622
1.68633
1.68643
1.68648
1.68646
1.68637
1.6862
1.68597
1.68572
1.6855
1.68534
1.68526
1.68527
1.68536
1.68549
1.68566
1.6858
1.68588
1.68587
1.68577
1.68559
1.68539
1.68523
1.68515
1.68517
1.68527
1.68544
1.68565
1.68585
1.68603
1.68618
1.68627
1.6863
1.68631
1.68629
1.68625
1.6862
1.68617
1.68615
1.68616
1.68618
1.6862
1.68623
1.68623
1.68617
1.68605
1.68586
1.68564
1.68543
1.68525
1.68513
1.68509
1.68512
1.68521
1.68534
1.68549
1.68565
1.6858
1.68595
1.68606
1.68614
1.68617
1.68618
1.68613
1.68605
1.68595
1.68585
1.68576
1.68568
1.68565
1.68562
1.68564
1.68567
1.68572
1.68576
1.68581
1.68584
1.68587
1.68588
1.68588
1.68589
1.68589
1.6859
1.6859
1.68591
1.68592
1.68592
1.68592
1.68591
1.68589
1.68588
1.51936
1.51936
1.51935
1.51933
1.51932
1.51932
1.5193
1.51928
1.51926
1.51924
1.51922
1.5192
1.51919
1.51919
1.51921
1.51923
1.51926
1.51929
1.51933
1.51936
1.51941
1.51946
1.51952
1.51958
1.51961
1.51963
1.51963
1.51961
1.51957
1.51953
1.51948
1.51945
1.51945
1.51948
1.51952
1.51959
1.51967
1.51974
1.51979
1.51978
1.5197
1.51956
1.51937
1.51914
1.51892
1.51875
1.51867
1.51867
1.51875
1.51891
1.51913
1.51938
1.51964
1.5199
1.52011
1.5202
1.5201
1.51982
1.5194
1.51898
1.51869
1.51859
1.51863
1.51879
1.51902
1.51929
1.5196
1.5199
1.52019
1.52045
1.52062
1.52067
1.52058
1.52032
1.51993
1.51948
1.51902
1.51865
1.51841
1.51833
1.51838
1.5185
1.51866
1.51882
1.51896
1.51908
1.51917
1.51924
1.51927
1.51931
1.51934
1.51937
1.51938
1.5194
1.51941
1.51941
1.51941
1.51939
1.51938
1.51937
1.46321
1.4632
1.4632
1.46318
1.46317
1.46316
1.46317
1.46319
1.46322
1.46326
1.46333
1.46342
1.46353
1.46366
1.46381
1.46394
1.46402
1.46404
1.46396
1.46377
1.46353
1.46327
1.46305
1.4629
1.46283
1.46283
1.46286
1.46292
1.46298
1.46305
1.46311
1.46318
1.46323
1.46328
1.46332
1.46335
1.46337
1.46337
1.46336
1.46332
1.46325
1.46318
1.46309
1.46301
1.46295
1.46292
1.46292
1.46295
1.463
1.46307
1.46314
1.46321
1.46328
1.46334
1.46339
1.46344
1.46347
1.4635
1.46351
1.4635
1.46347
1.46344
1.46341
1.46337
1.46332
1.46328
1.46324
1.46321
1.46318
1.46314
1.46312
1.46311
1.46309
1.46309
1.46309
1.4631
1.46313
1.46316
1.46323
1.46331
1.46341
1.46353
1.46365
1.46375
1.46382
1.46383
1.46377
1.46363
1.46346
1.46328
1.46313
1.46303
1.46297
1.46292
1.46287
1.46283
1.46278
1.46275
1.46275
1.46278
1.49136
1.49144
1.49153
1.49162
1.4917
1.49179
1.49187
1.49193
1.49198
1.49203
1.49204
1.49203
1.49197
1.49189
1.4918
1.49173
1.4917
1.49171
1.49176
1.4918
1.49183
1.49185
1.49184
1.49181
1.49178
1.49177
1.49176
1.49176
1.49177
1.49179
1.49181
1.49181
1.4918
1.49179
1.49175
1.49171
1.49167
1.49162
1.49158
1.49155
1.49153
1.49152
1.49152
1.49153
1.49154
1.49156
1.49158
1.4916
1.49162
1.49165
1.49167
1.49168
1.49169
1.49171
1.49172
1.49173
1.49174
1.49176
1.49179
1.49181
1.49184
1.49186
1.49189
1.49191
1.49191
1.49191
1.4919
1.49187
1.49184
1.49179
1.49174
1.49169
1.49165
1.49163
1.49161
1.49162
1.49163
1.49165
1.49167
1.49169
1.4917
1.49171
1.49171
1.4917
1.4917
1.49169
1.49169
1.49169
1.49169
1.4917
1.4917
1.49171
1.49171
1.4917
1.49169
1.49169
1.49168
1.4917
1.49173
1.49177
1.49972
1.49977
1.4998
1.49981
1.49978
1.49973
1.49963
1.49953
1.49944
1.49936
1.49932
1.49932
1.49936
1.49941
1.49949
1.49959
1.49968
1.49977
1.49984
1.49989
1.49991
1.49992
1.49992
1.49993
1.49992
1.4999
1.49985
1.49977
1.49965
1.49951
1.49935
1.49921
1.49909
1.49903
1.49902
1.49907
1.49917
1.49927
1.49938
1.49947
1.49954
1.49957
1.49956
1.49953
1.49947
1.4994
1.49934
1.4993
1.49928
1.49929
1.49931
1.49934
1.49939
1.49945
1.4995
1.49956
1.49963
1.49971
1.49979
1.49987
1.49994
1.49998
1.5
1.5
1.49996
1.49988
1.49977
1.49964
1.49953
1.49946
1.49943
1.49941
1.49941
1.49939
1.49936
1.49931
1.49925
1.49921
1.4992
1.49923
1.4993
1.4994
1.49953
1.49968
1.49983
1.49997
1.50008
1.50014
1.50015
1.5001
1.49999
1.49984
1.49969
1.49958
1.49951
1.4995
1.49951
1.49953
1.49954
1.49953
1.49394
1.49393
1.49396
1.49401
1.49411
1.49422
1.49429
1.49428
1.49416
1.49392
1.49362
1.49335
1.49318
1.49314
1.49321
1.49334
1.49352
1.49369
1.49386
1.49402
1.49417
1.4943
1.49444
1.49458
1.49472
1.49486
1.49496
1.49504
1.49506
1.49502
1.49491
1.49471
1.49444
1.49412
1.49382
1.49358
1.4934
1.4933
1.49329
1.49333
1.4934
1.49349
1.49359
1.49368
1.49377
1.49385
1.49392
1.49398
1.49402
1.49406
1.4941
1.49413
1.49417
1.4942
1.49424
1.49427
1.49428
1.49429
1.49429
1.49429
1.49425
1.49419
1.49413
1.49406
1.49401
1.49399
1.494
1.49402
1.49407
1.49411
1.49415
1.49418
1.49417
1.49417
1.49412
1.49407
1.49401
1.49397
1.49394
1.49394
1.49395
1.49397
1.49398
1.494
1.49401
1.49401
1.49399
1.49396
1.49393
1.49389
1.49387
1.49388
1.49389
1.49394
1.49401
1.49412
1.49423
1.49434
1.49445
1.49449
1.5024
1.50234
1.50223
1.50209
1.50194
1.50185
1.50178
1.50174
1.50173
1.50173
1.50172
1.50171
1.50169
1.50168
1.50168
1.50172
1.50176
1.50182
1.50188
1.50195
1.50199
1.50202
1.50203
1.50204
1.50207
1.5021
1.50213
1.50214
1.50211
1.50203
1.50193
1.50184
1.50177
1.50174
1.50176
1.5018
1.50186
1.50194
1.50203
1.50212
1.50218
1.50221
1.50219
1.50212
1.50202
1.50189
1.50177
1.50168
1.50161
1.50161
1.50164
1.50168
1.50174
1.5018
1.50186
1.50191
1.50194
1.50197
1.502
1.50202
1.50203
1.50203
1.50205
1.50205
1.50204
1.50204
1.50205
1.50204
1.50204
1.50203
1.50202
1.50201
1.502
1.50201
1.50201
1.50201
1.50202
1.50202
1.50203
1.50202
1.50202
1.50202
1.50199
1.50198
1.50196
1.50194
1.50191
1.5019
1.5019
1.50191
1.50193
1.50195
1.50198
1.50203
1.50207
1.50212
1.50217
1.50222
1.50222
1.5022
1.50569
1.50558
1.50546
1.50534
1.50525
1.50519
1.50518
1.50521
1.50525
1.5053
1.50536
1.50543
1.50549
1.50555
1.5056
1.50565
1.50569
1.50571
1.50572
1.50571
1.50569
1.50566
1.50562
1.50559
1.50557
1.50557
1.50558
1.5056
1.50563
1.50565
1.50565
1.50566
1.50565
1.50564
1.50563
1.50561
1.50559
1.50556
1.50554
1.50552
1.5055
1.50547
1.50544
1.50542
1.5054
1.50538
1.50537
1.50535
1.50532
1.50531
1.5053
1.5053
1.50533
1.50537
1.50545
1.50554
1.50565
1.50577
1.50588
1.50596
1.50598
1.50593
1.50581
1.50566
1.50549
1.50536
1.50526
1.5052
1.50517
1.50515
1.50515
1.50517
1.50519
1.50523
1.50528
1.50532
1.50537
1.50543
1.50552
1.50567
1.5059
1.50622
1.50657
1.50689
1.50696
1.50658
1.50577
1.50488
1.50431
1.50422
1.5045
1.50492
1.50529
1.50555
1.50566
1.50564
1.5055
1.50532
1.50514
1.50502
1.48473
1.48474
1.48479
1.48486
1.48495
1.48504
1.48512
1.48521
1.4853
1.48539
1.48547
1.48552
1.48555
1.48553
1.48545
1.48533
1.48518
1.48503
1.48493
1.48488
1.48489
1.48496
1.48505
1.48515
1.48525
1.48532
1.48539
1.48543
1.48546
1.48548
1.48549
1.4855
1.48553
1.48558
1.48565
1.48572
1.48576
1.48576
1.48569
1.48557
1.4854
1.4852
1.48503
1.48487
1.48476
1.48467
1.48462
1.48462
1.48467
1.48474
1.48484
1.48495
1.48509
1.48522
1.48536
1.48552
1.48568
1.48585
1.48602
1.48616
1.48621
1.48612
1.48589
1.48558
1.48528
1.48507
1.48499
1.48503
1.4851
1.48519
1.48524
1.48526
1.48526
1.48524
1.48521
1.48519
1.48519
1.48521
1.48525
1.4853
1.48536
1.48541
1.48546
1.48549
1.4855
1.4855
1.48548
1.48547
1.48545
1.48541
1.48539
1.48535
1.4853
1.48526
1.48521
1.48518
1.48515
1.48515
1.48516
1.48519
1.44266
1.4427
1.44275
1.4428
1.44285
1.44289
1.44292
1.44295
1.44297
1.44298
1.44297
1.44294
1.44289
1.44282
1.44274
1.44266
1.44259
1.44254
1.4425
1.4425
1.4425
1.44252
1.44255
1.44258
1.44261
1.44264
1.44266
1.44267
1.44267
1.44266
1.44265
1.44265
1.44263
1.44263
1.44264
1.44266
1.4427
1.44275
1.44281
1.44289
1.443
1.4431
1.44321
1.44329
1.44335
1.44336
1.44331
1.4432
1.44304
1.44286
1.44269
1.44257
1.44252
1.44252
1.44259
1.44268
1.44279
1.44288
1.44292
1.44289
1.4428
1.44267
1.44252
1.4424
1.44233
1.44231
1.44233
1.44238
1.44243
1.44247
1.4425
1.44251
1.44251
1.4425
1.44251
1.44252
1.44254
1.44256
1.4426
1.44266
1.44271
1.44277
1.44283
1.44288
1.44293
1.44297
1.443
1.44302
1.44302
1.443
1.44299
1.44298
1.44298
1.44297
1.44299
1.44301
1.44304
1.44308
1.4431
1.44307
1.51984
1.51963
1.51935
1.51907
1.51887
1.51879
1.51883
1.51895
1.51913
1.51931
1.51947
1.5196
1.51967
1.5197
1.5197
1.51966
1.51961
1.51955
1.51951
1.51949
1.51948
1.51948
1.5195
1.51952
1.51954
1.51957
1.51961
1.51962
1.51964
1.51965
1.51966
1.51967
1.51967
1.51966
1.51965
1.51963
1.5196
1.51956
1.51953
1.5195
1.51949
1.51947
1.51947
1.51947
1.5195
1.51952
1.51955
1.51959
1.51963
1.51965
1.51967
1.51968
1.51967
1.51963
1.51959
1.51953
1.51945
1.51939
1.51935
1.51932
1.51933
1.51934
1.51936
1.51938
1.51942
1.51945
1.51949
1.51952
1.51956
1.5196
1.51963
1.51965
1.51967
1.51968
1.51968
1.51966
1.51962
1.51957
1.5195
1.51943
1.51936
1.51931
1.51928
1.51927
1.51929
1.51932
1.51937
1.51941
1.51947
1.51952
1.51958
1.51964
1.51972
1.51978
1.51984
1.51989
1.51992
1.51992
1.51988
1.51979
1.49862
1.49848
1.49834
1.49824
1.49817
1.49814
1.49814
1.49817
1.4982
1.49823
1.49826
1.49829
1.49832
1.49834
1.49836
1.49836
1.49836
1.49835
1.49834
1.49833
1.49833
1.49834
1.49837
1.49843
1.49853
1.49863
1.49873
1.49879
1.4988
1.49873
1.49859
1.4984
1.49823
1.49815
1.49814
1.49823
1.49834
1.49845
1.49852
1.49853
1.49848
1.49839
1.49831
1.49826
1.49826
1.49829
1.49835
1.4984
1.49843
1.49846
1.49845
1.49843
1.4984
1.49835
1.49831
1.49827
1.49825
1.49823
1.49822
1.49822
1.49822
1.49824
1.49825
1.49826
1.49827
1.49827
1.49827
1.49826
1.49826
1.49825
1.49825
1.49826
1.49831
1.49834
1.49841
1.4985
1.49862
1.49876
1.49891
1.49904
1.49913
1.49917
1.49913
1.49901
1.49885
1.49867
1.49851
1.49837
1.49828
1.49824
1.49824
1.49829
1.49834
1.4984
1.49848
1.49855
1.49861
1.49865
1.49863
1.49856
1.47661
1.47644
1.47628
1.47618
1.47615
1.47619
1.4763
1.47642
1.47654
1.47664
1.4767
1.47675
1.47678
1.47679
1.47678
1.47677
1.47674
1.47672
1.4767
1.47668
1.47665
1.47663
1.47662
1.47662
1.47662
1.47662
1.47662
1.47663
1.47664
1.47664
1.47664
1.47665
1.47667
1.47668
1.47668
1.47668
1.47669
1.4767
1.47671
1.47671
1.47671
1.47673
1.47675
1.47676
1.47678
1.4768
1.47682
1.47686
1.4769
1.47695
1.47701
1.47708
1.47713
1.47714
1.4771
1.47698
1.47681
1.47659
1.47641
1.4763
1.47627
1.4763
1.47637
1.47645
1.47652
1.47658
1.47661
1.47664
1.47667
1.4767
1.47674
1.4768
1.47685
1.47688
1.47688
1.47684
1.47676
1.47666
1.47655
1.47644
1.47635
1.47629
1.47625
1.47624
1.47626
1.47628
1.47631
1.47634
1.47639
1.47643
1.47647
1.47651
1.47654
1.47656
1.47659
1.47661
1.47663
1.47665
1.47668
1.47671
1.4596
1.45965
1.45969
1.45974
1.45979
1.45985
1.45991
1.45996
1.46001
1.46005
1.46006
1.46003
1.45995
1.45983
1.45965
1.45945
1.45923
1.45904
1.45889
1.4588
1.45877
1.45876
1.45879
1.45884
1.45891
1.45899
1.45906
1.45912
1.45919
1.45926
1.45933
1.45941
1.4595
1.45961
1.45973
1.45987
1.46002
1.46017
1.46032
1.46042
1.46045
1.46039
1.46025
1.46
1.45967
1.45932
1.45902
1.45881
1.45872
1.45872
1.45877
1.45885
1.45893
1.45902
1.4591
1.45919
1.45929
1.45938
1.45947
1.45955
1.45962
1.45968
1.45971
1.45973
1.45973
1.4597
1.45965
1.4596
1.45956
1.45951
1.45947
1.45946
1.45945
1.45946
1.45947
1.4595
1.45955
1.4596
1.45966
1.45973
1.4598
1.45983
1.45985
1.45981
1.45972
1.45959
1.45944
1.45933
1.45925
1.45923
1.45926
1.45934
1.45944
1.45954
1.45963
1.45971
1.45975
1.45975
1.4597
1.45962
1.40889
1.40879
1.40873
1.40868
1.4087
1.40873
1.40879
1.40886
1.40893
1.40899
1.40905
1.4091
1.40914
1.40916
1.40915
1.40913
1.4091
1.40906
1.40904
1.40901
1.409
1.40902
1.40906
1.40914
1.40925
1.40939
1.40952
1.40964
1.40974
1.40977
1.40969
1.40949
1.40915
1.40875
1.40839
1.40813
1.40802
1.40803
1.40815
1.40829
1.40847
1.40863
1.40879
1.40893
1.40907
1.40919
1.40929
1.40937
1.40943
1.40945
1.40943
1.40939
1.40933
1.40926
1.40919
1.40914
1.40911
1.40909
1.40906
1.409
1.40892
1.40881
1.40868
1.40853
1.4084
1.40831
1.40827
1.40829
1.40835
1.40845
1.40857
1.4087
1.40882
1.40895
1.40907
1.4092
1.40933
1.40946
1.40958
1.40969
1.40975
1.40979
1.40979
1.40971
1.40957
1.40936
1.40907
1.40877
1.40852
1.40836
1.4083
1.40832
1.4084
1.4085
1.40858
1.40865
1.4087
1.40873
1.40876
1.40877
1.41816
1.41817
1.41818
1.41819
1.4182
1.41822
1.41823
1.41825
1.41828
1.4183
1.41832
1.41834
1.41836
1.4184
1.41842
1.41845
1.41848
1.41851
1.41854
1.41858
1.41861
1.41864
1.41869
1.41873
1.41876
1.4188
1.4188
1.41875
1.41868
1.41856
1.41841
1.41824
1.41812
1.41802
1.41797
1.41798
1.41802
1.41808
1.41815
1.41823
1.4183
1.41837
1.41843
1.41849
1.41854
1.4186
1.41865
1.41869
1.41874
1.41877
1.41878
1.41877
1.41875
1.4187
1.41862
1.41853
1.41841
1.4183
1.41819
1.4181
1.41804
1.41799
1.41796
1.41795
1.41795
1.41798
1.41801
1.41805
1.41809
1.41813
1.41817
1.41821
1.41825
1.41829
1.41834
1.41838
1.41842
1.41847
1.41851
1.41855
1.41857
1.41858
1.41856
1.41852
1.41847
1.4184
1.41831
1.41822
1.41813
1.41804
1.41797
1.41793
1.4179
1.4179
1.41792
1.41796
1.41802
1.41809
1.41818
1.41826
1.44653
1.44662
1.44672
1.4468
1.44686
1.44689
1.4469
1.44687
1.44682
1.44674
1.44665
1.44658
1.44653
1.44651
1.44652
1.44654
1.44653
1.44644
1.44626
1.44604
1.44582
1.44569
1.44566
1.44572
1.44586
1.44602
1.44617
1.44632
1.44644
1.44654
1.44661
1.44667
1.44671
1.44673
1.44675
1.44673
1.44669
1.44663
1.44655
1.44644
1.44634
1.44623
1.44614
1.44608
1.44604
1.44603
1.44605
1.44607
1.44611
1.44617
1.44622
1.44629
1.44635
1.44642
1.44648
1.44652
1.44656
1.44659
1.44659
1.44657
1.44654
1.44651
1.44646
1.44641
1.44637
1.44637
1.44636
1.44637
1.44639
1.44642
1.44645
1.44648
1.44651
1.44652
1.44651
1.44649
1.44645
1.44639
1.44633
1.44627
1.44623
1.4462
1.4462
1.4462
1.44623
1.44624
1.44627
1.44628
1.44629
1.44632
1.44633
1.44638
1.44646
1.44657
1.44668
1.44677
1.44683
1.44678
1.44665
1.44644
1.4425
1.44237
1.44235
1.44244
1.44261
1.4428
1.44297
1.44307
1.44307
1.44297
1.44277
1.44256
1.44237
1.44225
1.44222
1.44227
1.44236
1.44247
1.44258
1.44268
1.44275
1.44277
1.44276
1.44273
1.44269
1.44264
1.44261
1.44258
1.44257
1.44259
1.44261
1.44263
1.44264
1.44265
1.44265
1.44263
1.44261
1.4426
1.44259
1.4426
1.44263
1.44268
1.44275
1.44283
1.44292
1.44302
1.44311
1.44315
1.44316
1.44311
1.44303
1.4429
1.44279
1.44269
1.44262
1.4426
1.44258
1.44257
1.44255
1.4425
1.44248
1.44245
1.44247
1.44252
1.44263
1.44278
1.44297
1.44318
1.44336
1.44348
1.44349
1.44338
1.44311
1.44277
1.44242
1.44213
1.44194
1.44188
1.44191
1.44201
1.44214
1.4423
1.44247
1.44263
1.44276
1.44285
1.4429
1.44293
1.44291
1.44288
1.44282
1.44275
1.44267
1.4426
1.44256
1.44252
1.44251
1.4425
1.44251
1.44254
1.38366
1.38369
1.38372
1.38373
1.38373
1.38375
1.38376
1.38376
1.38377
1.38379
1.3838
1.38382
1.38385
1.38388
1.38392
1.38396
1.38401
1.38406
1.38411
1.38414
1.38416
1.38413
1.38408
1.38402
1.38396
1.38391
1.3839
1.38392
1.38394
1.38398
1.38398
1.38395
1.38389
1.38378
1.38364
1.38348
1.38335
1.38325
1.3832
1.38319
1.38323
1.38329
1.38338
1.38346
1.38352
1.38357
1.38362
1.38365
1.38369
1.38371
1.38373
1.38375
1.38377
1.38378
1.38381
1.38382
1.38383
1.38385
1.38387
1.3839
1.38393
1.38396
1.384
1.38406
1.38411
1.38416
1.38419
1.38421
1.38421
1.38421
1.38421
1.38422
1.38423
1.38421
1.38417
1.38412
1.38406
1.38402
1.384
1.38402
1.38405
1.3841
1.38418
1.3843
1.38445
1.38459
1.38466
1.38455
1.3842
1.38367
1.38314
1.38282
1.38275
1.38287
1.38306
1.38325
1.38339
1.38348
1.38353
1.38357
1.38107
1.38111
1.38116
1.38121
1.38128
1.38133
1.38139
1.38145
1.3815
1.38155
1.38159
1.38164
1.38167
1.38169
1.38171
1.38169
1.38166
1.38159
1.38149
1.38138
1.38128
1.38119
1.38115
1.38113
1.38114
1.38117
1.38123
1.38127
1.38132
1.38137
1.3814
1.38142
1.3814
1.38138
1.38133
1.38128
1.38122
1.38117
1.38113
1.38111
1.38111
1.38113
1.38117
1.38124
1.38133
1.38144
1.38157
1.38173
1.38191
1.38206
1.38214
1.38204
1.38174
1.38127
1.38079
1.38044
1.3803
1.38034
1.3805
1.3807
1.38089
1.38106
1.38121
1.38133
1.38144
1.38152
1.38159
1.38165
1.38167
1.38167
1.38165
1.38161
1.38156
1.38149
1.38141
1.38134
1.38128
1.38123
1.38121
1.3812
1.3812
1.38121
1.38122
1.38125
1.38127
1.3813
1.3813
1.3813
1.3813
1.38128
1.38126
1.38122
1.38119
1.38116
1.38114
1.38113
1.38113
1.38115
1.38118
1.38121
1.36782
1.36786
1.3679
1.36792
1.36794
1.36796
1.36797
1.36797
1.36797
1.36798
1.36797
1.36798
1.36799
1.368
1.36801
1.36802
1.36804
1.36804
1.36804
1.36804
1.36803
1.36801
1.36798
1.36794
1.3679
1.36786
1.36784
1.36783
1.36783
1.36784
1.36787
1.3679
1.36792
1.36796
1.36801
1.36805
1.36809
1.36814
1.36818
1.36821
1.36822
1.36823
1.36823
1.36822
1.3682
1.36818
1.36815
1.36811
1.36804
1.36795
1.36783
1.3677
1.36757
1.36747
1.3674
1.36739
1.36742
1.36748
1.36755
1.36764
1.36773
1.36783
1.36791
1.36799
1.36806
1.36812
1.36818
1.36821
1.36821
1.36818
1.36812
1.36802
1.36791
1.36779
1.36768
1.3676
1.36756
1.36755
1.36756
1.36757
1.36761
1.36765
1.36768
1.36772
1.36776
1.36779
1.36783
1.36787
1.36789
1.36792
1.36795
1.36798
1.368
1.36802
1.36804
1.36807
1.36808
1.3681
1.36814
1.36819
1.36462
1.36468
1.36475
1.36479
1.36482
1.36484
1.36483
1.36481
1.36479
1.36475
1.36467
1.36454
1.36435
1.36414
1.36392
1.36375
1.36365
1.36365
1.36371
1.36382
1.36396
1.36411
1.36423
1.36434
1.36443
1.36448
1.3645
1.36449
1.36447
1.36443
1.36437
1.36432
1.36429
1.36428
1.36429
1.36431
1.36433
1.36433
1.36432
1.36429
1.36424
1.36419
1.36412
1.36407
1.36403
1.36401
1.36401
1.36401
1.36401
1.36403
1.36405
1.36407
1.3641
1.36413
1.36416
1.3642
1.36422
1.36425
1.36428
1.36432
1.36434
1.36439
1.36445
1.36452
1.36461
1.36473
1.36488
1.36507
1.36526
1.36546
1.36558
1.36555
1.36533
1.3649
1.36436
1.36383
1.36343
1.36322
1.3632
1.36333
1.36355
1.36381
1.36405
1.36425
1.36437
1.36439
1.36431
1.36416
1.36398
1.36384
1.36375
1.36374
1.36381
1.36391
1.36403
1.36416
1.3643
1.36443
1.36457
1.36469
1.38881
1.38891
1.38897
1.38897
1.38889
1.3887
1.38844
1.38814
1.38783
1.38762
1.38751
1.3875
1.38756
1.38765
1.38777
1.38788
1.38797
1.38806
1.38813
1.38818
1.38822
1.38825
1.38826
1.38827
1.38827
1.38826
1.38823
1.38821
1.38818
1.38815
1.38812
1.3881
1.3881
1.38811
1.38812
1.38813
1.38816
1.38818
1.3882
1.38821
1.38821
1.38821
1.38822
1.3882
1.38818
1.38814
1.38809
1.38804
1.38799
1.38794
1.38789
1.38786
1.38785
1.38783
1.38782
1.38784
1.38788
1.38791
1.38798
1.38808
1.38823
1.38843
1.38868
1.38898
1.38929
1.38957
1.38973
1.38969
1.3894
1.38894
1.38841
1.38795
1.38758
1.38727
1.38697
1.38673
1.38657
1.38655
1.38665
1.38686
1.38713
1.38743
1.38773
1.38799
1.3882
1.38838
1.38849
1.38857
1.38859
1.38856
1.38851
1.38844
1.38838
1.38832
1.38828
1.38826
1.38825
1.38823
1.3882
1.38815
1.36295
1.36287
1.3628
1.36276
1.36273
1.36271
1.36272
1.36272
1.36274
1.36275
1.36275
1.36274
1.36273
1.36272
1.36271
1.36269
1.36266
1.36264
1.3626
1.36256
1.36252
1.36249
1.3625
1.36254
1.3626
1.36267
1.36276
1.36288
1.363
1.36315
1.36331
1.36345
1.36359
1.3637
1.36375
1.36372
1.3636
1.3634
1.36315
1.3629
1.36269
1.36258
1.36256
1.36262
1.36272
1.36285
1.36298
1.3631
1.36323
1.36335
1.36344
1.36352
1.36356
1.36357
1.3635
1.36336
1.36313
1.36284
1.36255
1.36233
1.36223
1.36225
1.36236
1.36251
1.36267
1.36282
1.36294
1.36303
1.3631
1.36316
1.3632
1.36321
1.3632
1.36315
1.36308
1.36299
1.3629
1.36285
1.36284
1.36288
1.36297
1.3631
1.36322
1.36333
1.36339
1.36341
1.36336
1.36327
1.36315
1.36304
1.36293
1.36287
1.36282
1.3628
1.36278
1.36277
1.36275
1.36272
1.3627
1.36269
1.34885
1.34889
1.34893
1.34898
1.34905
1.3491
1.34917
1.34921
1.34925
1.34927
1.3493
1.34932
1.34935
1.34936
1.34937
1.34937
1.34937
1.34936
1.34936
1.34935
1.34934
1.34933
1.34932
1.34932
1.34933
1.34935
1.34938
1.34942
1.34946
1.34948
1.34944
1.34934
1.34918
1.34897
1.34877
1.3486
1.34849
1.34846
1.34848
1.34852
1.34857
1.34861
1.34864
1.34866
1.34867
1.34868
1.3487
1.34873
1.34878
1.34883
1.34891
1.349
1.34911
1.34921
1.34933
1.34948
1.34962
1.34975
1.34986
1.34991
1.34989
1.34976
1.34956
1.34928
1.34899
1.3487
1.34847
1.34832
1.34826
1.34827
1.34833
1.34842
1.34854
1.34867
1.34881
1.34896
1.34911
1.34926
1.34941
1.34955
1.34965
1.34967
1.34955
1.34928
1.34892
1.34858
1.34833
1.34823
1.34825
1.34837
1.3485
1.34864
1.34875
1.34884
1.34891
1.34895
1.349
1.34905
1.3491
1.34917
