-0.0318404
-0.03185
-0.0318659
-0.0318881
-0.0319166
-0.0319515
-0.0319926
-0.03204
-0.0320938
-0.0321539
-0.0322204
-0.0322932
-0.0323749
-0.0324679
-0.0325677
-0.0326742
-0.0328018
-0.0329271
-0.033069
-0.033223
-0.0333749
-0.0335414
-0.0337059
-0.0338899
-0.0340914
-0.0342915
-0.0345044
-0.034721
-0.0349459
-0.03517
-0.0354122
-0.0356611
-0.0359072
-0.0361745
-0.036449
-0.0367333
-0.0370205
-0.0373158
-0.0376193
-0.0379384
-0.0382546
-0.0385869
-0.038936
-0.039314
-0.039681
-0.0400634
-0.0404642
-0.0408767
-0.0413061
-0.0417411
-0.0421918
-0.0426683
-0.0431522
-0.0436632
-0.0441996
-0.044748
-0.0453163
-0.0459007
-0.0465138
-0.0471495
-0.0478065
-0.0484811
-0.0491839
-0.0499161
-0.0506815
-0.0514696
-0.0522891
-0.0531367
-0.0540285
-0.0549426
-0.0559046
-0.0569095
-0.0579452
-0.0590449
-0.0601923
-0.0613828
-0.0626217
-0.0639143
-0.0652615
-0.0666737
-0.0681571
-0.069713
-0.0713478
-0.0730513
-0.0748469
-0.0767153
-0.0786822
-0.08075
-0.0829134
-0.0851816
-0.0875607
-0.0900493
-0.0926496
-0.095365
-0.0981992
-0.101139
-0.104182
-0.107317
-0.110533
-0.113791
-0.117302
-0.120438
-0.123471
-0.1263
-0.128806
-0.130871
-0.132324
-0.132982
-0.132671
-0.131277
-0.128701
-0.125058
-0.120654
-0.116049
-0.112
-0.109348
-0.108792
-0.110672
-0.11489
-0.120983
-0.1282
-0.135685
-0.142621
-0.148372
-0.15257
-0.155241
-0.156803
-0.158055
-0.159946
-0.163361
-0.168751
-0.175959
-0.184323
-0.192877
-0.200693
-0.207045
-0.21153
-0.214046
-0.214719
-0.21386
-0.211905
-0.209333
-0.20656
-0.20391
-0.201554
-0.199541
-0.197783
-0.196195
-0.194635
-0.192966
-0.191058
-0.188834
-0.186451
-0.184357
-0.183198
-0.183674
-0.186274
-0.191113
-0.197928
-0.206161
-0.215116
-0.224088
-0.232476
-0.239769
-0.245647
-0.249923
-0.252571
-0.253706
-0.253578
-0.252496
-0.250855
-0.249063
-0.247538
-0.246616
-0.246544
-0.247425
-0.249239
-0.251833
-0.254955
-0.25836
-0.261741
-0.26489
-0.267624
-0.269854
-0.271565
-0.272828
-0.273739
-0.274448
-0.27507
-0.27566
-0.276249
-0.276815
-0.277326
-0.277745
-0.278097
-0.278426
-0.278789
-0.279242
-0.279819
-0.280525
-0.281374
-0.282258
-0.28324
-0.284302
-0.285445
-0.286689
-0.288096
-0.289677
-0.291473
-0.293471
-0.295647
-0.297962
-0.300355
-0.302743
-0.305048
-0.30722
-0.309167
-0.310825
-0.31213
-0.313036
-0.313469
-0.31341
-0.312833
-0.311787
-0.31034
-0.308612
-0.306763
-0.304996
-0.303507
-0.302407
-0.301737
-0.301409
-0.301203
-0.300869
-0.300134
-0.298754
-0.296599
-0.29368
-0.290193
-0.286534
-0.283298
-0.281176
-0.280836
-0.282741
-0.286952
-0.293093
-0.300471
-0.30821
-0.315452
-0.321439
-0.325558
-0.32734
-0.326483
-0.322899
-0.316944
-0.309571
-0.302398
-0.297328
-0.295936
-0.298682
-0.304814
-0.312793
-0.321008
-0.328118
-0.333194
-0.335668
-0.3352
-0.33168
-0.325145
-0.315882
-0.304518
-0.292044
-0.279816
-0.26942
-0.262345
-0.259603
-0.261503
-0.267479
-0.276376
-0.286724
-0.297172
-0.306724
-0.314814
-0.321269
-0.326183
-0.329807
-0.332426
-0.334292
-0.33562
-0.336521
-0.337108
-0.337434
-0.337567
-0.337534
-0.337394
-0.3372
-0.336993
-0.336826
-0.336738
-0.336767
-0.336953
-0.33729
-0.337797
-0.338464
-0.339253
-0.340103
-0.340939
-0.341653
-0.342127
-0.342202
-0.341671
-0.340316
-0.337915
-0.334258
-0.329197
-0.322761
-0.315202
-0.307085
-0.299305
-0.292882
-0.288673
-0.287081
-0.287904
-0.290502
-0.29407
-0.297904
-0.30153
-0.304665
-0.307195
-0.309088
-0.310345
-0.31101
-0.31114
-0.310787
-0.310017
-0.308931
-0.30762
-0.306213
-0.304871
-0.303799
-0.303198
-0.303264
-0.304135
-0.305826
-0.308205
-0.311033
-0.314022
-0.316866
-0.319318
-0.321204
-0.322435
-0.322962
-0.322803
-0.322011
-0.320648
-0.31879
-0.316567
-0.314089
-0.311507
-0.308945
-0.306545
-0.304395
-0.302587
-0.301173
-0.300175
-0.299581
-0.299378
-0.299538
-0.300046
-0.300891
-0.302017
-0.3034
-0.304993
-0.306694
-0.308432
-0.31007
-0.311483
-0.31252
-0.312983
-0.312716
-0.311518
-0.30922
-0.305746
-0.301129
-0.295615
-0.289707
-0.284099
-0.279531
-0.276555
-0.275374
-0.275784
-0.277372
-0.279718
-0.282586
-0.28593
-0.289764
-0.294103
-0.298784
-0.303553
-0.30807
-0.312338
-0.315403
-0.317578
-0.318866
-0.319291
-0.318924
-0.317847
-0.316124
-0.313823
-0.311051
-0.308002
-0.304965
-0.302312
-0.300356
-0.299289
-0.299038
-0.299294
-0.299653
-0.299743
-0.299391
-0.298625
-0.29762
-0.296621
-0.295823
-0.295322
-0.295061
-0.294953
-0.294865
-0.294681
-0.294336
-0.29382
-0.293187
-0.292521
-0.29192
-0.291533
-0.291454
-0.291785
-0.292575
-0.293813
-0.295434
-0.297348
-0.299444
-0.301602
-0.303712
-0.305702
-0.307502
-0.309083
-0.310446
-0.311584
-0.312503
-0.313224
-0.313773
-0.314152
-0.314365
-0.314427
-0.314336
-0.314072
-0.313631
-0.312978
-0.312117
-0.311007
-0.309654
-0.308051
-0.306226
-0.304241
-0.302183
-0.300182
-0.298391
-0.296975
-0.296046
-0.29568
-0.295857
-0.296477
-0.297397
-0.298448
-0.299468
-0.300344
-0.301003
-0.301422
-0.301618
-0.301642
-0.30155
-0.301408
-0.301284
-0.301198
-0.301184
-0.301219
-0.301281
-0.301342
-0.301347
-0.301291
-0.301181
-0.301043
-0.300949
-0.300929
-0.300994
-0.301109
-0.301139
-0.300981
-0.300452
-0.299293
-0.2977
-0.295701
-0.2935
-0.291413
-0.289785
-0.288944
-0.289074
-0.29022
-0.292246
-0.294871
-0.297717
-0.300413
-0.302627
-0.304093
-0.304659
-0.304278
-0.302999
-0.300969
-0.298376
-0.295441
-0.292326
-0.289139
-0.285931
-0.282744
-0.279663
-0.276902
-0.274775
-0.273671
-0.273939
-0.275779
-0.279155
-0.283818
-0.289294
-0.295023
-0.300447
-0.305134
-0.308832
-0.311442
-0.313053
-0.313875
-0.314213
-0.314419
-0.31483
-0.31571
-0.317183
-0.319261
-0.321804
-0.324618
-0.32747
-0.330176
-0.332566
-0.3345
-0.335897
-0.3367
-0.33685
-0.336307
-0.335033
-0.333017
-0.330268
-0.326834
-0.322837
-0.318456
-0.31396
-0.309737
-0.306199
-0.30371
-0.302485
-0.302469
-0.303401
-0.304918
-0.306696
-0.308554
-0.310523
-0.312742
-0.315396
-0.3186
-0.322295
-0.326249
-0.330111
-0.333446
-0.335876
-0.337072
-0.336836
-0.335105
-0.331949
-0.327573
-0.322335
-0.316737
-0.31138
-0.306864
-0.303651
-0.301919
-0.301524
-0.302055
-0.303011
-0.303985
-0.304762
-0.305361
-0.305951
-0.306668
-0.307485
-0.308241
-0.308557
-0.308018
-0.306406
-0.303881
-0.301071
-0.298986
-0.298841
-0.301443
-0.306895
-0.314492
-0.323047
-0.331385
-0.338637
-0.344307
-0.348245
-0.35045
-0.351016
-0.350049
-0.347626
-0.343782
-0.338549
-0.331956
-0.324084
-0.315076
-0.305164
-0.294757
-0.284426
-0.274924
-0.267114
-0.261766
-0.259418
-0.260178
-0.263722
-0.269384
-0.276331
-0.283757
-0.291034
-0.297719
-0.303555
-0.30844
-0.312368
-0.315393
-0.317613
-0.31914
-0.320072
-0.32051
-0.320516
-0.320151
-0.319455
-0.31843
-0.317095
-0.315442
-0.313492
-0.311284
-0.308875
-0.306382
-0.303957
-0.301824
-0.300157
-0.299077
-0.298616
-0.298679
-0.299078
-0.299562
-0.299902
-0.29989
-0.29944
-0.298565
-0.297369
-0.296053
-0.294815
-0.293906
-0.293445
-0.293484
-0.293956
-0.294735
-0.29566
-0.296572
-0.297356
-0.297967
-0.298386
-0.298672
-0.298937
-0.299303
-0.299885
-0.300784
-0.302043
-0.303605
-0.305341
-0.307049
-0.308434
-0.309218
-0.309124
-0.307981
-0.305698
-0.302351
-0.298247
-0.293296
-0.289095
-0.285806
-0.283825
-0.283269
-0.283911
-0.28542
-0.287412
-0.289589
-0.291834
-0.294142
-0.296537
-0.299079
-0.301745
-0.304434
-0.306942
-0.309072
-0.310612
-0.311464
-0.311672
-0.311391
-0.310823
-0.310117
-0.309289
-0.308249
-0.306889
-0.305196
-0.303325
-0.30159
-0.300389
-0.300019
-0.300587
-0.301975
-0.303879
-0.305877
-0.307583
-0.308683
-0.308945
-0.308279
-0.306726
-0.304464
-0.301788
-0.299111
-0.296894
-0.295579
-0.29545
-0.296563
-0.298748
-0.301651
-0.304825
-0.307903
-0.31063
-0.312822
-0.314409
-0.315433
-0.315942
-0.316021
-0.31576
-0.315238
-0.314536
-0.313724
-0.312844
-0.31192
-0.31101
-0.310125
-0.309277
-0.308473
-0.307737
-0.307062
-0.306469
-0.305935
-0.305447
-0.304999
-0.304554
-0.304118
-0.303659
-0.303171
-0.30266
-0.302134
-0.301638
-0.301195
-0.300856
-0.300686
-0.300685
-0.300908
-0.301339
-0.301968
-0.302729
-0.30356
-0.304382
-0.305096
-0.305599
-0.305786
-0.305548
-0.304812
-0.303527
-0.301702
-0.299442
-0.296963
-0.294574
-0.292445
-0.291423
-0.291558
-0.2929
-0.295301
-0.298426
-0.30187
-0.305258
-0.308303
-0.310826
-0.312719
-0.313945
-0.31453
-0.314501
-0.313901
-0.312809
-0.311312
-0.309527
-0.307597
-0.305681
-0.303923
-0.30243
-0.301268
-0.300399
-0.29974
-0.299154
-0.298501
-0.297668
-0.296583
-0.295256
-0.293752
-0.292135
-0.290539
-0.289047
-0.287738
-0.286682
-0.285893
-0.285379
-0.285127
-0.28515
-0.285433
-0.285964
-0.286733
-0.287692
-0.288848
-0.290199
-0.29177
-0.293583
-0.295648
-0.297921
-0.300346
-0.302782
-0.305047
-0.306933
-0.30818
-0.308564
-0.307871
-0.30597
-0.302876
-0.298809
-0.294226
-0.289775
-0.286155
-0.283919
-0.283284
-0.28412
-0.286099
-0.28884
-0.292035
-0.295459
-0.298932
-0.302309
-0.305461
-0.308302
-0.310789
-0.312915
-0.314641
-0.315844
-0.316277
-0.315466
-0.312761
-0.307345
-0.298521
-0.286244
-0.272075
-0.259638
-0.253563
-0.256492
-0.266925
-0.280335
-0.292342
-0.300628
-0.304886
-0.305988
-0.305313
-0.304334
-0.3043
-0.305949
-0.30944
-0.31441
-0.320679
-0.326551
-0.332063
-0.336905
-0.340932
-0.344098
-0.346401
-0.347829
-0.348381
-0.348063
-0.346933
-0.345111
-0.342855
-0.340599
-0.338876
-0.338249
-0.339128
-0.341582
-0.345315
-0.349775
-0.354327
-0.35841
-0.361672
-0.363928
-0.365151
-0.365472
-0.365026
-0.364018
-0.362643
-0.361046
-0.359328
-0.357473
-0.355382
-0.352893
-0.349842
-0.346134
-0.341866
-0.337366
-0.333213
-0.330067
-0.328502
-0.328812
-0.330975
-0.334818
-0.340046
-0.34636
-0.353346
-0.360566
-0.367547
-0.373881
-0.379243
-0.38345
-0.386377
-0.387994
-0.388248
-0.387021
-0.384195
-0.379634
-0.373295
-0.365389
-0.356594
-0.348042
-0.341149
-0.33708
-0.336206
-0.337907
-0.340975
-0.344205
-0.346843
-0.348629
-0.349742
-0.350482
-0.351195
-0.352111
-0.353321
-0.354754
-0.356258
-0.357644
-0.358713
-0.359331
-0.359421
-0.358999
-0.358106
-0.356861
-0.355411
-0.353866
-0.352359
-0.350957
-0.349744
-0.348762
-0.348038
-0.347665
-0.347697
-0.348189
-0.349148
-0.350524
-0.352199
-0.353984
-0.355709
-0.357187
-0.358351
-0.358927
-0.358994
-0.358551
-0.35763
-0.356273
-0.354539
-0.352475
-0.350177
-0.347747
-0.345347
-0.343145
-0.341349
-0.340135
-0.33965
-0.339928
-0.34091
-0.342459
-0.344362
-0.346411
-0.34842
-0.350244
-0.351792
-0.353026
-0.353954
-0.354615
-0.355085
-0.355428
-0.35573
-0.356043
-0.356415
-0.356853
-0.357379
-0.357919
-0.358408
-0.358728
-0.35875
-0.358321
-0.357278
-0.355447
-0.352677
-0.348883
-0.344032
-0.338228
-0.331693
-0.324837
-0.318207
-0.312409
-0.308012
-0.305362
-0.304498
-0.305093
-0.306586
-0.308292
-0.309542
-0.309913
-0.309183
-0.30747
-0.30516
-0.302842
-0.301158
-0.300638
-0.301535
-0.303729
-0.306846
-0.310389
-0.313908
-0.317078
-0.319786
-0.322036
-0.323933
-0.325624
-0.327256
-0.328885
-0.330535
-0.332176
-0.333704
-0.33502
-0.336002
-0.336547
-0.336592
-0.336083
-0.334993
-0.33333
-0.331141
-0.32849
-0.32548
-0.32224
-0.318906
-0.315592
-0.312362
-0.309253
-0.306255
-0.303304
-0.300263
-0.29701
-0.293396
-0.289346
-0.284975
-0.280669
-0.276523
-0.27448
-0.274988
-0.278375
-0.284198
-0.291401
-0.298731
-0.305124
-0.309935
-0.312955
-0.314291
-0.314247
-0.313256
-0.31176
-0.310179
-0.308869
-0.30803
-0.307729
-0.307911
-0.30842
-0.309096
-0.309765
-0.310282
-0.310582
-0.310625
-0.310396
-0.309911
-0.309215
-0.308328
-0.30729
-0.306142
-0.304915
-0.303683
-0.302496
-0.30144
-0.300575
-0.299989
-0.299727
-0.299806
-0.300228
-0.300918
-0.301821
-0.302827
-0.303813
-0.30466
-0.305294
-0.30561
-0.305561
-0.305127
-0.304349
-0.303291
-0.302078
-0.300911
-0.299993
-0.299506
-0.299636
-0.300451
-0.301897
-0.303841
-0.3061
-0.308465
-0.310761
-0.312863
-0.31467
-0.316118
-0.317196
-0.317903
-0.318242
-0.318219
-0.317835
-0.317122
-0.316117
-0.314862
-0.313447
-0.312003
-0.310692
-0.309705
-0.309209
-0.309355
-0.310217
-0.311755
-0.313849
-0.316321
-0.318958
-0.32154
-0.323878
-0.325835
-0.327308
-0.328211
-0.32851
-0.328162
-0.327161
-0.325482
-0.323143
-0.320173
-0.316646
-0.312712
-0.30865
-0.304824
-0.301651
-0.299332
-0.298618
-0.299262
-0.301077
-0.303728
-0.306833
-0.310082
-0.31323
-0.316149
-0.31878
-0.321083
-0.323054
-0.324715
-0.326124
-0.327347
-0.328476
-0.329594
-0.33079
-0.332104
-0.333517
-0.334974
-0.336323
-0.337367
-0.337872
-0.337591
-0.336382
-0.33418
-0.331154
-0.327761
-0.324696
-0.322744
-0.322475
-0.323959
-0.326693
-0.329849
-0.332543
-0.334218
-0.334726
-0.334336
-0.333608
-0.333131
-0.333345
-0.334361
-0.335984
-0.337844
-0.339547
-0.340827
-0.341614
-0.341966
-0.342043
-0.342082
-0.342279
-0.34278
-0.343697
-0.345023
-0.346727
-0.34872
-0.350915
-0.353192
-0.35547
-0.35768
-0.359767
-0.361733
-0.363568
-0.365303
-0.36697
-0.36861
-0.370252
-0.371903
-0.373562
-0.375192
-0.376699
-0.377958
-0.378849
-0.379126
-0.378572
-0.376944
-0.374023
-0.369672
-0.363922
-0.357008
-0.349453
-0.341966
-0.335322
-0.330115
-0.326651
-0.324937
-0.324761
-0.325715
-0.327344
-0.329187
-0.330831
-0.331999
-0.332507
-0.33226
-0.331263
-0.329586
-0.327426
-0.325201
-0.323443
-0.322666
-0.323639
-0.326317
-0.330304
-0.334923
-0.339405
-0.343152
-0.345847
-0.347412
-0.347954
-0.347687
-0.34682
-0.345584
-0.344181
-0.34276
-0.341447
-0.340321
-0.339425
-0.338793
-0.338416
-0.338303
-0.338378
-0.338595
-0.338912
-0.339273
-0.339628
-0.33995
-0.340202
-0.340375
-0.340472
-0.340476
-0.340395
-0.340238
-0.340012
-0.339729
-0.339398
-0.338995
-0.338534
-0.338014
-0.337433
-0.336763
-0.335987
-0.335106
-0.334092
-0.332926
-0.331568
-0.329972
-0.328062
-0.325768
-0.322978
-0.319588
-0.315553
-0.310911
-0.305911
-0.300995
-0.296846
-0.29416
-0.293432
-0.294667
-0.297388
-0.300847
-0.3043
-0.307189
-0.309284
-0.310585
-0.31125
-0.311466
-0.311365
-0.31099
-0.310312
-0.309231
-0.307672
-0.305663
-0.303307
-0.300845
-0.298615
-0.296984
-0.296253
-0.29662
-0.298122
-0.300632
-0.303896
-0.307631
-0.311565
-0.315459
-0.319185
-0.322629
-0.325747
-0.328511
-0.330946
-0.333069
-0.334895
-0.336459
-0.337772
-0.33883
-0.339663
-0.34026
-0.340607
-0.340693
-0.340491
-0.339901
-0.338997
-0.337709
-0.335975
-0.333772
-0.331052
-0.327786
-0.323985
-0.319663
-0.314937
-0.309996
-0.305149
-0.300814
-0.297509
-0.295729
-0.29585
-0.298057
-0.302246
-0.308112
-0.315174
-0.322902
-0.330847
-0.338591
-0.345878
-0.352552
-0.358532
-0.363822
-0.36842
-0.372329
-0.375571
-0.378116
-0.379916
-0.380874
-0.380878
-0.379754
-0.377323
-0.373427
-0.367964
-0.360982
-0.352779
-0.343895
-0.335129
-0.327453
-0.321888
-0.319301
-0.320141
-0.324264
-0.330939
-0.339044
-0.34756
-0.355744
-0.363228
-0.369905
-0.375738
-0.380737
-0.384845
-0.388014
-0.390227
-0.39149
-0.391846
-0.391425
-0.390369
-0.388887
-0.387183
-0.385463
-0.383947
-0.382777
-0.382046
-0.381801
-0.382049
-0.382711
-0.383683
-0.384864
-0.386115
-0.387303
-0.388283
-0.388899
-0.389043
-0.388609
-0.387516
-0.385776
-0.383534
-0.381026
-0.378688
-0.37701
-0.37644
-0.37725
-0.379386
-0.382529
-0.386149
-0.389677
-0.392644
-0.394738
-0.395824
-0.395915
-0.395183
-0.393912
-0.392513
-0.391409
-0.390999
-0.391608
-0.393179
-0.395534
-0.398366
-0.401262
-0.403923
-0.406084
-0.407605
-0.408438
-0.408594
-0.408137
-0.407151
-0.405751
-0.404085
-0.402309
-0.400569
-0.399018
-0.397779
-0.396891
-0.396343
-0.39598
-0.395572
-0.394819
-0.393386
-0.390977
-0.387352
-0.382387
-0.376087
-0.368665
-0.36067
-0.352977
-0.346777
-0.343376
-0.343692
-0.347858
-0.355146
-0.36421
-0.373653
-0.382369
-0.389743
-0.395477
-0.399535
-0.401979
-0.402932
-0.402491
-0.400816
-0.398039
-0.394353
-0.389996
-0.385289
-0.380548
-0.376083
-0.372141
-0.368839
-0.366159
-0.363981
-0.362163
-0.360626
-0.359409
-0.358674
-0.35866
-0.359653
-0.361889
-0.365519
-0.37049
-0.37654
-0.383225
-0.389982
-0.396277
-0.401708
-0.405987
-0.409
-0.410719
-0.411122
-0.410231
-0.408032
-0.404512
-0.399697
-0.393633
-0.386454
-0.378409
-0.369815
-0.361113
-0.352851
-0.345656
-0.340281
-0.337464
-0.337598
-0.340509
-0.345455
-0.351414
-0.357451
-0.362928
-0.367572
-0.37134
-0.374327
-0.376692
-0.378603
-0.380206
-0.381627
-0.383045
-0.384253
-0.385423
-0.386543
-0.387581
-0.388493
-0.389273
-0.389866
-0.390264
-0.390457
-0.390441
-0.390205
-0.389735
-0.389024
-0.388089
-0.386909
-0.385469
-0.383761
-0.381766
-0.379458
-0.376814
-0.373802
-0.370375
-0.36653
-0.362296
-0.357745
-0.353086
-0.348631
-0.344769
-0.341975
-0.340622
-0.34087
-0.342574
-0.345396
-0.348823
-0.352341
-0.355567
-0.358244
-0.360256
-0.361536
-0.362112
-0.362023
-0.361306
-0.359991
-0.358107
-0.355668
-0.352723
-0.349299
-0.345451
-0.341275
-0.336894
-0.332458
-0.328169
-0.324251
-0.320953
-0.318502
-0.317074
-0.316738
-0.317489
-0.319204
-0.321706
-0.32478
-0.328196
-0.331731
-0.335206
-0.338464
-0.341395
-0.343944
-0.346061
-0.347733
-0.348974
-0.349783
-0.350178
-0.350154
-0.34971
-0.34885
-0.347561
-0.345833
-0.343701
-0.3412
-0.338427
-0.335518
-0.332664
-0.330063
-0.327924
-0.326442
-0.325738
-0.325878
-0.326891
-0.328714
-0.331241
-0.334313
-0.337733
-0.341256
-0.344657
-0.347706
-0.350239
-0.35212
-0.353253
-0.353577
-0.352939
-0.35142
-0.349031
-0.34584
-0.341969
-0.337618
-0.333054
-0.328608
-0.324594
-0.32128
-0.318794
-0.317089
-0.315974
-0.31514
-0.314269
-0.31322
-0.312173
-0.311676
-0.312521
-0.315398
-0.320483
-0.327283
-0.334829
-0.342089
-0.348236
-0.352884
-0.355925
-0.357456
-0.357696
-0.356881
-0.355236
-0.352947
-0.350181
-0.347106
-0.343873
-0.340681
-0.337738
-0.335288
-0.33357
-0.332802
-0.333088
-0.33445
-0.336748
-0.339765
-0.343262
-0.346939
-0.350565
-0.353949
-0.356925
-0.359397
-0.361304
-0.362593
-0.363271
-0.363336
-0.362845
-0.361856
-0.36046
-0.358784
-0.357
-0.355275
-0.35377
-0.352617
-0.351915
-0.35167
-0.351832
-0.352262
-0.352857
-0.353445
-0.353898
-0.354109
-0.354019
-0.353631
-0.352982
-0.352193
-0.351398
-0.350757
-0.350466
-0.35066
-0.351416
-0.352747
-0.354564
-0.356726
-0.359048
-0.361388
-0.36361
-0.365672
-0.36755
-0.369293
-0.370923
-0.372397
-0.373656
-0.374485
-0.374613
-0.373776
-0.3718
-0.368721
-0.364888
-0.361074
-0.358249
-0.357278
-0.35853
-0.361457
-0.36506
-0.368195
-0.369967
-0.369928
-0.368108
-0.364979
-0.361397
-0.358393
-0.356937
-0.357593
-0.360363
-0.364693
-0.369741
-0.374671
-0.378882
-0.382034
-0.384054
-0.385039
-0.385258
-0.385032
-0.384694
-0.384534
-0.384773
-0.385469
-0.386583
-0.387984
-0.389475
-0.390884
-0.392124
-0.393157
-0.394013
-0.394779
-0.395575
-0.396498
-0.397595
-0.398879
-0.400276
-0.401652
-0.402838
-0.403633
-0.403838
-0.403275
-0.401819
-0.399407
-0.396114
-0.392158
-0.3879
-0.383843
-0.380474
-0.378188
-0.37709
-0.377065
-0.377822
-0.379013
-0.380443
-0.382029
-0.383827
-0.385955
-0.388416
-0.391172
-0.393964
-0.39642
-0.398051
-0.398363
-0.396925
-0.393515
-0.388185
-0.381376
-0.373965
-0.367179
-0.36239
-0.360668
-0.362471
-0.367493
-0.374805
-0.383248
-0.391753
-0.399489
-0.405903
-0.410705
-0.413798
-0.415279
-0.415358
-0.414339
-0.412563
-0.410393
-0.408191
-0.406253
-0.404842
-0.40411
-0.404122
-0.404847
-0.406168
-0.407954
-0.409999
-0.412135
-0.414207
-0.416098
-0.417863
-0.419193
-0.420267
-0.421142
-0.421843
-0.422408
-0.422878
-0.423293
-0.423643
-0.423908
-0.424075
-0.424079
-0.423863
-0.423351
-0.422451
-0.421088
-0.419197
-0.416726
-0.413711
-0.410262
-0.4066
-0.403036
-0.399864
-0.397314
-0.395445
-0.394105
-0.392984
-0.391789
-0.390312
-0.388499
-0.386515
-0.384648
-0.383285
-0.382877
-0.383775
-0.386194
-0.390115
-0.395268
-0.401194
-0.407393
-0.41338
-0.418833
-0.423572
-0.427574
-0.430881
-0.43358
-0.435771
-0.437573
-0.439051
-0.440281
-0.441294
-0.442123
-0.442786
-0.443282
-0.443608
-0.443795
-0.443836
-0.443717
-0.443446
-0.442973
-0.442266
-0.441239
-0.4398
-0.437867
-0.435436
-0.432539
-0.429294
-0.425842
-0.422324
-0.418788
-0.415239
-0.411656
-0.40806
-0.404613
-0.401493
-0.398886
-0.396871
-0.395347
-0.394095
-0.392841
-0.391338
-0.389355
-0.386657
-0.382965
-0.377956
-0.371486
-0.363905
-0.356515
-0.351518
-0.351117
-0.356169
-0.365465
-0.37656
-0.38715
-0.395984
-0.402813
-0.408
-0.412078
-0.415506
-0.418528
-0.421452
-0.423742
-0.425617
-0.426998
-0.427804
-0.428026
-0.427646
-0.426691
-0.425183
-0.423178
-0.420708
-0.41781
-0.414578
-0.411087
-0.407467
-0.403919
-0.400678
-0.398017
-0.396193
-0.395374
-0.395585
-0.396717
-0.3985
-0.40062
-0.402757
-0.404629
-0.406039
-0.406929
-0.407261
-0.407118
-0.406625
-0.405971
-0.405348
-0.404942
-0.404931
-0.405413
-0.406435
-0.407948
-0.409848
-0.411971
-0.414138
-0.416169
-0.417859
-0.419014
-0.419433
-0.418869
-0.417036
-0.41365
-0.408483
-0.401625
-0.393631
-0.385831
-0.380157
-0.378509
-0.381737
-0.389154
-0.398916
-0.409012
-0.417977
-0.425102
-0.430242
-0.43354
-0.435234
-0.435596
-0.434843
-0.433168
-0.430746
-0.42777
-0.424448
-0.420991
-0.417621
-0.414567
-0.412026
-0.410134
-0.408967
-0.408513
-0.408693
-0.409388
-0.410431
-0.411668
-0.412939
-0.414133
-0.415151
-0.415936
-0.416497
-0.416838
-0.417048
-0.41716
-0.417278
-0.417525
-0.417987
-0.418759
-0.419879
-0.42135
-0.423116
-0.425062
-0.42705
-0.428944
-0.430629
-0.432028
-0.433151
-0.433802
-0.434123
-0.434163
-0.433979
-0.433613
-0.433145
-0.432623
-0.432077
-0.431539
-0.431012
-0.430475
-0.429902
-0.429251
-0.428474
-0.427538
-0.426402
-0.425108
-0.423674
-0.422179
-0.420748
-0.419505
-0.418572
-0.418041
-0.417927
-0.418181
-0.418723
-0.419433
-0.420176
-0.420853
-0.421363
-0.421642
-0.421637
-0.421281
-0.42054
-0.419387
-0.41779
-0.415744
-0.413294
-0.410523
-0.407524
-0.404409
-0.401303
-0.398296
-0.395452
-0.392805
-0.390423
-0.38841
-0.386971
-0.386355
-0.386846
-0.388614
-0.391697
-0.395898
-0.400873
-0.406184
-0.411405
-0.416188
-0.420279
-0.423519
-0.425852
-0.427264
-0.427815
-0.427553
-0.426562
-0.424901
-0.422703
-0.420138
-0.41742
-0.414841
-0.41273
-0.411423
-0.411162
-0.41207
-0.4141
-0.417032
-0.420558
-0.424376
-0.428205
-0.431847
-0.435161
-0.438102
-0.440657
-0.442822
-0.444631
-0.446108
-0.447252
-0.448075
-0.448588
-0.448774
-0.448641
-0.448196
-0.447461
-0.446464
-0.445241
-0.443818
-0.442217
-0.440405
-0.438319
-0.435855
-0.432543
-0.428939
-0.424752
-0.420039
-0.414931
-0.409598
-0.404216
-0.398924
-0.393818
-0.38906
-0.38493
-0.381849
-0.380324
-0.380787
-0.3834
-0.387921
-0.393731
-0.400028
-0.40602
-0.411078
-0.414849
-0.417194
-0.41819
-0.418026
-0.416934
-0.415224
-0.413176
-0.411057
-0.409105
-0.407528
-0.406431
-0.405805
-0.405541
-0.405453
-0.40535
-0.405079
-0.404579
-0.403926
-0.403271
-0.402829
-0.402808
-0.403346
-0.404505
-0.406215
-0.40835
-0.410741
-0.413233
-0.415711
-0.41807
-0.420245
-0.422216
-0.42396
-0.425455
-0.426694
-0.427659
-0.428356
-0.428776
-0.428914
-0.428745
-0.428267
-0.427453
-0.426234
-0.42453
-0.422232
-0.41914
-0.415025
-0.409574
-0.402456
-0.393438
-0.382454
-0.369947
-0.357011
-0.345413
-0.337205
-0.33397
-0.336175
-0.343011
-0.352802
-0.363628
-0.373812
-0.382194
-0.388159
-0.391599
-0.39282
-0.392466
-0.391429
-0.3907
-0.391142
-0.39322
-0.396889
-0.401667
-0.406821
-0.411642
-0.415611
-0.418402
-0.419854
-0.419927
-0.418625
-0.415971
-0.412003
-0.406187
-0.399746
-0.392513
-0.385021
-0.378016
-0.372442
-0.369204
-0.368908
-0.371657
-0.37688
-0.38365
-0.39094
-0.397909
-0.403999
-0.408946
-0.412721
-0.415428
-0.417182
-0.418161
-0.418538
-0.418443
-0.417997
-0.41734
-0.416573
-0.415794
-0.415119
-0.414643
-0.414383
-0.414411
-0.414721
-0.415285
-0.416034
-0.416885
-0.417751
-0.418542
-0.419177
-0.419588
-0.419761
-0.419698
-0.419425
-0.419019
-0.418524
-0.418028
-0.417643
-0.417444
-0.417547
-0.418023
-0.418946
-0.420358
-0.422265
-0.424616
-0.427345
-0.43036
-0.433564
-0.436834
-0.440034
-0.44303
-0.445657
-0.447654
-0.448735
-0.4485
-0.446523
-0.442286
-0.435317
-0.425284
-0.412244
-0.396964
-0.381131
-0.367114
-0.357097
-0.352209
-0.352206
-0.356239
-0.363619
-0.374006
-0.387037
-0.402033
-0.417879
-0.433267
-0.447001
-0.458231
-0.466545
-0.471916
-0.474576
-0.474884
-0.47328
-0.470236
-0.466229
-0.461758
-0.457279
-0.453168
-0.449665
-0.446859
-0.444672
-0.442932
-0.441434
-0.440058
-0.438779
-0.437721
-0.437053
-0.436918
-0.437592
-0.43903
-0.441114
-0.443647
-0.446403
-0.449177
-0.451868
-0.454429
-0.456894
-0.459322
-0.461763
-0.464283
-0.466897
-0.469657
-0.472607
-0.475806
-0.479293
-0.483136
-0.487335
-0.491855
-0.496581
-0.501331
-0.50589
-0.510045
-0.513549
-0.516186
-0.517762
-0.518116
-0.517112
-0.514644
-0.510691
-0.505288
-0.49865
-0.491208
-0.483626
-0.476787
-0.471588
-0.468714
-0.468395
-0.470316
-0.473708
-0.477687
-0.481428
-0.48436
-0.486125
-0.486582
-0.485708
-0.483536
-0.480179
-0.475779
-0.47051
-0.464619
-0.458452
-0.452581
-0.447748
-0.444857
-0.444657
-0.447414
-0.452695
-0.459477
-0.466563
-0.472912
-0.477896
-0.481272
-0.483079
-0.483534
-0.482866
-0.481324
-0.479115
-0.476448
-0.473536
-0.47066
-0.468128
-0.46625
-0.465232
-0.465127
-0.465724
-0.466639
-0.46736
-0.467374
-0.466305
-0.463975
-0.460448
-0.456039
-0.451222
-0.446598
-0.442703
-0.439901
-0.438308
-0.437815
-0.438135
-0.438978
-0.440097
-0.441395
-0.442852
-0.444525
-0.446452
-0.44859
-0.450831
-0.453174
-0.455035
-0.456494
-0.457431
-0.457777
-0.457552
-0.456773
-0.45552
-0.453853
-0.451844
-0.44956
-0.447063
-0.444398
-0.441636
-0.438806
-0.435948
-0.433103
-0.430301
-0.427568
-0.424922
-0.422378
-0.419934
-0.417533
-0.415117
-0.412593
-0.409838
-0.406738
-0.403196
-0.399217
-0.394973
-0.390839
-0.387369
-0.385228
-0.384967
-0.386774
-0.390438
-0.395393
-0.400951
-0.406541
-0.411806
-0.416579
-0.420896
-0.424843
-0.428535
-0.432047
-0.435418
-0.438608
-0.441529
-0.444075
-0.446115
-0.447491
-0.448068
-0.447688
-0.446212
-0.443474
-0.439346
-0.433773
-0.426794
-0.4186
-0.40961
-0.40049
-0.392113
-0.385407
-0.381208
-0.37998
-0.38177
-0.386114
-0.392311
-0.399533
-0.407021
-0.414176
-0.420566
-0.425879
-0.429936
-0.432621
-0.43385
-0.433567
-0.431698
-0.428226
-0.423214
-0.416971
-0.410204
-0.404067
-0.399965
-0.399087
-0.401799
-0.407497
-0.414855
-0.42247
-0.429305
-0.434863
-0.439031
-0.441971
-0.443921
-0.445129
-0.445803
-0.446028
-0.445833
-0.445148
-0.443816
