0            1.2              0
1        1.20001    1.01766e-05
2        1.20003    1.68501e-05
3        1.20005    2.44922e-05
4        1.20008    3.30061e-05
5        1.20011    4.23253e-05
6        1.20015    5.24083e-05
7        1.20019    6.32527e-05
8        1.20024    7.48564e-05
9         1.2003    8.72361e-05
10        1.20036    0.000100393
11        1.20043    0.000114321
12        1.20051     0.00012903
13        1.20059    0.000144532
14        1.20067    0.000160838
15        1.20077     0.00017796
16        1.20087    0.000195916
17        1.20098    0.000214731
18         1.2011    0.000234439
19        1.20122     0.00025508
20        1.20136    0.000276695
21         1.2015    0.000299337
22        1.20165    0.000323065
23        1.20181    0.000347946
24        1.20198    0.000374056
25        1.20216     0.00040148
26        1.20234    0.000430314
27        1.20255    0.000460666
28        1.20276    0.000492656
29        1.20298    0.000526418
30        1.20322    0.000562101
31        1.20347    0.000599873
32        1.20374    0.000639921
33        1.20402    0.000682455
34        1.20432    0.000727716
35        1.20464    0.000775974
36        1.20498    0.000827534
37        1.20534     0.00088274
38        1.20573    0.000941981
39        1.20614     0.00100569
40        1.20658     0.00107437
41        1.20705     0.00114855
42        1.20755     0.00122884
43        1.20809     0.00131591
44        1.20867     0.00141044
45        1.20929     0.00151314
46        1.20996     0.00162467
47        1.21068     0.00174554
48        1.21145     0.00187593
49        1.21228     0.00201537
0        1.20307              0
1        1.20508     0.00201148
2        1.20687     0.00213137
3        1.20825     0.00204695
4        1.20902     0.00176198
5        1.20899     0.00143896
6        1.20816     0.00146947
7        1.20689     0.00180046
8         1.2058     0.00192791
9        1.20544     0.00176069
10        1.20599     0.00168435
11        1.20721       0.001962
12        1.20869     0.00233281
13        1.21013      0.0025967
14        1.21156     0.00280787
15        1.21324     0.00311804
16        1.21535     0.00361201
17         1.2178     0.00419627
18        1.22032     0.00470197
19        1.22265      0.0050327
20        1.22465     0.00518712
21         1.2263      0.0052147
22        1.22768     0.00516815
23        1.22883      0.0050815
24        1.22981     0.00497141
25        1.23062     0.00484395
26        1.23125     0.00470403
27        1.23179      0.0045645
28         1.2324     0.00444636
29        1.23326     0.00438057
30        1.23444     0.00439789
31        1.23589     0.00449931
32         1.2375     0.00464733
33        1.23912     0.00479178
34        1.24065     0.00489874
35        1.24204     0.00495999
36        1.24331      0.0049867
37         1.2445     0.00499785
38        1.24569     0.00501092
39        1.24692      0.0050364
40        1.24819     0.00507557
41         1.2495     0.00512217
42         1.2508     0.00516753
43        1.25207     0.00520584
44         1.2533     0.00523582
45        1.25449      0.0052584
46        1.25565      0.0052742
47        1.25677     0.00528342
48        1.25786     0.00528706
49        1.25892     0.00528697
0        1.20078              0
1        1.20143    0.000645807
2        1.20215    0.000811448
3        1.20297     0.00100553
4        1.20394     0.00124235
5        1.20506     0.00151292
6        1.20632     0.00178933
7        1.20764     0.00203787
8        1.20896     0.00222951
9        1.21019     0.00234436
10        1.21126     0.00237334
11        1.21209     0.00232076
12        1.21265     0.00220757
13        1.21296      0.0020673
14         1.2131     0.00192936
15        1.21316     0.00180569
16        1.21319     0.00169641
17        1.21316     0.00159965
18        1.21299     0.00152281
19        1.21261     0.00149322
20        1.21207     0.00151989
21        1.21155     0.00153857
22         1.2113     0.00149049
23        1.21147      0.0014369
24        1.21201     0.00147849
25        1.21272     0.00158804
26        1.21334     0.00165165
27        1.21366     0.00162322
28        1.21365     0.00156632
29        1.21356     0.00151578
30        1.21371     0.00147401
31        1.21419     0.00150355
32        1.21484     0.00159676
33        1.21545     0.00166361
34        1.21578     0.00165006
35        1.21569     0.00160598
36        1.21518     0.00164406
37        1.21444     0.00176236
38        1.21379     0.00183742
39        1.21344     0.00182401
40        1.21344     0.00177897
41        1.21371       0.001756
42        1.21412     0.00176305
43        1.21459     0.00178695
44        1.21509     0.00181581
45        1.21558     0.00184295
46        1.21606     0.00186511
47        1.21651      0.0018812
48        1.21694     0.00189173
49        1.21735     0.00189822
0        1.20022              0
1        1.20055    0.000330117
2          1.201     0.00048751
3        1.20149    0.000604596
4        1.20192    0.000630549
5        1.20208    0.000540873
6        1.20176    0.000562372
7        1.20069     0.00117107
8        1.19877     0.00217637
9        1.19623     0.00320565
10        1.19362     0.00390132
11        1.19149     0.00414711
12        1.19004     0.00408366
13        1.18913     0.00388818
14        1.18857     0.00366232
15        1.18819      0.0034464
16        1.18788     0.00325278
17        1.18754     0.00308485
18        1.18716     0.00294353
19        1.18672     0.00282623
20        1.18629      0.0027229
21        1.18594     0.00261906
22        1.18576     0.00250939
23        1.18575     0.00240257
24        1.18588     0.00230782
25        1.18606     0.00222466
26        1.18622     0.00214693
27        1.18631     0.00207081
28         1.1863     0.00199818
29        1.18617      0.0019346
30        1.18595     0.00188428
31        1.18566     0.00184649
32        1.18535      0.0018162
33        1.18505     0.00178749
34        1.18479     0.00175589
35        1.18458     0.00171933
36        1.18443     0.00167831
37        1.18436     0.00163529
38        1.18433     0.00159299
39        1.18433     0.00155267
40        1.18428     0.00151493
41        1.18414     0.00148576
42        1.18383     0.00148265
43        1.18337     0.00151927
44        1.18284     0.00157663
45        1.18234      0.0016215
46        1.18193     0.00164056
47        1.18162     0.00163533
48        1.18144     0.00161167
49        1.18139     0.00157983
0        1.20351              0
1        1.20502     0.00150854
2        1.20576     0.00114157
3         1.2058    0.000808234
4        1.20523    0.000845175
5         1.2042     0.00124533
6        1.20295     0.00162727
7        1.20183     0.00180329
8        1.20097     0.00180629
9         1.2003     0.00175065
10        1.19966      0.0017063
11        1.19903     0.00168245
12        1.19843     0.00165761
13        1.19791     0.00162129
14        1.19744     0.00158086
15        1.19699     0.00154632
16        1.19654     0.00152056
17        1.19611     0.00149643
18        1.19575     0.00146124
19         1.1955     0.00140823
20        1.19539     0.00134365
21        1.19543     0.00128155
22        1.19557     0.00123313
23        1.19579     0.00120136
24        1.19606     0.00118269
25        1.19634      0.0011713
26        1.19663     0.00116195
27        1.19689     0.00115081
28        1.19713      0.0011352
29        1.19732     0.00111342
30        1.19745     0.00108513
31        1.19751     0.00105235
32        1.19749     0.00102023
33        1.19739    0.000994736
34        1.19724    0.000977147
35        1.19709    0.000962212
36        1.19696    0.000944441
37        1.19688    0.000923209
38        1.19682    0.000900684
39        1.19679    0.000878533
40        1.19676    0.000857387
41        1.19673    0.000837379
42        1.19669    0.000818384
43        1.19666    0.000800199
44        1.19663     0.00078275
45         1.1966    0.000766097
46        1.19657    0.000750268
47        1.19654     0.00073511
48        1.19651    0.000720463
49        1.19648    0.000706578
0        1.19883              0
1        1.19755     0.00127896
2        1.19622     0.00151768
3        1.19527     0.00143749
4        1.19496     0.00115364
5        1.19532     0.00100562
6        1.19607     0.00113713
7        1.19689     0.00127996
8        1.19748     0.00127605
9         1.1977     0.00116248
10        1.19754     0.00106473
11        1.19705     0.00108914
12         1.1963     0.00124636
13        1.19541     0.00146073
14        1.19453     0.00161799
15         1.1939     0.00163832
16         1.1937     0.00155258
17        1.19393     0.00148189
18        1.19447     0.00150108
19        1.19513     0.00157202
20         1.1958     0.00163586
21        1.19642     0.00167863
22        1.19703     0.00171826
23        1.19771     0.00177822
24        1.19848     0.00187019
25        1.19932     0.00198594
26         1.2002     0.00210381
27        1.20106      0.0022011
28        1.20183     0.00226116
29        1.20247      0.0022758
30        1.20293     0.00224738
31        1.20317      0.0021899
32        1.20324     0.00212344
33        1.20319     0.00206044
34        1.20315     0.00200121
35        1.20316     0.00194484
36        1.20323     0.00189306
37        1.20338     0.00184867
38        1.20363     0.00181785
39          1.204     0.00180916
40        1.20446     0.00182233
41        1.20493     0.00184056
42        1.20533     0.00184201
43        1.20559     0.00181814
44        1.20568     0.00177935
45        1.20563     0.00174091
46        1.20553     0.00170643
47        1.20544     0.00167276
48        1.20538      0.0016393
49        1.20535     0.00160664
0        1.20067              0
1        1.20113    0.000457163
2        1.20106    0.000273365
3        1.20026    0.000827652
4        1.19926      0.0011801
5        1.19913    0.000973389
6        1.20039     0.00150569
7         1.2027     0.00265152
8        1.20535     0.00353756
9        1.20779      0.0039977
10         1.2097     0.00408572
11        1.21087     0.00391007
12         1.2112     0.00361218
13        1.21065     0.00339023
14        1.20925     0.00344981
15        1.20725     0.00379763
16        1.20506      0.0041892
17        1.20313     0.00439311
18        1.20178      0.0043694
19        1.20105     0.00420937
20        1.20081     0.00401097
21         1.2009     0.00382527
22        1.20116      0.0036644
23        1.20149     0.00352372
24        1.20181     0.00339577
25         1.2021     0.00327515
26        1.20232     0.00315899
27        1.20244     0.00304664
28        1.20246     0.00293975
29        1.20237     0.00284162
30        1.20219     0.00275427
31        1.20197     0.00267549
32        1.20177     0.00260113
33        1.20159     0.00252951
34        1.20143     0.00246167
35        1.20124     0.00239949
36        1.20102     0.00234417
37        1.20078     0.00229439
38        1.20055      0.0022466
39        1.20036     0.00219836
40         1.2002     0.00214976
41        1.20007     0.00210192
42        1.19996     0.00205556
43        1.19986     0.00201062
44        1.19979     0.00196654
45        1.19977     0.00192341
46         1.1998     0.00188226
47        1.19985     0.00184328
48        1.19987     0.00180536
49         1.1998     0.00177016
0        1.19571              0
1        1.19352     0.00219733
2        1.19245     0.00165584
3        1.19237     0.00117389
4        1.19289     0.00104694
5        1.19374     0.00121103
6        1.19484     0.00149761
7         1.1961     0.00180892
8        1.19739     0.00205473
9        1.19855     0.00217302
10        1.19948     0.00217288
11        1.20017     0.00210192
12        1.20066     0.00199257
13        1.20091     0.00186267
14        1.20099     0.00173566
15        1.20102     0.00162383
16        1.20114     0.00153034
17        1.20139      0.0014646
18         1.2017     0.00141802
19        1.20193     0.00136552
20        1.20201     0.00130114
21        1.20192      0.0012436
22        1.20176     0.00119861
23        1.20167     0.00115116
24        1.20174     0.00110591
25        1.20195     0.00108376
26        1.20226      0.0010873
27        1.20259     0.00110082
28        1.20292      0.0011096
29        1.20319     0.00110752
30        1.20342     0.00109484
31        1.20359     0.00107435
32        1.20372     0.00104917
33        1.20381     0.00102177
34        1.20387    0.000993879
35        1.20391    0.000966515
36        1.20392    0.000940178
37        1.20392    0.000915102
38        1.20391    0.000891477
39        1.20387    0.000869512
40        1.20383    0.000849232
41        1.20378    0.000830198
42        1.20374     0.00081166
43        1.20372    0.000793264
44        1.20372    0.000775448
45        1.20375    0.000758804
46        1.20378    0.000743052
47        1.20379    0.000727454
48        1.20375    0.000713555
49        1.20365    0.000706525
0        1.19838              0
1         1.1984    1.85844e-05
2         1.1994    0.000996382
3        1.20101     0.00175784
4        1.20278     0.00223924
5         1.2044     0.00244095
6        1.20568     0.00242755
7        1.20655     0.00227589
8        1.20702      0.0020605
9        1.20714     0.00184699
10        1.20703     0.00167447
11         1.2068     0.00154548
12        1.20653     0.00144628
13        1.20624     0.00137044
14        1.20589     0.00132213
15        1.20547     0.00130833
16        1.20497     0.00132703
17        1.20443     0.00136325
18        1.20388     0.00139858
19        1.20338     0.00141979
20        1.20294     0.00142062
21        1.20258     0.00140067
22        1.20232     0.00136334
23        1.20217     0.00131405
24        1.20214     0.00126077
25        1.20223     0.00121493
26        1.20243      0.0011856
27        1.20267     0.00116811
28        1.20287     0.00114438
29        1.20293     0.00110692
30        1.20279     0.00107953
31        1.20251     0.00108194
32        1.20221     0.00108953
33          1.202     0.00107731
34        1.20193     0.00104899
35        1.20198     0.00102084
36        1.20214     0.00100638
37        1.20239     0.00100958
38        1.20268     0.00102568
39        1.20297     0.00104114
40        1.20316     0.00103296
41        1.20307     0.00101201
42        1.20258     0.00110561
43        1.20192     0.00126549
44        1.20155     0.00129122
45        1.20153     0.00126294
46        1.20165     0.00124173
47        1.20176     0.00122065
48        1.20187     0.00120029
49        1.20206     0.00119119
0        1.20557              0
1        1.20922     0.00365267
2        1.21226     0.00370017
3        1.21457     0.00349371
4        1.21614     0.00312401
5        1.21695     0.00267712
6        1.21712      0.0022694
7        1.21698     0.00197064
8        1.21698     0.00173794
9        1.21744     0.00162262
10        1.21836     0.00173064
11        1.21949     0.00194289
12        1.22059     0.00209615
13        1.22149     0.00214222
14        1.22216     0.00210385
15        1.22261     0.00201738
16        1.22284     0.00190852
17        1.22281      0.0017995
18         1.2225     0.00173023
19        1.22195     0.00173097
20        1.22135      0.0017532
21        1.22092     0.00172596
22        1.22082     0.00165227
23        1.22111     0.00160783
24        1.22174     0.00166722
25         1.2226     0.00181916
26        1.22355     0.00199117
27        1.22445     0.00211873
28        1.22516     0.00216505
29        1.22556     0.00212824
30        1.22556     0.00205845
31        1.22528      0.0020128
32        1.22496     0.00197643
33        1.22477     0.00192712
34        1.22469     0.00187301
35        1.22466      0.0018205
36        1.22466     0.00177062
37         1.2247     0.00172384
38        1.22478     0.00168133
39         1.2249     0.00164305
40        1.22502      0.0016068
41        1.22511     0.00157044
42        1.22514     0.00153397
43        1.22514     0.00149872
44        1.22509     0.00146572
45        1.22503     0.00143493
46        1.22497     0.00140541
47        1.22493     0.00137622
48        1.22494     0.00134789
49          1.225     0.00132185
0        1.20088              0
1        1.20095     7.7292e-05
2         1.2006    0.000360121
3        1.19986    0.000784392
4        1.19881     0.00120943
5        1.19759     0.00157246
6        1.19637     0.00180224
7        1.19536     0.00185651
8        1.19471     0.00176219
9        1.19443      0.0016006
10        1.19445     0.00144785
11        1.19463      0.0013344
12        1.19488     0.00125364
13        1.19515     0.00119085
14        1.19541     0.00113843
15        1.19567     0.00109547
16        1.19593     0.00106283
17         1.1962      0.0010381
18        1.19645     0.00101184
19         1.1966    0.000971804
20        1.19656    0.000924992
21        1.19625    0.000937226
22        1.19559     0.00111214
23        1.19462     0.00143847
24        1.19349     0.00178201
25         1.1924     0.00203386
26        1.19144     0.00217723
27        1.19061     0.00225568
28        1.18981     0.00231852
29        1.18897     0.00239234
30        1.18812     0.00246729
31        1.18734     0.00251074
32        1.18674     0.00250818
33         1.1863     0.00247212
34        1.18599     0.00241994
35        1.18578     0.00236173
36        1.18563     0.00230163
37        1.18555     0.00224168
38        1.18553     0.00218358
39        1.18554     0.00212832
40        1.18555      0.0020758
41        1.18553     0.00202588
42        1.18544     0.00198006
43        1.18527     0.00194209
44        1.18501     0.00191637
45        1.18467     0.00190552
46        1.18425     0.00191013
47        1.18377     0.00193117
48        1.18321     0.00197276
49        1.18256     0.00203994
0        1.19683              0
1        1.19704    0.000218633
2         1.1995     0.00246182
3         1.2031     0.00399336
4        1.20657     0.00464796
5        1.20923     0.00463528
6        1.21097     0.00428976
7        1.21204     0.00386375
8        1.21273     0.00347799
9         1.2133     0.00316282
10        1.21385     0.00291189
11        1.21436     0.00270658
12        1.21479     0.00252787
13        1.21513     0.00236388
14        1.21534     0.00221082
15        1.21543     0.00207003
16        1.21541     0.00194452
17        1.21532      0.0018356
18         1.2152     0.00174076
19        1.21509     0.00165501
20        1.21503     0.00157525
21        1.21504     0.00150196
22         1.2151     0.00143626
23        1.21517     0.00137688
24        1.21521     0.00132137
25         1.2152     0.00126958
26        1.21513     0.00122347
27        1.21505     0.00118203
28          1.215     0.00114144
29        1.21504     0.00110347
30        1.21518     0.00107608
31        1.21539     0.00106407
32        1.21566     0.00106424
33        1.21593     0.00106881
34        1.21619     0.00107015
35        1.21642     0.00106337
36        1.21658     0.00104745
37        1.21669      0.0010252
38        1.21676     0.00100093
39        1.21683    0.000977988
40        1.21694    0.000960403
41        1.21712    0.000954889
42        1.21737     0.00096618
43        1.21768    0.000990934
44        1.21799     0.00101894
45        1.21829     0.00103901
46        1.21852     0.00104368
47        1.21867     0.00103203
48         1.2187     0.00101137
49        1.21864    0.000993164
0        1.19835              0
1        1.19866    0.000312834
2        1.19987     0.00122363
3        1.20154     0.00187789
4        1.20332     0.00230114
5        1.20503     0.00253836
6        1.20657     0.00264292
7        1.20794     0.00266627
8        1.20917     0.00265483
9        1.21033     0.00264236
10        1.21145     0.00263962
11         1.2125     0.00262722
12        1.21336     0.00256599
13         1.2139     0.00243672
14        1.21409     0.00227591
15        1.21409     0.00212892
16        1.21418     0.00200196
17        1.21448     0.00191122
18        1.21487     0.00184965
19        1.21521     0.00178729
20        1.21549     0.00172313
21         1.2158     0.00167188
22        1.21619     0.00164315
23        1.21661     0.00162971
24        1.21703     0.00161712
25        1.21741     0.00160107
26         1.2178     0.00158741
27        1.21821     0.00158522
28        1.21869     0.00160216
29        1.21923     0.00164092
30        1.21984      0.0016983
31        1.22049     0.00176778
32        1.22117     0.00184349
33        1.22187      0.0019223
34         1.2226     0.00200324
35        1.22334     0.00208498
36         1.2241     0.00216262
37        1.22482     0.00222535
38        1.22545     0.00225769
39        1.22591     0.00224808
40        1.22613     0.00220355
41        1.22611     0.00215057
42        1.22592     0.00210821
43        1.22568     0.00207324
44        1.22548     0.00203683
45        1.22534     0.00199727
46        1.22523     0.00195711
47        1.22513     0.00191879
48        1.22498     0.00188469
49        1.22479     0.00185679
0        1.19979              0
1        1.20141      0.0016204
2         1.2039     0.00266465
3         1.2064     0.00313093
4        1.20836     0.00311542
5        1.20963     0.00284384
6        1.21032     0.00250001
7         1.2106     0.00218356
8        1.21065     0.00192642
9        1.21061     0.00172364
10        1.21055     0.00156012
11        1.21053      0.0014244
12        1.21054     0.00131034
13        1.21058     0.00121388
14        1.21064      0.0011313
15        1.21068     0.00105928
16        1.21071    0.000995485
17        1.21072    0.000938575
18         1.2107    0.000888068
19        1.21064    0.000844216
20        1.21055    0.000808158
21        1.21042    0.000782389
22        1.21023    0.000771612
23        1.20996    0.000784326
24         1.2096     0.00083573
25        1.20909    0.000949736
26         1.2084      0.0011473
27        1.20753     0.00140828
28        1.20659       0.001651
29        1.20575     0.00179962
30        1.20511     0.00185463
31        1.20463     0.00185869
32        1.20424     0.00184399
33        1.20388     0.00182464
34        1.20353     0.00180639
35        1.20316      0.0017944
36        1.20274     0.00179539
37        1.20225     0.00181295
38        1.20174     0.00183907
39        1.20126     0.00185542
40        1.20088     0.00184887
41        1.20064     0.00182096
42        1.20052     0.00178176
43        1.20052      0.0017408
44         1.2006     0.00170353
45        1.20074     0.00167186
46        1.20091     0.00164557
47        1.20112     0.00162342
48        1.20132     0.00160369
49        1.20153     0.00158448
0        1.19938              0
1        1.19854    0.000839434
2         1.1973     0.00133231
3        1.19561     0.00193405
4        1.19347     0.00261644
5        1.19096     0.00329598
6        1.18835     0.00381605
7        1.18608     0.00400684
8        1.18462     0.00382713
9        1.18419     0.00344988
10        1.18475     0.00317163
11        1.18608      0.0031857
12         1.1879     0.00344628
13        1.18996     0.00380058
14         1.1921     0.00413691
15         1.1942     0.00439939
16        1.19612     0.00455966
17        1.19776     0.00459941
18        1.19896      0.0045126
19        1.19958      0.0043267
20         1.1996     0.00411555
21        1.19916     0.00394891
22        1.19859     0.00381552
23        1.19828     0.00366672
24         1.1984     0.00351914
25        1.19893     0.00342247
26        1.19976     0.00339498
27        1.20076     0.00342303
28        1.20185     0.00347735
29        1.20293     0.00352743
30        1.20392     0.00355322
31        1.20479     0.00354928
32        1.20554      0.0035213
33         1.2062     0.00347956
34        1.20682     0.00343374
35        1.20742     0.00339063
36        1.20803     0.00335354
37        1.20865     0.00332212
38        1.20925     0.00329247
39        1.20982     0.00325839
40         1.2103     0.00321451
41        1.21069     0.00316054
42          1.211     0.00310224
43        1.21132     0.00304789
44        1.21172     0.00300533
45        1.21219     0.00297766
46        1.21271     0.00295921
47        1.21321      0.0029401
48        1.21366     0.00291457
49        1.21407     0.00288425
0        1.20082              0
1         1.2023     0.00147451
2        1.20404     0.00194359
3        1.20564     0.00210931
4        1.20684     0.00202792
5        1.20756     0.00180418
6        1.20782     0.00154676
7        1.20773     0.00134295
8        1.20742     0.00122281
9        1.20705     0.00115333
10         1.2067     0.00110078
11        1.20632     0.00107456
12        1.20576     0.00113809
13        1.20481     0.00141461
14        1.20336     0.00196455
15        1.20146     0.00264246
16        1.19951     0.00315601
17        1.19805     0.00331575
18        1.19734     0.00321481
19        1.19728     0.00305039
20         1.1976     0.00291926
21        1.19806     0.00281985
22        1.19845     0.00272356
23        1.19867      0.0026167
24        1.19865     0.00250997
25        1.19838     0.00242576
26        1.19794     0.00237517
27         1.1974      0.0023516
28        1.19682     0.00234423
29        1.19621     0.00234374
30        1.19565     0.00233635
31        1.19521     0.00230473
32        1.19498      0.0022447
33        1.19503     0.00217819
34        1.19531     0.00213386
35        1.19574     0.00211762
36        1.19622     0.00211297
37        1.19664     0.00209906
38        1.19692     0.00206401
39        1.19699     0.00201302
40         1.1968     0.00197235
41        1.19635     0.00197714
42         1.1957     0.00203793
43        1.19498     0.00211508
44        1.19438     0.00215515
45        1.19396     0.00214877
46        1.19371     0.00211672
47        1.19359     0.00207601
48        1.19353     0.00203394
49        1.19352     0.00199286
0        1.20121              0
1          1.202    0.000783933
2        1.20272    0.000852537
3        1.20334    0.000865969
4        1.20382     0.00082799
5        1.20415    0.000749702
6         1.2043    0.000650335
7        1.20425    0.000564798
8        1.20401    0.000553849
9        1.20355     0.00067343
10        1.20286    0.000920979
11        1.20191     0.00127011
12        1.20068      0.0016995
13        1.19918     0.00217007
14        1.19755     0.00259883
15          1.196     0.00288421
16        1.19474     0.00298475
17        1.19387     0.00294623
18        1.19332      0.0028418
19        1.19295     0.00272029
20        1.19267     0.00260332
21        1.19237      0.0025002
22        1.19199     0.00241897
23        1.19148     0.00237111
24        1.19081     0.00237074
25        1.18997     0.00242769
26        1.18898     0.00253646
27        1.18791     0.00267031
28        1.18683     0.00279037
29        1.18586     0.00286577
30        1.18505     0.00288693
31        1.18444     0.00286276
32          1.184     0.00280956
33         1.1837     0.00274212
34        1.18349     0.00267018
35        1.18335     0.00259883
36        1.18323      0.0025304
37        1.18311     0.00246616
38        1.18294     0.00240759
39        1.18272      0.0023573
40        1.18242     0.00231876
41        1.18204       0.002294
42        1.18162     0.00228008
43        1.18119      0.0022687
44         1.1808     0.00225065
45        1.18051     0.00222109
46        1.18032     0.00218158
47        1.18023     0.00213747
48        1.18021     0.00209345
49        1.18023     0.00205122
0        1.19917              0
1        1.19765     0.00152158
2        1.19547     0.00234974
3        1.19289     0.00306987
4        1.19027     0.00353513
5        1.18796     0.00370141
6        1.18606     0.00365544
7         1.1845     0.00353285
8        1.18314     0.00339896
9        1.18216     0.00319208
10        1.18195     0.00289562
11        1.18257     0.00271595
12        1.18373     0.00275502
13        1.18503     0.00286362
14         1.1862     0.00290961
15        1.18709     0.00286446
16        1.18767       0.002752
17        1.18795     0.00260949
18        1.18799     0.00246872
19        1.18791     0.00234329
20        1.18786     0.00222967
21        1.18794     0.00212734
22         1.1882     0.00205029
23        1.18865     0.00201276
24        1.18922     0.00201263
25        1.18984     0.00203222
26        1.19046     0.00205009
27        1.19101     0.00205105
28        1.19146     0.00203012
29        1.19181     0.00199141
30        1.19206     0.00194334
31        1.19228     0.00189343
32        1.19248     0.00184625
33        1.19269      0.0018036
34        1.19291     0.00176466
35        1.19311     0.00172686
36        1.19328     0.00168813
37        1.19341      0.0016486
38        1.19353     0.00161005
39        1.19366     0.00157506
40        1.19385     0.00154723
41         1.1941     0.00153022
42         1.1944     0.00152519
43        1.19475     0.00153064
44        1.19514      0.0015444
45        1.19554     0.00156297
46        1.19593     0.00157796
47        1.19625     0.00157769
48        1.19646     0.00155933
49        1.19659      0.0015332
0        1.20162              0
1        1.20382     0.00219984
2        1.20536     0.00199616
3        1.20561     0.00143423
4        1.20488     0.00133132
5        1.20406     0.00136198
6        1.20394     0.00115724
7        1.20465     0.00122922
8        1.20583     0.00160067
9        1.20706     0.00188685
10        1.20811     0.00200369
11        1.20895     0.00201472
12        1.20969     0.00199422
13        1.21042     0.00198573
14        1.21118     0.00199935
15        1.21195     0.00202267
16         1.2127     0.00204254
17        1.21343     0.00205834
18        1.21415      0.0020781
19         1.2149     0.00210727
20        1.21564     0.00213921
21        1.21634     0.00215427
22        1.21689     0.00213148
23        1.21722     0.00206747
24        1.21731     0.00198485
25        1.21721      0.0019093
26        1.21706     0.00184319
27        1.21696     0.00177947
28        1.21692     0.00171742
29        1.21696      0.0016598
30        1.21711     0.00161204
31        1.21736     0.00158081
32        1.21766     0.00156132
33        1.21789     0.00153229
34        1.21792     0.00148809
35        1.21768     0.00146568
36        1.21728     0.00147985
37        1.21696     0.00147716
38        1.21688     0.00144083
39        1.21708     0.00141914
40        1.21749     0.00144211
41        1.21798     0.00149015
42        1.21845     0.00153089
43        1.21886     0.00154949
44        1.21918      0.0015488
45        1.21945     0.00153827
46         1.2197     0.00152655
47        1.21998     0.00152012
48         1.2203       0.001523
49        1.22067     0.00153574
0        1.20147              0
1        1.20221    0.000741411
2        1.20278    0.000710633
3        1.20322    0.000672757
4        1.20359    0.000634843
5        1.20387    0.000588564
6        1.20402    0.000522277
7          1.204    0.000453119
8         1.2037     0.00049748
9        1.20307    0.000770726
10        1.20212      0.0011769
11        1.20098     0.00156739
12        1.19981     0.00185521
13         1.1987     0.00204806
14         1.1976      0.0021997
15        1.19648     0.00234218
16        1.19539      0.0024555
17        1.19448     0.00248715
18        1.19393     0.00241655
19        1.19382     0.00229536
20        1.19409     0.00220048
21        1.19463      0.0021667
22        1.19532      0.0021825
23        1.19608     0.00222317
24        1.19686     0.00227046
25        1.19764     0.00231437
26        1.19839     0.00234973
27         1.1991     0.00237381
28        1.19976     0.00238536
29        1.20037     0.00238385
30        1.20091      0.0023682
31        1.20136     0.00233631
32        1.20169     0.00228758
33        1.20187     0.00222665
34        1.20191     0.00216242
35        1.20181      0.0021037
36        1.20159     0.00205775
37        1.20127     0.00202776
38         1.2009     0.00200982
39         1.2005     0.00199893
40        1.20008     0.00199604
41        1.19958     0.00200936
42        1.19896     0.00205839
43        1.19815     0.00216898
44        1.19723     0.00231046
45        1.19648     0.00238226
46        1.19605     0.00236966
47        1.19589     0.00232528
48        1.19588     0.00227734
49        1.19597     0.00223313
0        1.20246              0
1        1.20373     0.00126921
2        1.20453     0.00108923
3        1.20483    0.000825627
4        1.20463    0.000671772
5        1.20395    0.000869009
6        1.20286     0.00131207
7        1.20146     0.00180992
8        1.19988     0.00223995
9        1.19838     0.00250711
10        1.19715     0.00257654
11        1.19632     0.00249591
12        1.19583     0.00234841
13        1.19554     0.00219292
14        1.19533     0.00205249
15        1.19511     0.00193251
16        1.19487      0.0018311
17        1.19465     0.00173979
18        1.19453     0.00165049
19        1.19453     0.00156581
20        1.19468     0.00149614
21        1.19491     0.00144514
22        1.19514     0.00140106
23        1.19526     0.00134666
24        1.19511     0.00130107
25        1.19457     0.00135944
26        1.19381     0.00151585
27        1.19322     0.00157422
28        1.19309     0.00152431
29        1.19337     0.00149858
30        1.19386     0.00153018
31         1.1944     0.00157676
32        1.19488      0.0016026
33        1.19525     0.00159675
34        1.19547     0.00156589
35        1.19555     0.00152408
36        1.19554     0.00148238
37        1.19548     0.00144392
38        1.19543      0.0014073
39        1.19542     0.00137175
40        1.19544     0.00133813
41         1.1955     0.00130714
42        1.19557     0.00127846
43        1.19565      0.0012514
44        1.19573     0.00122572
45        1.19581     0.00120195
46        1.19593     0.00118166
47        1.19608     0.00116743
48        1.19629     0.00116146
49        1.19653     0.00116328
0        1.20088              0
1        1.20112    0.000244578
2        1.20114    0.000141819
3        1.20099    0.000173892
4        1.20077    0.000264757
5         1.2005    0.000345717
6        1.20019    0.000420441
7        1.19984    0.000509104
8         1.1994    0.000629656
9        1.19886    0.000781399
10        1.19824     0.00093637
11        1.19763      0.0010538
12        1.19709     0.00110898
13        1.19667     0.00110748
14        1.19638     0.00107259
15        1.19616     0.00102626
16        1.19597    0.000982485
17        1.19575    0.000952259
18        1.19544    0.000951575
19        1.19501     0.00100225
20        1.19443     0.00111667
21        1.19371     0.00128286
22        1.19289     0.00147415
23        1.19201     0.00166494
24        1.19112     0.00182795
25        1.19032     0.00192966
26        1.18972     0.00195029
27         1.1894     0.00190727
28        1.18933     0.00184149
29        1.18945     0.00178324
30        1.18967     0.00173852
31         1.1899     0.00169921
32        1.19009     0.00165684
33        1.19017     0.00160977
34        1.19016      0.0015632
35        1.19006     0.00152208
36        1.18996     0.00148383
37        1.18993     0.00144458
38        1.19002     0.00140978
39        1.19023     0.00138995
40        1.19053      0.0013901
41        1.19091     0.00140753
42        1.19132     0.00143577
43        1.19176     0.00146784
44        1.19219      0.0014976
45        1.19259     0.00152025
46        1.19296     0.00153287
47        1.19328     0.00153462
48        1.19355     0.00152616
49        1.19375     0.00150851
0        1.19693              0
1        1.19419     0.00274169
2        1.19103     0.00352686
3        1.18767     0.00418393
4         1.1843     0.00467784
5        1.18114     0.00495839
6        1.17858     0.00491208
7        1.17705     0.00452105
8        1.17667     0.00400462
9        1.17716      0.0036148
10        1.17803     0.00338286
11        1.17888     0.00320373
12        1.17951     0.00301281
13        1.17986     0.00281121
14        1.17999     0.00262044
15        1.18001     0.00245128
16           1.18     0.00230259
17        1.17998     0.00217098
18        1.17993     0.00205412
19        1.17985     0.00195056
20        1.17977     0.00185702
21        1.17976     0.00177061
22        1.17988     0.00169569
23        1.18012     0.00164123
24        1.18046     0.00161196
25        1.18089     0.00160517
26        1.18135     0.00161322
27        1.18183     0.00162695
28         1.1823     0.00163796
29        1.18273     0.00163984
30         1.1831     0.00162821
31        1.18337     0.00160039
32        1.18351     0.00155702
33        1.18342     0.00151285
34        1.18301     0.00152671
35        1.18217     0.00170598
36        1.18096      0.0020501
37        1.17969     0.00236425
38         1.1787     0.00250931
39         1.1781     0.00251854
40         1.1778     0.00247429
41        1.17764     0.00242023
42        1.17748     0.00236848
43        1.17731     0.00232008
44        1.17721     0.00227031
45        1.17724     0.00222063
46         1.1774     0.00217912
47        1.17764     0.00214645
48        1.17787     0.00211515
49        1.17803     0.00207838
0        1.19455              0
1        1.18985     0.00469517
2        1.18524     0.00534997
3        1.18182     0.00509977
4        1.18039     0.00420173
5        1.18086     0.00346252
6         1.1825     0.00335678
7        1.18458     0.00357177
8        1.18661      0.0037493
9        1.18838     0.00379314
10        1.18983     0.00372366
11        1.19097     0.00358446
12        1.19185     0.00341411
13        1.19257     0.00323999
14        1.19318     0.00307868
15        1.19377     0.00293829
16        1.19435     0.00282023
17        1.19492     0.00271996
18        1.19546     0.00262941
19        1.19595     0.00254134
20        1.19636     0.00245261
21        1.19671     0.00236429
22        1.19702     0.00227991
23        1.19732     0.00220423
24        1.19768     0.00214372
25        1.19812     0.00210709
26        1.19868     0.00210303
27        1.19935     0.00213519
28        1.20012     0.00219712
29        1.20092     0.00226877
30        1.20166     0.00231616
31        1.20218     0.00230297
32        1.20228     0.00223431
33         1.2018      0.0022209
34        1.20082     0.00236854
35        1.19969     0.00256274
36        1.19875     0.00266399
37        1.19821     0.00264848
38         1.1982     0.00257972
39        1.19869      0.0025623
40        1.19953     0.00263628
41        1.20051     0.00275344
42        1.20147     0.00285324
43        1.20229     0.00290763
44        1.20296     0.00291825
45        1.20347         0.0029
46        1.20388     0.00286711
47        1.20422     0.00282751
48        1.20451     0.00278437
49        1.20476      0.0027396
0        1.20011              0
1        1.20101    0.000895095
2        1.20239     0.00147865
3          1.204     0.00191897
4        1.20565     0.00222357
5         1.2073     0.00245005
6        1.20895     0.00264996
7        1.21065     0.00285607
8        1.21245     0.00309238
9        1.21439     0.00338001
10        1.21652     0.00372592
11        1.21882      0.0041045
12        1.22119     0.00445751
13        1.22347     0.00471787
14        1.22549     0.00483493
15        1.22707     0.00478912
16        1.22805     0.00460425
17        1.22839     0.00435393
18        1.22821     0.00412198
19        1.22786      0.0039268
20        1.22763       0.003742
21        1.22765     0.00356792
22        1.22784     0.00341454
23        1.22805     0.00327567
24        1.22813     0.00314298
25        1.22799     0.00302305
26        1.22757     0.00293865
27        1.22691     0.00290785
28        1.22616     0.00290428
29        1.22556     0.00286807
30        1.22528     0.00278824
31        1.22528      0.0026997
32        1.22542     0.00262043
33        1.22558     0.00254709
34        1.22568     0.00247506
35        1.22567     0.00240534
36        1.22556     0.00234187
37        1.22539     0.00228558
38        1.22523     0.00223249
39        1.22509     0.00218003
40        1.22497     0.00212994
41        1.22478     0.00208727
42        1.22447     0.00206193
43        1.22403     0.00206101
44        1.22353     0.00207616
45        1.22303      0.0020909
46        1.22257     0.00209627
47        1.22217     0.00209118
48        1.22183     0.00207619
49        1.22156     0.00205225
0        1.20198              0
1        1.20296    0.000981516
2        1.20347    0.000762544
3        1.20349      0.0005396
4        1.20308      0.0005909
5         1.2023    0.000914694
6        1.20124     0.00130802
7        1.19998     0.00169424
8        1.19858     0.00204793
9         1.1971     0.00235816
10        1.19557     0.00262194
11        1.19403     0.00284592
12        1.19247     0.00304934
13        1.19084     0.00326245
14        1.18907     0.00351222
15        1.18719     0.00378513
16        1.18536     0.00399787
17        1.18385     0.00406027
18        1.18283     0.00397434
19        1.18228     0.00381067
20        1.18209     0.00362982
21        1.18215     0.00346155
22        1.18242     0.00331831
23        1.18284     0.00320482
24        1.18336     0.00311827
25        1.18392     0.00304713
26        1.18442     0.00297434
27        1.18476     0.00288597
28        1.18482     0.00278544
29        1.18453     0.00270703
30        1.18387     0.00270002
31        1.18297       0.002764
32        1.18207     0.00282728
33        1.18137     0.00282977
34        1.18098     0.00277538
35        1.18087     0.00269927
36        1.18097     0.00262698
37        1.18116     0.00256375
38        1.18133     0.00250309
39        1.18138      0.0024403
40        1.18124     0.00238435
41        1.18091     0.00234937
42        1.18057      0.0023197
43         1.1804     0.00227294
44        1.18045     0.00222249
45        1.18067     0.00218425
46        1.18096     0.00215743
47        1.18128     0.00213593
48        1.18159     0.00211523
49        1.18188     0.00209174
