1.8
1.80001
1.80003
1.80005
1.80008
1.80011
1.80015
1.8002
1.80025
1.80031
1.80038
1.80045
1.80053
1.80061
1.8007
1.8008
1.80091
1.80102
1.80114
1.80127
1.8014
1.80154
1.80169
1.80185
1.80202
1.80219
1.80237
1.80256
1.80276
1.80297
1.80318
1.80341
1.80364
1.80388
1.80413
1.8044
1.80467
1.80495
1.80524
1.80555
1.80586
1.80619
1.80653
1.80688
1.80724
1.80762
1.80801
1.80841
1.80883
1.80926
1.80971
1.81018
1.81066
1.81116
1.81168
1.81221
1.81277
1.81335
1.81395
1.81457
1.81521
1.81588
1.81658
1.8173
1.81805
1.81883
1.81964
1.82049
1.82137
1.82228
1.82324
1.82423
1.82526
1.82635
1.82747
1.82865
1.82988
1.83117
1.83252
1.83392
1.8354
1.83694
1.83856
1.84026
1.84203
1.8439
1.84585
1.8479
1.85005
1.85231
1.85467
1.85715
1.85974
1.86244
1.86526
1.86819
1.87122
1.87435
1.87755
1.8808
1.80303
1.80617
1.80921
1.81206
1.8146
1.81672
1.81823
1.81898
1.81879
1.81749
1.81503
1.81149
1.80713
1.80251
1.79837
1.79555
1.79476
1.79639
1.80039
1.80633
1.81346
1.82095
1.82798
1.83387
1.83823
1.84104
1.84269
1.84392
1.84571
1.84895
1.85414
1.86119
1.86947
1.87804
1.88596
1.89249
1.89718
1.8999
1.90075
1.90004
1.89817
1.89564
1.89287
1.8902
1.88781
1.88574
1.88396
1.88235
1.88079
1.87915
1.87726
1.87506
1.87268
1.87053
1.86925
1.86953
1.87191
1.87654
1.88318
1.8913
1.90021
1.90921
1.91768
1.92511
1.93114
1.93557
1.93837
1.93965
1.93963
1.93863
1.93703
1.93524
1.93367
1.93267
1.9325
1.93328
1.935
1.93751
1.9406
1.94398
1.94738
1.95056
1.95334
1.95562
1.95738
1.95867
1.95961
1.96033
1.96095
1.96155
1.96214
1.96271
1.96322
1.96366
1.96402
1.96435
1.96471
1.96515
1.96571
1.96641
1.80073
1.80161
1.80259
1.80363
1.80476
1.806
1.80739
1.80896
1.81073
1.81271
1.81487
1.81716
1.81954
1.82193
1.82426
1.82645
1.82842
1.83012
1.83146
1.8324
1.83288
1.83287
1.83236
1.83136
1.82995
1.82824
1.82639
1.82461
1.82308
1.82194
1.82122
1.82086
1.82065
1.82035
1.81966
1.81835
1.81627
1.81342
1.80998
1.80631
1.803
1.80074
1.80021
1.80188
1.80587
1.81185
1.81914
1.82688
1.83421
1.84035
1.84468
1.84672
1.84612
1.8428
1.83705
1.82977
1.8225
1.81715
1.81533
1.81766
1.82351
1.83138
1.83964
1.84691
1.85221
1.85496
1.8548
1.85158
1.84534
1.83633
1.82514
1.81271
1.80039
1.78974
1.78228
1.77908
1.78052
1.78613
1.79479
1.80506
1.81555
1.82522
1.83347
1.84008
1.84515
1.84889
1.8516
1.85353
1.85489
1.85583
1.85645
1.8568
1.85695
1.85693
1.8568
1.85661
1.8564
1.85622
1.85612
1.85614
1.80016
1.80049
1.80099
1.80165
1.80242
1.80327
1.80411
1.80485
1.80535
1.80547
1.805
1.80374
1.80145
1.79792
1.79301
1.7867
1.77922
1.77112
1.76326
1.75665
1.7522
1.75035
1.75095
1.7534
1.75691
1.76074
1.76439
1.76759
1.77018
1.77213
1.77346
1.77419
1.77437
1.77406
1.77334
1.77228
1.77098
1.76958
1.76823
1.76711
1.76645
1.76644
1.76723
1.76883
1.77115
1.77395
1.77694
1.77981
1.78232
1.78427
1.78557
1.78617
1.78608
1.78535
1.78403
1.78223
1.78004
1.77759
1.77501
1.77245
1.77002
1.76784
1.766
1.76454
1.7635
1.76286
1.76262
1.76275
1.76322
1.76403
1.76514
1.76651
1.76808
1.76978
1.77152
1.77317
1.77461
1.77568
1.77621
1.77603
1.77493
1.77275
1.7694
1.76488
1.75944
1.75354
1.74786
1.74316
1.74001
1.73865
1.73892
1.7404
1.74269
1.74551
1.7488
1.75259
1.75688
1.76153
1.7663
1.77085
1.8037
1.80684
1.80911
1.81048
1.81099
1.81071
1.80971
1.80805
1.80581
1.80308
1.80004
1.79699
1.79428
1.79225
1.79109
1.79077
1.791
1.79137
1.7915
1.79119
1.79046
1.78947
1.78846
1.78764
1.7871
1.78683
1.78671
1.78663
1.78645
1.78612
1.78563
1.785
1.78432
1.78371
1.78328
1.78317
1.78345
1.7842
1.78539
1.78698
1.78888
1.79097
1.79312
1.79524
1.79724
1.79906
1.80067
1.80205
1.80321
1.80415
1.8049
1.80546
1.80585
1.80607
1.80615
1.80606
1.80581
1.80539
1.80476
1.80392
1.80285
1.80152
1.79994
1.79813
1.79615
1.79409
1.79208
1.79026
1.78881
1.78784
1.78742
1.78755
1.78813
1.78902
1.79006
1.79109
1.79198
1.79265
1.79309
1.79331
1.79334
1.79326
1.79312
1.79299
1.7929
1.79288
1.79291
1.79297
1.79303
1.79304
1.79299
1.79289
1.79276
1.79265
1.79262
1.79268
1.79279
1.79284
1.79271
1.79222
1.79901
1.79747
1.7955
1.79331
1.7912
1.78951
1.78858
1.78861
1.78966
1.79161
1.79419
1.79704
1.79977
1.80204
1.80359
1.80425
1.80396
1.80277
1.80081
1.79826
1.79535
1.79224
1.78906
1.78586
1.78266
1.77956
1.77675
1.77454
1.77333
1.77345
1.77513
1.77836
1.78291
1.78833
1.79405
1.79952
1.8043
1.8081
1.81082
1.81253
1.81341
1.81378
1.81398
1.81436
1.81518
1.81659
1.8186
1.8211
1.8239
1.82676
1.82949
1.83191
1.83389
1.83534
1.8362
1.83641
1.83594
1.83474
1.83281
1.83013
1.82677
1.82282
1.81845
1.81396
1.80969
1.80608
1.80348
1.80213
1.802
1.80286
1.80435
1.80611
1.80797
1.80991
1.8121
1.81471
1.81785
1.8215
1.82545
1.82934
1.83275
1.83528
1.83661
1.83652
1.83494
1.83192
1.82765
1.82248
1.81689
1.81148
1.80685
1.80349
1.80161
1.8011
1.80157
1.80251
1.80349
1.80429
1.8049
1.80549
1.80061
1.80142
1.8022
1.80257
1.80213
1.80063
1.79818
1.79535
1.79315
1.79276
1.79506
1.80025
1.80767
1.81619
1.82459
1.83198
1.83782
1.84194
1.84431
1.84504
1.84422
1.84193
1.83822
1.83313
1.82668
1.81894
1.81004
1.8002
1.78981
1.77945
1.76984
1.76182
1.7562
1.75354
1.754
1.7573
1.76278
1.76964
1.77705
1.78436
1.79112
1.79705
1.80203
1.80605
1.80917
1.81147
1.81306
1.81405
1.81453
1.81457
1.81425
1.81358
1.8126
1.81129
1.80968
1.80776
1.80557
1.80317
1.80067
1.79825
1.79608
1.79435
1.7932
1.79267
1.79269
1.79306
1.79356
1.79392
1.79396
1.79355
1.79272
1.79154
1.79022
1.78898
1.78803
1.78751
1.78749
1.78792
1.78868
1.7896
1.79052
1.79132
1.79195
1.79238
1.79269
1.79295
1.79329
1.79385
1.79472
1.79594
1.79748
1.79922
1.80094
1.80237
1.80323
1.80324
1.80221
1.80004
1.7968
1.79274
1.7957
1.79144
1.78804
1.78592
1.78521
1.78576
1.7872
1.78915
1.79132
1.79357
1.79586
1.79824
1.80077
1.80342
1.80612
1.80866
1.81083
1.81243
1.81335
1.81362
1.81338
1.81284
1.81214
1.81133
1.81031
1.80899
1.80733
1.80546
1.8037
1.80242
1.80195
1.80243
1.80375
1.80562
1.80763
1.80938
1.81054
1.81088
1.81031
1.80884
1.80664
1.80399
1.8013
1.79902
1.7976
1.79734
1.79834
1.80042
1.80326
1.80643
1.80955
1.81231
1.81456
1.81621
1.81729
1.81785
1.81797
1.81773
1.81724
1.81656
1.81575
1.81487
1.81397
1.81306
1.81217
1.81132
1.81052
1.80978
1.8091
1.8085
1.80795
1.80746
1.807
1.80657
1.80613
1.80567
1.80519
1.80468
1.80416
1.80366
1.80322
1.80287
1.80268
1.80267
1.80287
1.80328
1.80388
1.80463
1.80546
1.80629
1.80702
1.80755
1.80777
1.80757
1.80688
1.80565
1.80388
1.80166
1.79919
1.79677
1.79814
1.79701
1.79701
1.79824
1.80055
1.80362
1.80705
1.81046
1.81355
1.81613
1.81808
1.81938
1.82002
1.82005
1.81951
1.81846
1.817
1.81524
1.81332
1.81139
1.80961
1.80809
1.80689
1.80599
1.80531
1.80472
1.80408
1.80326
1.80221
1.80091
1.7994
1.79779
1.79619
1.79469
1.79337
1.79229
1.79148
1.79094
1.79067
1.79067
1.79093
1.79144
1.79217
1.79311
1.79424
1.79558
1.79714
1.79893
1.80097
1.80323
1.80564
1.80808
1.81038
1.81231
1.81363
1.8141
1.81352
1.81174
1.80875
1.80476
1.8002
1.7957
1.79197
1.78957
1.78878
1.78948
1.79136
1.79404
1.7972
1.80061
1.80408
1.80747
1.81065
1.81353
1.81607
1.81824
1.82001
1.82128
1.8218
1.82114
1.81866
1.81356
1.80509
1.79314
1.77903
1.76622
1.75933
1.76137
1.77123
1.78456
1.79684
1.80555
1.81018
1.81154
1.81098
1.80998
1.8098
1.81127
1.81458
1.81943
1.80541
1.81129
1.81685
1.82177
1.82588
1.82914
1.83152
1.83304
1.83368
1.83345
1.8324
1.83064
1.82841
1.82613
1.82433
1.82358
1.82431
1.82661
1.83024
1.83466
1.83922
1.84337
1.84672
1.84907
1.8504
1.85079
1.85041
1.84945
1.84811
1.84653
1.84482
1.84298
1.84091
1.83848
1.83549
1.83185
1.82762
1.82312
1.8189
1.81564
1.8139
1.81401
1.816
1.81969
1.8248
1.83103
1.83797
1.84519
1.85222
1.85862
1.86408
1.8684
1.87146
1.87322
1.8736
1.87254
1.86988
1.86549
1.85932
1.85155
1.8428
1.83416
1.82704
1.82266
1.82148
1.82298
1.82597
1.82923
1.83195
1.83382
1.83498
1.83575
1.83645
1.83735
1.83853
1.83994
1.84145
1.84285
1.84396
1.84463
1.84478
1.84441
1.84356
1.84235
1.84091
1.83936
1.83784
1.83643
1.83519
1.83417
1.83343
1.83301
1.833
1.83345
1.83436
1.8357
1.83735
1.83913
1.84087
1.84238
1.80101
1.80163
1.80174
1.80135
1.80048
1.79917
1.79746
1.79543
1.79315
1.79073
1.78832
1.78609
1.78424
1.78296
1.78239
1.78259
1.7835
1.78499
1.78687
1.78891
1.79092
1.79277
1.79434
1.79561
1.79657
1.79726
1.79774
1.7981
1.7984
1.7987
1.79906
1.7995
1.80001
1.80055
1.80105
1.80139
1.80145
1.80107
1.80009
1.79834
1.79567
1.79199
1.78724
1.78152
1.77504
1.7682
1.76152
1.75561
1.75106
1.74822
1.74719
1.74766
1.7491
1.75081
1.75214
1.7526
1.75198
1.75035
1.74808
1.74573
1.74396
1.74331
1.74406
1.74613
1.74918
1.7527
1.75624
1.75946
1.76222
1.7645
1.76643
1.76814
1.76976
1.77139
1.77305
1.77469
1.77624
1.77758
1.77861
1.77921
1.77931
1.77885
1.77782
1.77621
1.77407
1.77146
1.76848
1.76526
1.76192
1.75859
1.75535
1.75224
1.74923
1.74627
1.74325
1.74002
1.73643
1.73243
1.72808
1.72374
1.79636
1.79411
1.79434
1.79745
1.80307
1.81019
1.81756
1.82408
1.82906
1.83226
1.83376
1.83384
1.83293
1.83146
1.82988
1.82853
1.82763
1.82728
1.82742
1.82791
1.82858
1.82924
1.82978
1.8301
1.83017
1.82997
1.82952
1.82884
1.82797
1.82694
1.8258
1.82458
1.82335
1.82216
1.82109
1.8202
1.81959
1.81929
1.81934
1.81972
1.8204
1.82129
1.82229
1.82329
1.82416
1.82481
1.82516
1.82515
1.82475
1.824
1.82296
1.82176
1.82058
1.81962
1.81909
1.81916
1.8199
1.82128
1.82319
1.82542
1.82779
1.8301
1.83222
1.83405
1.83553
1.83665
1.83739
1.83776
1.83778
1.83743
1.83676
1.83577
1.83453
1.83313
1.83168
1.83035
1.82932
1.82878
1.82886
1.82964
1.83111
1.83316
1.8356
1.83823
1.84083
1.8432
1.8452
1.84672
1.84768
1.84803
1.84774
1.8468
1.8452
1.84292
1.84001
1.83653
1.83263
1.82857
1.8247
1.82144
1.79795
1.79709
1.79761
1.79932
1.8019
1.80498
1.80822
1.8114
1.81435
1.81701
1.81934
1.82134
1.82304
1.82447
1.8257
1.82684
1.82796
1.82914
1.83044
1.83185
1.8333
1.83466
1.83574
1.8363
1.83612
1.83501
1.8329
1.82995
1.82656
1.82343
1.82133
1.82088
1.82219
1.82484
1.82799
1.83077
1.83256
1.83317
1.83286
1.83213
1.83161
1.83174
1.83267
1.83425
1.8361
1.83784
1.83918
1.84001
1.8404
1.8405
1.84053
1.8407
1.84118
1.84204
1.84333
1.845
1.84697
1.84914
1.85141
1.85369
1.8559
1.85801
1.85998
1.86183
1.86357
1.86524
1.86687
1.86851
1.87016
1.87182
1.87344
1.87496
1.87626
1.87719
1.87753
1.87708
1.87557
1.87279
1.86858
1.86296
1.85614
1.84862
1.8411
1.83433
1.82896
1.82532
1.82345
1.82313
1.824
1.82559
1.82743
1.82912
1.83034
1.83091
1.83074
1.82982
1.8282
1.82608
1.82383
1.822
1.79928
1.80008
1.8026
1.80649
1.81107
1.8156
1.81945
1.82226
1.82395
1.82459
1.82439
1.82357
1.82237
1.82097
1.81954
1.81821
1.81706
1.81614
1.81549
1.8151
1.81495
1.81501
1.81522
1.81553
1.81589
1.81625
1.81657
1.81683
1.81701
1.81711
1.81712
1.81705
1.8169
1.81669
1.81641
1.81608
1.81569
1.81523
1.81472
1.81414
1.81348
1.81272
1.81185
1.81086
1.80971
1.80837
1.80679
1.80492
1.80266
1.79992
1.7966
1.79263
1.78804
1.78305
1.77809
1.77383
1.77097
1.77003
1.77107
1.77369
1.77712
1.7806
1.78356
1.78574
1.78711
1.78783
1.78808
1.788
1.78766
1.78701
1.78598
1.78448
1.78251
1.78018
1.77772
1.77546
1.77374
1.77291
1.77317
1.77456
1.77698
1.78018
1.78388
1.78781
1.79172
1.79547
1.79894
1.80209
1.8049
1.80738
1.80954
1.81141
1.813
1.81433
1.81542
1.81627
1.81689
1.81726
1.81737
1.8172
1.7995
1.79864
1.7974
1.79572
1.79356
1.7909
1.78769
1.78394
1.77968
1.77499
1.77005
1.76517
1.76077
1.75734
1.75538
1.7553
1.75729
1.76129
1.767
1.77397
1.78167
1.7896
1.79738
1.80472
1.81146
1.81752
1.82288
1.82754
1.83152
1.83483
1.83744
1.83932
1.84038
1.84049
1.83948
1.83719
1.83344
1.82813
1.8213
1.81319
1.80434
1.79552
1.7877
1.78189
1.77897
1.77946
1.78328
1.78974
1.79776
1.80628
1.81452
1.82208
1.82884
1.83476
1.83984
1.84404
1.8473
1.84961
1.85096
1.8514
1.85105
1.85005
1.8486
1.84691
1.84519
1.84364
1.84243
1.84165
1.84136
1.84156
1.84218
1.84314
1.84432
1.84557
1.84678
1.84778
1.84844
1.84864
1.84827
1.84724
1.84557
1.84337
1.84087
1.8385
1.83673
1.83603
1.83669
1.83871
1.84178
1.84538
1.84894
1.85198
1.85418
1.85536
1.85555
1.85489
1.85366
1.85226
1.85111
1.85062
1.80049
1.80197
1.80426
1.80705
1.80996
1.81265
1.81487
1.81646
1.81736
1.81759
1.81718
1.81625
1.81489
1.81325
1.81146
1.8097
1.80812
1.80684
1.80593
1.80535
1.80498
1.80459
1.80388
1.80253
1.80023
1.79674
1.79191
1.78573
1.77841
1.77044
1.76266
1.75626
1.75253
1.75244
1.75625
1.76328
1.77223
1.78168
1.79052
1.79804
1.80394
1.80817
1.81077
1.81186
1.81157
1.81
1.80732
1.80372
1.79943
1.79474
1.78998
1.78547
1.78147
1.7781
1.77535
1.77312
1.77127
1.76971
1.76846
1.76768
1.76758
1.76846
1.77056
1.77405
1.77889
1.78485
1.7915
1.79827
1.80463
1.81015
1.81456
1.8177
1.81954
1.82007
1.8193
1.81723
1.81385
1.80916
1.80322
1.79614
1.78816
1.77961
1.77091
1.76257
1.75523
1.74964
1.74653
1.74637
1.74903
1.75381
1.75971
1.76577
1.77133
1.77607
1.77992
1.78298
1.7854
1.78734
1.78897
1.7904
1.80121
1.80243
1.80361
1.80473
1.80578
1.80671
1.8075
1.80812
1.80854
1.80876
1.80876
1.80854
1.8081
1.80742
1.80651
1.80536
1.80395
1.80227
1.80031
1.79804
1.79543
1.79244
1.78906
1.78526
1.78106
1.77654
1.77188
1.76738
1.76345
1.76054
1.75903
1.75911
1.76069
1.76342
1.76679
1.77032
1.77359
1.77633
1.7784
1.77976
1.78042
1.78039
1.77974
1.77848
1.77665
1.77427
1.77137
1.76799
1.76419
1.76004
1.75567
1.75123
1.74691
1.74295
1.73958
1.73703
1.73549
1.73504
1.73568
1.73731
1.73974
1.74277
1.74615
1.74968
1.75316
1.75644
1.75941
1.76199
1.76415
1.76587
1.76715
1.768
1.76843
1.76845
1.76805
1.76723
1.76598
1.76431
1.76221
1.75975
1.75699
1.75409
1.75122
1.74858
1.7464
1.74484
1.74405
1.7441
1.74502
1.74675
1.74921
1.75224
1.75563
1.75916
1.76257
1.76567
1.76826
1.77021
1.77143
1.77184
1.79947
1.79804
1.79575
1.79264
1.78882
1.78451
1.77995
1.77548
1.77141
1.76802
1.76544
1.76367
1.7625
1.76165
1.76079
1.75976
1.7587
1.75811
1.75878
1.76143
1.76631
1.77297
1.78049
1.78781
1.7941
1.7989
1.80209
1.80377
1.80414
1.80342
1.80185
1.79961
1.79689
1.79384
1.79062
1.78741
1.78443
1.78192
1.78012
1.77925
1.77943
1.78068
1.78289
1.78585
1.7893
1.79297
1.79661
1.80002
1.80304
1.80557
1.80753
1.80888
1.80962
1.80976
1.80932
1.80838
1.80702
1.80537
1.80359
1.80185
1.80031
1.79912
1.79837
1.79808
1.7982
1.79863
1.79922
1.79982
1.80029
1.80053
1.80047
1.80011
1.7995
1.79871
1.79791
1.79725
1.79691
1.79705
1.79775
1.79902
1.80079
1.80292
1.80525
1.80759
1.80984
1.81191
1.81382
1.81557
1.81721
1.81871
1.81999
1.82086
1.82107
1.82034
1.81848
1.81549
1.81171
1.80786
1.8049
1.80372
1.80103
1.80382
1.80741
1.81064
1.81258
1.81273
1.81107
1.80805
1.80447
1.80136
1.79971
1.80015
1.80273
1.80694
1.81196
1.81694
1.82124
1.82451
1.82663
1.82772
1.828
1.8278
1.82746
1.82727
1.82746
1.82811
1.82919
1.83057
1.83205
1.83348
1.83473
1.83578
1.83665
1.83743
1.83822
1.83913
1.84021
1.84148
1.84286
1.84425
1.84546
1.84631
1.84658
1.84611
1.84474
1.84243
1.83922
1.83531
1.83106
1.82696
1.8235
1.82109
1.81988
1.81976
1.82045
1.82161
1.82303
1.8246
1.82638
1.82846
1.83089
1.83362
1.83643
1.83894
1.84068
1.84114
1.8399
1.83669
1.83154
1.82485
1.81746
1.81055
1.8055
1.80344
1.80489
1.80962
1.81675
1.82513
1.83366
1.84149
1.84805
1.85301
1.85627
1.85791
1.85812
1.85719
1.85547
1.85332
1.8511
1.84913
1.84766
1.84686
1.84679
1.84745
1.84873
1.85047
1.8525
1.85464
1.85672
1.85863
1.80152
1.80288
1.80398
1.80487
1.80558
1.80616
1.80664
1.80706
1.80741
1.8077
1.80788
1.8079
1.80771
1.80723
1.80637
1.80505
1.8032
1.80079
1.79782
1.79441
1.79076
1.78717
1.78395
1.78134
1.7794
1.77801
1.77688
1.77571
1.77426
1.77248
1.7705
1.7686
1.76718
1.76666
1.76741
1.76968
1.77346
1.77851
1.78439
1.79058
1.79661
1.80213
1.80695
1.81103
1.8144
1.81715
1.81939
1.82123
1.82274
1.82399
1.82502
1.82587
1.82655
1.82706
1.82742
1.82762
1.82767
1.82757
1.82732
1.82688
1.8262
1.8252
1.8238
1.82193
1.81955
1.8167
1.81348
1.81005
1.80653
1.803
1.79945
1.79587
1.79229
1.78882
1.78566
1.783
1.78093
1.77936
1.7781
1.77686
1.77539
1.77346
1.77084
1.76726
1.7624
1.75607
1.74856
1.74107
1.73572
1.73479
1.73931
1.74828
1.75931
1.77002
1.77905
1.78606
1.79139
1.79556
1.79904
1.80209
1.80252
1.80486
1.80678
1.80821
1.80908
1.80936
1.80904
1.80814
1.80669
1.80473
1.8023
1.79945
1.79625
1.79278
1.78917
1.78561
1.78233
1.77961
1.77768
1.77675
1.77686
1.77791
1.77965
1.78175
1.7839
1.7858
1.78727
1.7882
1.78858
1.78849
1.78803
1.78739
1.78675
1.78632
1.78626
1.78669
1.78766
1.78912
1.79098
1.79308
1.79525
1.7973
1.79903
1.80026
1.80076
1.80031
1.79861
1.79538
1.7904
1.78369
1.77577
1.76787
1.7619
1.75978
1.76252
1.76959
1.77922
1.78935
1.79847
1.8058
1.81113
1.8146
1.81644
1.81693
1.81628
1.81469
1.81234
1.80942
1.80611
1.80266
1.79927
1.79618
1.79358
1.79162
1.79038
1.78985
1.78997
1.79062
1.79164
1.79286
1.79414
1.79534
1.79637
1.79718
1.79777
1.79814
1.79834
1.79846
1.79858
1.79881
1.79924
1.79998
1.80107
1.80251
1.80425
1.80619
1.80818
1.8101
1.81181
1.81324
1.80097
1.80166
1.80202
1.80209
1.80192
1.80157
1.80111
1.80059
1.80005
1.79951
1.79899
1.79846
1.79789
1.79725
1.79649
1.79556
1.79445
1.79315
1.79172
1.79022
1.78878
1.78752
1.78656
1.78598
1.78582
1.78604
1.78656
1.78726
1.78801
1.7887
1.78923
1.78954
1.78956
1.78925
1.78855
1.78743
1.78588
1.78388
1.78147
1.77873
1.77575
1.77264
1.76953
1.76651
1.76365
1.76098
1.75857
1.75652
1.75501
1.75431
1.75468
1.75632
1.75927
1.76337
1.76828
1.77358
1.77883
1.78367
1.78783
1.79115
1.79358
1.79509
1.79573
1.79555
1.79462
1.79302
1.79088
1.78834
1.78563
1.78302
1.78085
1.77945
1.77907
1.77986
1.78178
1.78463
1.78812
1.79193
1.79576
1.79942
1.80277
1.80575
1.80834
1.81055
1.81239
1.8139
1.81508
1.81594
1.81648
1.8167
1.81659
1.81617
1.81546
1.81449
1.81328
1.81188
1.8103
1.80851
1.80645
1.80404
1.79716
1.79362
1.7895
1.78483
1.77976
1.77444
1.76905
1.76374
1.75861
1.75381
1.7496
1.74639
1.74468
1.74492
1.74732
1.75167
1.75739
1.76367
1.76973
1.7749
1.77881
1.7813
1.78242
1.78236
1.78136
1.7797
1.77767
1.77555
1.77358
1.77195
1.7708
1.77013
1.76983
1.76974
1.76964
1.76939
1.76891
1.76826
1.76759
1.76712
1.76705
1.76753
1.76863
1.77028
1.77238
1.77475
1.77724
1.77972
1.78208
1.78428
1.78627
1.78803
1.78955
1.79082
1.79182
1.79255
1.793
1.79316
1.79303
1.79258
1.7918
1.79062
1.78898
1.78675
1.78375
1.77976
1.77445
1.76753
1.7587
1.74791
1.73552
1.72256
1.71074
1.7021
1.69833
1.7
1.70644
1.71602
1.72682
1.73714
1.74574
1.75197
1.75565
1.75707
1.75683
1.75582
1.75501
1.7553
1.7572
1.76073
1.76542
1.77056
1.77545
1.77952
1.78243
1.78402
1.78423
1.78306
1.78054
1.7767
1.795
1.78865
1.78149
1.77399
1.76691
1.76115
1.75764
1.75705
1.75949
1.7645
1.77116
1.77844
1.78546
1.79165
1.79671
1.8006
1.8034
1.80524
1.8063
1.80672
1.80666
1.80625
1.8056
1.80484
1.80407
1.80338
1.80287
1.80259
1.80259
1.80287
1.8034
1.80414
1.80499
1.80586
1.80666
1.80731
1.80775
1.80794
1.80789
1.80764
1.80723
1.80674
1.80624
1.80584
1.80562
1.80568
1.80612
1.80699
1.80835
1.8102
1.81251
1.81521
1.81821
1.82139
1.82466
1.82787
1.83091
1.83357
1.83564
1.83682
1.83673
1.83495
1.83097
1.8243
1.81458
1.80181
1.7867
1.77082
1.75651
1.74604
1.74062
1.74016
1.74382
1.75088
1.76098
1.77377
1.78861
1.80443
1.81992
1.83386
1.84536
1.85398
1.85964
1.86256
1.86309
1.86165
1.85873
1.8548
1.85035
1.84584
1.84168
1.83811
1.83524
1.83299
1.83121
1.82969
1.8283
1.82701
1.82592
1.8252
1.79987
1.80046
1.80183
1.80387
1.80637
1.80911
1.81189
1.81459
1.81717
1.81964
1.82207
1.82451
1.82701
1.82962
1.83236
1.8353
1.83847
1.84193
1.84573
1.84989
1.85437
1.85907
1.86383
1.86843
1.87264
1.87622
1.87895
1.88064
1.88112
1.88026
1.87795
1.87414
1.86888
1.86235
1.85495
1.84735
1.84039
1.83499
1.83187
1.8313
1.83301
1.83629
1.84024
1.84404
1.84708
1.84897
1.84956
1.84881
1.84677
1.84353
1.83922
1.83403
1.82818
1.82202
1.81608
1.81111
1.80799
1.8075
1.80996
1.81502
1.82171
1.82882
1.83528
1.84041
1.84394
1.8459
1.84647
1.8459
1.84443
1.84228
1.83964
1.83675
1.83386
1.83128
1.82933
1.82822
1.82803
1.82857
1.82948
1.83024
1.83035
1.8294
1.8272
1.82378
1.81943
1.81463
1.80996
1.80597
1.80305
1.80134
1.80075
1.801
1.8018
1.8029
1.80418
1.80562
1.80727
1.80917
1.81129
1.81352
1.80202
1.80392
1.80542
1.80641
1.80682
1.80666
1.80594
1.80473
1.8031
1.80112
1.79886
1.79638
1.79374
1.79099
1.78817
1.78532
1.78247
1.77966
1.77692
1.77427
1.77172
1.76926
1.76685
1.76444
1.76193
1.75919
1.75612
1.75262
1.74868
1.74445
1.74028
1.73671
1.73441
1.73394
1.73554
1.73903
1.74388
1.74941
1.75502
1.76032
1.76515
1.7695
1.77348
1.77719
1.78072
1.7841
1.78731
1.79026
1.79286
1.79495
1.79641
1.79707
1.79679
1.79542
1.79281
1.78882
1.78339
1.77655
1.76846
1.75953
1.75038
1.74188
1.73497
1.73049
1.72897
1.73047
1.73459
1.74063
1.74779
1.75529
1.76251
1.76899
1.77442
1.77861
1.78143
1.78281
1.78267
1.78096
1.77764
1.77276
1.76662
1.75987
1.75361
1.74925
1.74801
1.75038
1.75583
1.76308
1.77072
1.77767
1.78336
1.78767
1.79072
1.79276
1.79404
1.79475
1.79503
1.79488
1.79425
1.79299
