1.2
1.20001
1.20002
1.20003
1.20005
1.20007
1.2001
1.20013
1.20017
1.20021
1.20025
1.2003
1.20035
1.20041
1.20047
1.20054
1.20061
1.20068
1.20076
1.20085
1.20094
1.20103
1.20113
1.20123
1.20134
1.20146
1.20158
1.20171
1.20184
1.20198
1.20212
1.20227
1.20243
1.20259
1.20276
1.20293
1.20311
1.2033
1.2035
1.2037
1.20391
1.20413
1.20435
1.20458
1.20483
1.20508
1.20534
1.20561
1.20589
1.20617
1.20647
1.20678
1.20711
1.20744
1.20778
1.20814
1.20851
1.2089
1.2093
1.20971
1.21014
1.21059
1.21105
1.21153
1.21203
1.21255
1.2131
1.21366
1.21424
1.21485
1.21549
1.21615
1.21684
1.21756
1.21832
1.2191
1.21992
1.22078
1.22168
1.22262
1.2236
1.22463
1.22571
1.22684
1.22802
1.22926
1.23057
1.23194
1.23337
1.23487
1.23645
1.2381
1.23982
1.24163
1.24351
1.24546
1.24748
1.24956
1.2517
1.25386
1.20202
1.20411
1.20614
1.20804
1.20974
1.21114
1.21216
1.21266
1.21252
1.21166
1.21002
1.20766
1.20476
1.20167
1.19892
1.19703
1.19651
1.19759
1.20026
1.20422
1.20898
1.21397
1.21865
1.22258
1.22549
1.22736
1.22846
1.22928
1.23047
1.23263
1.23609
1.24079
1.24631
1.25203
1.25731
1.26166
1.26479
1.2666
1.26717
1.26669
1.26545
1.26376
1.26191
1.26013
1.25854
1.25716
1.25597
1.2549
1.25386
1.25277
1.25151
1.25004
1.24846
1.24702
1.24616
1.24636
1.24794
1.25103
1.25545
1.26086
1.2668
1.27281
1.27846
1.28341
1.28743
1.29038
1.29225
1.2931
1.29309
1.29242
1.29135
1.29016
1.28911
1.28844
1.28833
1.28885
1.29
1.29168
1.29373
1.29599
1.29826
1.30037
1.30223
1.30375
1.30492
1.30578
1.30641
1.30689
1.3073
1.3077
1.30809
1.30847
1.30882
1.30911
1.30935
1.30957
1.3098
1.3101
1.31047
1.31094
1.20049
1.20108
1.20172
1.20242
1.20318
1.204
1.20493
1.20597
1.20715
1.20847
1.20991
1.21144
1.21303
1.21462
1.21617
1.21763
1.21895
1.22008
1.22097
1.2216
1.22192
1.22191
1.22157
1.22091
1.21997
1.21883
1.2176
1.21641
1.21539
1.21462
1.21415
1.21391
1.21377
1.21357
1.21311
1.21223
1.21085
1.20895
1.20665
1.20421
1.202
1.20049
1.20014
1.20125
1.20391
1.2079
1.21276
1.21792
1.2228
1.2269
1.22979
1.23115
1.23075
1.22853
1.2247
1.21985
1.215
1.21143
1.21022
1.21178
1.21567
1.22092
1.22643
1.23127
1.23481
1.23664
1.23653
1.23439
1.23023
1.22422
1.21676
1.20847
1.20026
1.19316
1.18819
1.18606
1.18701
1.19075
1.19653
1.20337
1.21037
1.21682
1.22231
1.22672
1.2301
1.23259
1.2344
1.23569
1.2366
1.23722
1.23763
1.23787
1.23796
1.23795
1.23787
1.23774
1.2376
1.23748
1.23741
1.23743
1.20011
1.20033
1.20066
1.2011
1.20161
1.20218
1.20274
1.20323
1.20357
1.20364
1.20333
1.20249
1.20097
1.19861
1.19534
1.19113
1.18615
1.18075
1.17551
1.1711
1.16813
1.1669
1.1673
1.16894
1.17127
1.17382
1.17626
1.17839
1.18012
1.18142
1.18231
1.18279
1.18291
1.18271
1.18222
1.18152
1.18066
1.17972
1.17882
1.17808
1.17763
1.17763
1.17815
1.17922
1.18077
1.18263
1.18463
1.18654
1.18821
1.18951
1.19038
1.19078
1.19072
1.19023
1.18936
1.18815
1.18669
1.18506
1.18334
1.18163
1.18001
1.17856
1.17733
1.17636
1.17566
1.17524
1.17508
1.17516
1.17548
1.17602
1.17676
1.17767
1.17872
1.17986
1.18101
1.18212
1.18307
1.18379
1.18414
1.18402
1.18329
1.18184
1.1796
1.17659
1.17296
1.16903
1.16524
1.16211
1.16001
1.1591
1.15928
1.16027
1.16179
1.16367
1.16587
1.16839
1.17125
1.17436
1.17753
1.18057
1.20247
1.20456
1.20607
1.20699
1.20733
1.20714
1.20647
1.20537
1.20387
1.20205
1.20003
1.198
1.19619
1.19483
1.19406
1.19385
1.194
1.19424
1.19433
1.19413
1.19364
1.19298
1.19231
1.19176
1.1914
1.19122
1.19114
1.19108
1.19097
1.19075
1.19042
1.19
1.18955
1.18914
1.18885
1.18878
1.18897
1.18946
1.19026
1.19132
1.19259
1.19398
1.19541
1.19683
1.19816
1.19937
1.20044
1.20137
1.20214
1.20277
1.20326
1.20364
1.2039
1.20405
1.2041
1.20404
1.20388
1.20359
1.20318
1.20262
1.2019
1.20101
1.19996
1.19875
1.19743
1.19606
1.19472
1.19351
1.19254
1.19189
1.19161
1.1917
1.19209
1.19268
1.19337
1.19406
1.19465
1.1951
1.1954
1.19554
1.19556
1.1955
1.19541
1.19533
1.19527
1.19525
1.19527
1.19532
1.19535
1.19536
1.19533
1.19526
1.19517
1.1951
1.19508
1.19512
1.19519
1.19523
1.19514
1.19481
1.19934
1.19831
1.197
1.19554
1.19413
1.19301
1.19239
1.19241
1.19311
1.19441
1.19613
1.19803
1.19985
1.20136
1.20239
1.20283
1.20264
1.20185
1.20054
1.19884
1.1969
1.19483
1.19271
1.19057
1.18844
1.18637
1.1845
1.18303
1.18222
1.1823
1.18342
1.18557
1.18861
1.19222
1.19603
1.19968
1.20287
1.2054
1.20722
1.20835
1.20894
1.20919
1.20932
1.20957
1.21012
1.21106
1.2124
1.21407
1.21593
1.21784
1.21966
1.22127
1.22259
1.22356
1.22413
1.22428
1.22396
1.22316
1.22187
1.22009
1.21785
1.21521
1.2123
1.2093
1.20646
1.20405
1.20232
1.20142
1.20133
1.20191
1.2029
1.20407
1.20531
1.20661
1.20807
1.2098
1.2119
1.21433
1.21696
1.21956
1.22183
1.22352
1.2244
1.22434
1.22329
1.22128
1.21843
1.21499
1.21126
1.20765
1.20457
1.20233
1.20108
1.20074
1.20105
1.20167
1.20233
1.20286
1.20327
1.20366
1.2004
1.20094
1.20146
1.20171
1.20142
1.20042
1.19878
1.1969
1.19543
1.19517
1.19671
1.20016
1.20512
1.21079
1.2164
1.22132
1.22522
1.22796
1.22954
1.23003
1.22948
1.22795
1.22548
1.22208
1.21779
1.21263
1.20669
1.20013
1.19321
1.1863
1.17989
1.17455
1.1708
1.16903
1.16933
1.17153
1.17519
1.17976
1.1847
1.18957
1.19408
1.19803
1.20135
1.20403
1.20611
1.20764
1.20871
1.20936
1.20968
1.20972
1.2095
1.20905
1.2084
1.20753
1.20645
1.20517
1.20371
1.20211
1.20045
1.19883
1.19738
1.19623
1.19547
1.19512
1.19513
1.19538
1.19571
1.19595
1.19597
1.1957
1.19514
1.19436
1.19348
1.19265
1.19202
1.19167
1.19166
1.19195
1.19245
1.19306
1.19368
1.19422
1.19463
1.19492
1.19512
1.1953
1.19553
1.1959
1.19648
1.19729
1.19832
1.19948
1.20062
1.20158
1.20215
1.20216
1.20147
1.20003
1.19787
1.19516
1.19713
1.19429
1.19203
1.19061
1.19014
1.1905
1.19146
1.19277
1.19421
1.19571
1.19724
1.19883
1.20051
1.20228
1.20408
1.20577
1.20722
1.20829
1.2089
1.20908
1.20892
1.20856
1.2081
1.20755
1.20688
1.20599
1.20489
1.20364
1.20246
1.20161
1.2013
1.20162
1.2025
1.20375
1.20509
1.20626
1.20703
1.20726
1.20687
1.20589
1.20443
1.20266
1.20086
1.19934
1.1984
1.19823
1.19889
1.20028
1.20218
1.20429
1.20636
1.20821
1.20971
1.21081
1.21153
1.2119
1.21198
1.21182
1.21149
1.21104
1.2105
1.20992
1.20931
1.2087
1.20811
1.20755
1.20701
1.20652
1.20607
1.20566
1.2053
1.20497
1.20467
1.20438
1.20409
1.20378
1.20346
1.20312
1.20277
1.20244
1.20214
1.20192
1.20179
1.20178
1.20191
1.20219
1.20259
1.20309
1.20364
1.2042
1.20468
1.20503
1.20518
1.20505
1.20459
1.20377
1.20258
1.2011
1.19946
1.19785
1.19876
1.19801
1.19801
1.19883
1.20037
1.20241
1.2047
1.20698
1.20904
1.21075
1.21206
1.21292
1.21335
1.21337
1.213
1.21231
1.21133
1.21016
1.20888
1.20759
1.20641
1.20539
1.20459
1.20399
1.20354
1.20315
1.20272
1.20218
1.20147
1.2006
1.1996
1.19853
1.19746
1.19646
1.19558
1.19486
1.19432
1.19396
1.19378
1.19378
1.19395
1.19429
1.19478
1.19541
1.19616
1.19705
1.19809
1.19929
1.20065
1.20215
1.20376
1.20539
1.20692
1.2082
1.20909
1.2094
1.20901
1.20782
1.20584
1.20318
1.20013
1.19713
1.19465
1.19305
1.19252
1.19299
1.19424
1.19603
1.19813
1.20041
1.20272
1.20498
1.2071
1.20902
1.21071
1.21216
1.21334
1.21418
1.21453
1.21409
1.21244
1.20904
1.2034
1.19542
1.18602
1.17748
1.17289
1.17425
1.18082
1.18971
1.1979
1.2037
1.20679
1.20769
1.20732
1.20665
1.20653
1.20751
1.20972
1.21295
1.20361
1.20753
1.21123
1.21451
1.21725
1.21943
1.22102
1.22203
1.22245
1.2223
1.2216
1.22042
1.21894
1.21742
1.21622
1.21572
1.2162
1.21774
1.22016
1.2231
1.22615
1.22892
1.23115
1.23272
1.2336
1.23386
1.23361
1.23297
1.23207
1.23102
1.22988
1.22865
1.22728
1.22565
1.22366
1.22123
1.21842
1.21542
1.2126
1.21042
1.20927
1.20934
1.21067
1.21313
1.21654
1.22068
1.22531
1.23013
1.23481
1.23908
1.24272
1.2456
1.24764
1.24881
1.24907
1.24836
1.24658
1.24366
1.23954
1.23437
1.22853
1.22277
1.21803
1.21511
1.21432
1.21532
1.21731
1.21949
1.2213
1.22255
1.22332
1.22383
1.2243
1.2249
1.22568
1.22663
1.22763
1.22857
1.22931
1.22976
1.22986
1.22961
1.22904
1.22823
1.22727
1.22624
1.22523
1.22429
1.22346
1.22278
1.22228
1.22201
1.222
1.2223
1.22291
1.2238
1.2249
1.22609
1.22725
1.22825
1.20067
1.20108
1.20116
1.2009
1.20032
1.19944
1.19831
1.19695
1.19543
1.19382
1.19221
1.19072
1.18949
1.18864
1.18826
1.18839
1.189
1.19
1.19124
1.19261
1.19395
1.19518
1.19623
1.19707
1.19771
1.19817
1.1985
1.19873
1.19893
1.19913
1.19937
1.19967
1.20001
1.20037
1.2007
1.20093
1.20097
1.20072
1.20006
1.19889
1.19712
1.19466
1.1915
1.18768
1.18336
1.1788
1.17434
1.17041
1.16737
1.16548
1.16479
1.16511
1.16607
1.16721
1.16809
1.1684
1.16798
1.1669
1.16539
1.16382
1.16264
1.16221
1.1627
1.16409
1.16612
1.16847
1.17083
1.17297
1.17481
1.17634
1.17762
1.17876
1.17984
1.18093
1.18203
1.18313
1.18416
1.18506
1.18574
1.18614
1.1862
1.1859
1.18521
1.18414
1.18271
1.18097
1.17899
1.17684
1.17462
1.1724
1.17023
1.16816
1.16615
1.16418
1.16217
1.16001
1.15762
1.15495
1.15205
1.14916
1.19758
1.19607
1.19623
1.1983
1.20204
1.20679
1.21171
1.21605
1.21938
1.22151
1.22251
1.22256
1.22195
1.22097
1.21992
1.21902
1.21842
1.21819
1.21828
1.21861
1.21905
1.2195
1.21985
1.22007
1.22011
1.21998
1.21968
1.21923
1.21865
1.21796
1.2172
1.21639
1.21557
1.21477
1.21406
1.21347
1.21306
1.21286
1.21289
1.21315
1.2136
1.2142
1.21486
1.21552
1.21611
1.21654
1.21677
1.21676
1.2165
1.216
1.21531
1.21451
1.21372
1.21308
1.21273
1.21277
1.21327
1.21419
1.21546
1.21695
1.21853
1.22007
1.22148
1.2227
1.22369
1.22443
1.22493
1.22518
1.22518
1.22496
1.2245
1.22385
1.22302
1.22209
1.22112
1.22023
1.21955
1.21918
1.21924
1.21976
1.22074
1.22211
1.22373
1.22549
1.22722
1.2288
1.23013
1.23114
1.23178
1.23202
1.23183
1.2312
1.23013
1.22862
1.22667
1.22435
1.22176
1.21905
1.21647
1.21429
1.19864
1.19806
1.1984
1.19955
1.20127
1.20332
1.20548
1.2076
1.20957
1.21134
1.2129
1.21423
1.21536
1.21631
1.21714
1.21789
1.21864
1.21943
1.22029
1.22123
1.2222
1.22311
1.22383
1.2242
1.22408
1.22334
1.22194
1.21997
1.21771
1.21562
1.21422
1.21392
1.21479
1.21656
1.21866
1.22051
1.2217
1.22212
1.2219
1.22142
1.22107
1.22116
1.22178
1.22283
1.22407
1.22522
1.22612
1.22668
1.22693
1.227
1.22702
1.22714
1.22745
1.22803
1.22889
1.23
1.23131
1.23276
1.23427
1.23579
1.23727
1.23867
1.23999
1.24122
1.24238
1.24349
1.24458
1.24567
1.24677
1.24788
1.24896
1.24998
1.25084
1.25146
1.25169
1.25138
1.25038
1.24852
1.24572
1.24197
1.23743
1.23241
1.2274
1.22289
1.21931
1.21688
1.21563
1.21542
1.216
1.21706
1.21829
1.21941
1.22023
1.22061
1.22049
1.21988
1.2188
1.21739
1.21589
1.21467
1.19952
1.20005
1.20173
1.20432
1.20738
1.2104
1.21297
1.21484
1.21597
1.21639
1.21626
1.21571
1.21491
1.21398
1.21303
1.21214
1.21137
1.21076
1.21033
1.21007
1.20997
1.21001
1.21015
1.21036
1.21059
1.21083
1.21105
1.21122
1.21134
1.21141
1.21141
1.21137
1.21127
1.21113
1.21094
1.21072
1.21046
1.21016
1.20981
1.20943
1.20898
1.20848
1.2079
1.20724
1.20647
1.20558
1.20453
1.20328
1.20178
1.19995
1.19773
1.19509
1.19203
1.1887
1.18539
1.18255
1.18064
1.18002
1.18072
1.18246
1.18475
1.18707
1.18904
1.19049
1.19141
1.19188
1.19205
1.192
1.19177
1.19134
1.19065
1.18965
1.18834
1.18679
1.18515
1.18364
1.1825
1.18194
1.18211
1.18304
1.18465
1.18679
1.18926
1.19187
1.19448
1.19698
1.19929
1.20139
1.20327
1.20492
1.20636
1.2076
1.20867
1.20955
1.21028
1.21085
1.21126
1.21151
1.21158
1.21147
1.19967
1.1991
1.19826
1.19714
1.19571
1.19393
1.1918
1.1893
1.18645
1.18332
1.18004
1.17678
1.17385
1.17156
1.17025
1.1702
1.17152
1.17419
1.178
1.18265
1.18778
1.19307
1.19825
1.20315
1.20764
1.21168
1.21525
1.21836
1.22101
1.22322
1.22496
1.22622
1.22692
1.22699
1.22632
1.2248
1.2223
1.21876
1.2142
1.2088
1.20289
1.19701
1.1918
1.18793
1.18598
1.18631
1.18886
1.19316
1.19851
1.20418
1.20968
1.21472
1.21923
1.22317
1.22656
1.22936
1.23154
1.23307
1.23397
1.23427
1.23403
1.23337
1.2324
1.23127
1.23013
1.22909
1.22828
1.22777
1.22757
1.22771
1.22812
1.22876
1.22954
1.23038
1.23118
1.23185
1.2323
1.23243
1.23218
1.2315
1.23038
1.22891
1.22725
1.22567
1.22448
1.22402
1.22446
1.22581
1.22785
1.23025
1.23263
1.23466
1.23612
1.23691
1.23703
1.23659
1.23578
1.23484
1.23408
1.23375
1.20033
1.20131
1.20284
1.2047
1.20664
1.20844
1.20991
1.21097
1.21158
1.21172
1.21146
1.21083
1.20993
1.20883
1.20764
1.20647
1.20541
1.20456
1.20395
1.20357
1.20332
1.20306
1.20259
1.20168
1.20015
1.19783
1.1946
1.19048
1.1856
1.18029
1.17511
1.17084
1.16835
1.16829
1.17083
1.17552
1.18148
1.18779
1.19368
1.19869
1.20263
1.20544
1.20718
1.20791
1.20771
1.20667
1.20488
1.20248
1.19962
1.19649
1.19332
1.19032
1.18765
1.1854
1.18357
1.18208
1.18085
1.17981
1.17898
1.17845
1.17839
1.17897
1.18038
1.1827
1.18593
1.1899
1.19433
1.19885
1.20309
1.20677
1.20971
1.2118
1.21303
1.21338
1.21287
1.21148
1.20923
1.20611
1.20214
1.19743
1.19211
1.18641
1.1806
1.17504
1.17015
1.16642
1.16436
1.16424
1.16602
1.16921
1.17314
1.17718
1.18089
1.18405
1.18662
1.18865
1.19026
1.19156
1.19264
1.1936
1.2008
1.20162
1.2024
1.20315
1.20385
1.20447
1.205
1.20541
1.20569
1.20584
1.20584
1.2057
1.2054
1.20495
1.20434
1.20357
1.20263
1.20151
1.20021
1.19869
1.19695
1.19496
1.19271
1.19017
1.18737
1.18436
1.18126
1.17825
1.17563
1.17369
1.17269
1.17274
1.1738
1.17561
1.17786
1.18021
1.18239
1.18422
1.1856
1.18651
1.18694
1.18693
1.18649
1.18565
1.18443
1.18285
1.18091
1.17866
1.17613
1.17336
1.17045
1.16749
1.16461
1.16197
1.15972
1.15802
1.15699
1.15669
1.15712
1.15821
1.15983
1.16185
1.1641
1.16645
1.16877
1.17096
1.17294
1.17466
1.1761
1.17724
1.1781
1.17867
1.17895
1.17896
1.1787
1.17815
1.17732
1.1762
1.17481
1.17316
1.17133
1.1694
1.16748
1.16572
1.16426
1.16322
1.1627
1.16273
1.16334
1.1645
1.16614
1.16816
1.17042
1.17277
1.17505
1.17711
1.17884
1.18014
1.18095
1.18123
1.19965
1.1987
1.19717
1.19509
1.19255
1.18967
1.18664
1.18365
1.18094
1.17868
1.17696
1.17578
1.175
1.17443
1.17386
1.17318
1.17247
1.17207
1.17252
1.17429
1.17754
1.18198
1.18699
1.19187
1.19607
1.19927
1.2014
1.20251
1.20276
1.20228
1.20123
1.19974
1.19793
1.19589
1.19375
1.19161
1.18962
1.18795
1.18675
1.18616
1.18628
1.18712
1.18859
1.19057
1.19287
1.19531
1.19774
1.20001
1.20203
1.20371
1.20502
1.20592
1.20642
1.20651
1.20621
1.20558
1.20468
1.20358
1.20239
1.20123
1.20021
1.19942
1.19892
1.19872
1.1988
1.19909
1.19948
1.19988
1.20019
1.20035
1.20032
1.20008
1.19966
1.19914
1.19861
1.19817
1.19794
1.19803
1.1985
1.19935
1.20053
1.20195
1.2035
1.20506
1.20656
1.20794
1.20921
1.21038
1.21147
1.21247
1.21333
1.21391
1.21405
1.21356
1.21232
1.21033
1.20781
1.20524
1.20327
1.20248
1.20069
1.20255
1.20494
1.20709
1.20839
1.20849
1.20738
1.20537
1.20298
1.20091
1.19981
1.2001
1.20182
1.20463
1.20797
1.21129
1.21416
1.21634
1.21775
1.21848
1.21867
1.21854
1.2183
1.21818
1.21831
1.21874
1.21946
1.22038
1.22137
1.22232
1.22316
1.22385
1.22444
1.22495
1.22548
1.22608
1.22681
1.22765
1.22858
1.2295
1.23031
1.23087
1.23106
1.23074
1.22983
1.22829
1.22615
1.22354
1.22071
1.21797
1.21567
1.21406
1.21325
1.21317
1.21363
1.21441
1.21535
1.2164
1.21759
1.21897
1.22059
1.22242
1.22429
1.22596
1.22712
1.22743
1.2266
1.22446
1.22103
1.21657
1.21164
1.20704
1.20367
1.20229
1.20326
1.20641
1.21117
1.21675
1.22244
1.22766
1.23203
1.23534
1.23751
1.2386
1.23874
1.23813
1.23698
1.23555
1.23407
1.23275
1.23177
1.23124
1.23119
1.23163
1.23248
1.23365
1.235
1.23643
1.23781
1.23909
1.20102
1.20192
1.20266
1.20325
1.20372
1.2041
1.20443
1.2047
1.20494
1.20513
1.20525
1.20527
1.20514
1.20482
1.20425
1.20337
1.20214
1.20052
1.19855
1.19627
1.19384
1.19144
1.1893
1.18756
1.18627
1.18534
1.18459
1.1838
1.18284
1.18165
1.18033
1.17907
1.17812
1.17777
1.17827
1.17978
1.18231
1.18568
1.1896
1.19372
1.19774
1.20142
1.20463
1.20735
1.2096
1.21144
1.21293
1.21415
1.21516
1.21599
1.21668
1.21725
1.2177
1.21804
1.21828
1.21841
1.21844
1.21838
1.21821
1.21792
1.21746
1.2168
1.21587
1.21462
1.21303
1.21113
1.20899
1.2067
1.20436
1.202
1.19963
1.19725
1.19486
1.19255
1.19044
1.18867
1.18729
1.18624
1.1854
1.18457
1.18359
1.1823
1.18056
1.17818
1.17494
1.17071
1.16571
1.16071
1.15715
1.15652
1.15954
1.16552
1.17287
1.18002
1.18603
1.19071
1.19426
1.19704
1.19936
1.2014
1.20168
1.20324
1.20452
1.20547
1.20605
1.20624
1.20602
1.20542
1.20446
1.20315
1.20153
1.19963
1.1975
1.19519
1.19278
1.19041
1.18822
1.1864
1.18512
1.1845
1.18458
1.18527
1.18643
1.18784
1.18927
1.19053
1.19151
1.19213
1.19239
1.19232
1.19202
1.19159
1.19117
1.19088
1.19084
1.19113
1.19177
1.19275
1.19399
1.19539
1.19683
1.1982
1.19935
1.20017
1.20051
1.2002
1.19907
1.19692
1.1936
1.18913
1.18385
1.17858
1.1746
1.17319
1.17502
1.17973
1.18614
1.1929
1.19898
1.20387
1.20742
1.20973
1.21096
1.21129
1.21085
1.20979
1.20823
1.20628
1.20408
1.20177
1.19951
1.19745
1.19572
1.19442
1.19359
1.19323
1.19331
1.19375
1.19443
1.19524
1.19609
1.19689
1.19758
1.19812
1.19851
1.19876
1.1989
1.19897
1.19905
1.1992
1.1995
1.19999
1.20071
1.20167
1.20283
1.20412
1.20545
1.20673
1.20788
1.20883
1.20065
1.20111
1.20135
1.20139
1.20128
1.20105
1.20074
1.20039
1.20003
1.19968
1.19932
1.19897
1.19859
1.19817
1.19766
1.19704
1.1963
1.19543
1.19448
1.19348
1.19252
1.19168
1.19104
1.19065
1.19055
1.1907
1.19104
1.19151
1.19201
1.19246
1.19282
1.19303
1.19304
1.19283
1.19237
1.19162
1.19059
1.18925
1.18765
1.18582
1.18383
1.18176
1.17969
1.17768
1.17577
1.17399
1.17238
1.17101
1.17001
1.16954
1.16978
1.17088
1.17285
1.17558
1.17885
1.18238
1.18589
1.18911
1.19189
1.1941
1.19572
1.19673
1.19715
1.19703
1.19641
1.19535
1.19392
1.19223
1.19042
1.18868
1.18723
1.1863
1.18605
1.18657
1.18785
1.18975
1.19208
1.19462
1.19718
1.19961
1.20185
1.20383
1.20556
1.20703
1.20826
1.20927
1.21006
1.21063
1.21099
1.21113
1.21106
1.21078
1.21031
1.20966
1.20886
1.20792
1.20687
1.20567
1.2043
1.20269
1.19811
1.19575
1.193
1.18989
1.1865
1.18296
1.17937
1.17583
1.17241
1.16921
1.1664
1.16426
1.16312
1.16328
1.16488
1.16778
1.17159
1.17578
1.17982
1.18327
1.18587
1.18753
1.18828
1.18824
1.18757
1.18647
1.18512
1.1837
1.18238
1.1813
1.18053
1.18008
1.17989
1.17982
1.17976
1.17959
1.17927
1.17884
1.17839
1.17808
1.17803
1.17836
1.17909
1.18019
1.18159
1.18317
1.18483
1.18648
1.18806
1.18952
1.19085
1.19202
1.19304
1.19388
1.19455
1.19503
1.19533
1.19544
1.19535
1.19505
1.19453
1.19375
1.19265
1.19117
1.18917
1.1865
1.18297
1.17835
1.17247
1.16527
1.15702
1.14838
1.14049
1.13474
1.13222
1.13333
1.13763
1.14401
1.15122
1.15809
1.16383
1.16798
1.17043
1.17138
1.17122
1.17055
1.17001
1.1702
1.17147
1.17382
1.17695
1.18038
1.18363
1.18635
1.18829
1.18935
1.18948
1.18871
1.18703
1.18447
1.19666
1.19244
1.18766
1.18266
1.17794
1.1741
1.17176
1.17136
1.17299
1.17633
1.18077
1.18563
1.19031
1.19443
1.19781
1.2004
1.20227
1.20349
1.2042
1.20448
1.20444
1.20416
1.20373
1.20323
1.20271
1.20225
1.20191
1.20173
1.20172
1.20191
1.20227
1.20276
1.20333
1.20391
1.20444
1.20487
1.20516
1.20529
1.20526
1.20509
1.20482
1.20449
1.20416
1.20389
1.20375
1.20379
1.20408
1.20466
1.20557
1.2068
1.20834
1.21014
1.21214
1.21426
1.21644
1.21858
1.2206
1.22238
1.22376
1.22454
1.22449
1.2233
1.22065
1.2162
1.20972
1.20121
1.19113
1.18055
1.17101
1.16402
1.16042
1.1601
1.16255
1.16726
1.17398
1.18251
1.1924
1.20295
1.21328
1.22257
1.23024
1.23599
1.23976
1.24171
1.24206
1.2411
1.23915
1.23653
1.23356
1.23056
1.22778
1.22541
1.22349
1.222
1.22081
1.2198
1.21887
1.21801
1.21728
1.2168
1.19991
1.20031
1.20122
1.20258
1.20425
1.20608
1.20793
1.20973
1.21144
1.21309
1.21471
1.21634
1.21801
1.21974
1.22158
1.22353
1.22564
1.22795
1.23049
1.23326
1.23625
1.23938
1.24255
1.24562
1.24843
1.25081
1.25263
1.25376
1.25408
1.25351
1.25197
1.24943
1.24592
1.24156
1.23664
1.23157
1.22693
1.22333
1.22125
1.22087
1.22201
1.22419
1.22683
1.22936
1.23138
1.23265
1.23304
1.23254
1.23118
1.22902
1.22615
1.22268
1.21878
1.21468
1.21072
1.20741
1.20533
1.205
1.20664
1.21001
1.21447
1.21921
1.22352
1.22694
1.2293
1.2306
1.23098
1.2306
1.22962
1.22818
1.22643
1.2245
1.22257
1.22085
1.21955
1.21882
1.21869
1.21905
1.21965
1.22016
1.22023
1.2196
1.21813
1.21585
1.21295
1.20975
1.20664
1.20398
1.20204
1.2009
1.2005
1.20067
1.2012
1.20193
1.20279
1.20375
1.20485
1.20611
1.20752
1.20901
1.20135
1.20261
1.20362
1.20427
1.20455
1.20444
1.20396
1.20315
1.20207
1.20075
1.19924
1.19759
1.19583
1.194
1.19212
1.19021
1.18832
1.18644
1.18462
1.18285
1.18115
1.17951
1.1779
1.17629
1.17462
1.17279
1.17075
1.16841
1.16579
1.16297
1.16018
1.15781
1.15627
1.15596
1.15703
1.15936
1.16259
1.16627
1.17001
1.17355
1.17677
1.17967
1.18232
1.18479
1.18715
1.1894
1.19154
1.19351
1.19524
1.19663
1.1976
1.19805
1.19786
1.19695
1.1952
1.19255
1.18893
1.18437
1.17897
1.17302
1.16692
1.16125
1.15665
1.15366
1.15265
1.15364
1.15639
1.16042
1.16519
1.17019
1.175
1.17932
1.18295
1.18574
1.18762
1.18854
1.18845
1.18731
1.18509
1.18184
1.17775
1.17325
1.16908
1.16617
1.16534
1.16692
1.17055
1.17539
1.18048
1.18511
1.18891
1.19178
1.19381
1.19517
1.19602
1.1965
1.19668
1.19659
1.19617
1.19533
