           0  -0.0254538 3.25834e-05
   0.0256496           0           0
   0.0512993           0           0
   0.0769489           0           0
    0.102599           0           0
    0.128248           0           0
    0.153898           0           0
    0.179547           0           0
    0.205197           0           0
    0.230847           0           0
    0.256496           0           0
    0.282146           0           0
    0.307796           0           0
    0.333445           0           0
    0.359095           0           0
    0.384745           0           0
    0.410394           0           0
    0.436044           0           0
    0.461694           0           0
    0.487343           0           0
    0.512993           0           0
    0.538642           0           0
    0.564292           0           0
    0.589942           0           0
    0.615591           0           0
    0.641241           0           0
    0.666891           0           0
     0.69254           0           0
     0.71819           0           0
     0.74384           0           0
    0.769489           0           0
    0.795139           0           0
    0.820788           0           0
    0.846438 1.45892e-05 1.08301e-05
    0.872088 0.000623595 9.11291e-05
    0.897737   0.0172011 0.000465569
    0.923387    0.135129  0.00153658
    0.949037    0.506727    0.002905
    0.974686     1.14187  0.00463436
     1.00034     1.83878  0.00584599
     1.02599     2.34333  0.00620524
     1.05164     2.58342  0.00599868
     1.07728     2.59343  0.00630777
     1.10293     2.44485  0.00594957
     1.12858     2.23768  0.00549108
     1.15423     2.00177  0.00601042
     1.17988     1.77744  0.00552877
     1.20553     1.57936  0.00538308
     1.23118     1.40105  0.00531014
     1.25683     1.24387  0.00489477
     1.28248     1.12465  0.00439806
     1.30813     1.01661    0.004012
     1.33378    0.932781  0.00366332
     1.35943    0.863604  0.00365864
     1.38508    0.809116  0.00351129
     1.41073    0.759361   0.0033103
     1.43638    0.731658  0.00317522
     1.46203    0.700678   0.0030782
     1.48768    0.683493  0.00280083
     1.51333    0.675392   0.0031258
     1.53898     0.66266  0.00270243
     1.56463    0.669359  0.00296075
     1.59028    0.672252  0.00323263
     1.61593    0.682535  0.00314527
     1.64158    0.697504  0.00299798
     1.66723    0.719495  0.00306439
     1.69288    0.746987  0.00301991
     1.71853    0.780161  0.00270379
     1.74418    0.812059  0.00299126
     1.76983    0.850473  0.00292796
     1.79547     0.89289  0.00304603
     1.82112    0.936042  0.00313097
     1.84677    0.981146  0.00298265
     1.87242     1.02396  0.00299465
     1.89807     1.06407  0.00287601
     1.92372     1.09883  0.00293098
     1.94937     1.13572  0.00288757
     1.97502     1.16749  0.00296355
     2.00067     1.18565  0.00276638
     2.02632     1.20248  0.00268508
     2.05197     1.21845  0.00274956
     2.07762     1.21444  0.00264781
     2.10327     1.21226  0.00257437
     2.12892     1.20366  0.00277298
     2.15457     1.18111  0.00262516
     2.18022     1.16162  0.00288762
     2.20587     1.12685  0.00265553
     2.23152     1.09575  0.00289304
     2.25717      1.0672  0.00264356
     2.28282     1.03651  0.00277097
     2.30847     1.00774  0.00267697
     2.33412    0.981624  0.00237658
     2.35977    0.956032  0.00253464
     2.38542    0.937435   0.0024382
     2.41107    0.923735  0.00238552
     2.43672    0.910761   0.0020003
     2.46237    0.899064  0.00203461
     2.48802    0.894496   0.0019876
     2.51366    0.889306  0.00200289
     2.53931    0.887451  0.00247957
