           1  -0.0253731  -0.0253731           0
           2  -0.0253522  -0.0253627  1.0484e-05
           3  -0.0253193  -0.0253482  1.5667e-05
           4  -0.0255938  -0.0254096 6.23812e-05
           5  -0.0256277  -0.0254532 6.50995e-05
           6  -0.0249445  -0.0253684  0.00010007
           7  -0.0254246  -0.0253765 8.49547e-05
           8  -0.0255941  -0.0254037 7.84423e-05
           9  -0.0252353   -0.025385 7.16638e-05
          10  -0.0251872  -0.0253652 6.70791e-05
          11  -0.0254881  -0.0253764 6.16953e-05
          12  -0.0250836   -0.025352 6.13754e-05
          13   -0.025345  -0.0253514 5.64597e-05
          14   -0.025294  -0.0253473 5.24323e-05
          15   -0.025903  -0.0253844 6.12794e-05
          16  -0.0258735  -0.0254149 6.49635e-05
          17  -0.0251596  -0.0253999 6.28439e-05
          18  -0.0257649  -0.0254202 6.26227e-05
          19  -0.0259045  -0.0254457 6.44865e-05
          20  -0.0252122   -0.025434 6.22812e-05
          21  -0.0254137   -0.025433 5.92491e-05
          22  -0.0254517  -0.0254339 5.64982e-05
          23  -0.0254783  -0.0254358 5.40204e-05
          24  -0.0247057  -0.0254054 6.00052e-05
          25  -0.0253141  -0.0254017 5.76707e-05
          26  -0.0253895  -0.0254013 5.54102e-05
          27  -0.0256885  -0.0254119 5.43694e-05
          28  -0.0255116  -0.0254155 5.25124e-05
          29  -0.0256542  -0.0254237 5.13335e-05
          30  -0.0252574  -0.0254182 4.99017e-05
          31   -0.025318  -0.0254149 4.83732e-05
          32   -0.025773  -0.0254261  4.8155e-05
          33  -0.0251178  -0.0254168  4.7599e-05
          34  -0.0255762  -0.0254215 4.64151e-05
          35  -0.0257497  -0.0254308 4.60349e-05
          36  -0.0255373  -0.0254338 4.48355e-05
          37  -0.0258348  -0.0254446 4.49335e-05
          38  -0.0257313  -0.0254522 4.43807e-05
          39  -0.0259475  -0.0254649 4.50548e-05
          40  -0.0255023  -0.0254658  4.3924e-05
          41  -0.0259245   -0.025477  4.4276e-05
          42  -0.0258669  -0.0254863 4.41948e-05
          43   -0.025936  -0.0254967  4.4404e-05
          44  -0.0257981  -0.0255036 4.39202e-05
          45  -0.0251495  -0.0254957 4.36481e-05
          46  -0.0251867   -0.025489 4.32139e-05
          47  -0.0249397  -0.0254773 4.38697e-05
          48  -0.0256818  -0.0254816 4.31567e-05
          49   -0.025642  -0.0254849 4.23934e-05
          50  -0.0258051  -0.0254913 4.20277e-05
          51  -0.0246845  -0.0254754 4.41284e-05
          52  -0.0248783   -0.025464 4.47692e-05
          53  -0.0253472  -0.0254618 4.39717e-05
          54  -0.0254271  -0.0254611 4.31545e-05
          55  -0.0247543  -0.0254483 4.42689e-05
          56  -0.0256187  -0.0254513 4.35776e-05
          57  -0.0254841  -0.0254519 4.28101e-05
          58  -0.0252613  -0.0254486 4.21937e-05
          59  -0.0254305  -0.0254483 4.14735e-05
          60  -0.0256275  -0.0254513 4.08857e-05
          61  -0.0250677   -0.025445 4.06986e-05
          62  -0.0253111  -0.0254428  4.0095e-05
          63  -0.0256065  -0.0254454 3.95389e-05
          64  -0.0250867  -0.0254398 3.93178e-05
          65  -0.0254941  -0.0254407 3.87172e-05
          66  -0.0254837  -0.0254413 3.81317e-05
          67  -0.0257197  -0.0254455 3.77874e-05
          68   -0.026132  -0.0254556 3.85721e-05
          69  -0.0254526  -0.0254555  3.8009e-05
          70   -0.025408  -0.0254548 3.74683e-05
          71  -0.0255736  -0.0254565 3.69746e-05
          72  -0.0257255  -0.0254602 3.66484e-05
          73  -0.0248971  -0.0254525 3.69571e-05
          74  -0.0254537  -0.0254525 3.64542e-05
          75  -0.0255525  -0.0254539 3.59896e-05
          76  -0.0254801  -0.0254542 3.55146e-05
          77   -0.024932  -0.0254474 3.57004e-05
          78  -0.0249164  -0.0254406 3.58915e-05
          79  -0.0251056  -0.0254364  3.5687e-05
          80  -0.0253461  -0.0254353 3.52562e-05
          81  -0.0260472  -0.0254428 3.56285e-05
          82  -0.0255201  -0.0254438  3.5204e-05
          83  -0.0248168  -0.0254362 3.55882e-05
          84  -0.0258704  -0.0254414 3.55399e-05
          85  -0.0257074  -0.0254445 3.52585e-05
          86  -0.0255056  -0.0254452 3.48533e-05
          87  -0.0248725  -0.0254386 3.50737e-05
          88  -0.0254462  -0.0254387  3.4673e-05
          89  -0.0254581  -0.0254389 3.42819e-05
          90  -0.0256861  -0.0254417 3.40099e-05
          91  -0.0258779  -0.0254465 3.39739e-05
          92  -0.0251174  -0.0254429 3.37925e-05
          93  -0.0254573  -0.0254431 3.34275e-05
          94  -0.0256871  -0.0254457 3.31717e-05
          95  -0.0261936  -0.0254535 3.37519e-05
          96  -0.0255386  -0.0254544 3.34102e-05
          97  -0.0255783  -0.0254557 3.30887e-05
          98   -0.025812  -0.0254593 3.29505e-05
          99   -0.025042  -0.0254551 3.28872e-05
         100  -0.0253233  -0.0254538 3.25834e-05
