0 -0.765565 0.00371621
1 -0.765516 0.00369143
2 -0.765225 0.00391976
3 -0.766248 0.00393114
4 -0.767052 0.00415755
5 -0.767422 0.00419008
6 -0.766755 0.00415413
7 -0.767232 0.00419844
8 -0.767522 0.00434082
9 -0.767854 0.00436017
10 -0.76828 0.00436714
11 -0.768024 0.00442133
12 -0.767534 0.00425254
13 -0.76737 0.00437786
14 -0.768334 0.00439208
15 -0.768739 0.00430128
16 -0.769496 0.00426407
17 -0.769265 0.00407197
18 -0.76868 0.0040473
19 -0.768688 0.0041508
20 -0.769172 0.00410101
21 -0.76857 0.00409123
22 -0.768849 0.0040634
23 -0.768942 0.00412741
24 -0.76812 0.00411816
25 -0.768963 0.00408032
26 -0.769272 0.00395706
27 -0.769497 0.00380564
28 -0.769377 0.00375591
29 -0.769871 0.00369088
30 -0.769886 0.00368085
31 -0.769197 0.00369625
32 -0.769472 0.00384883
33 -0.769656 0.00393889
34 -0.77038 0.00389627
35 -0.76942 0.00381253
36 -0.769158 0.00387254
37 -0.768762 0.0039365
38 -0.768801 0.00368996
39 -0.769128 0.00390326
40 -0.769358 0.00377541
41 -0.769124 0.00392566
42 -0.770624 0.0038983
43 -0.770677 0.00392986
44 -0.769818 0.00378628
45 -0.769566 0.00351509
46 -0.769481 0.00364639
47 -0.770386 0.00359648
48 -0.770268 0.00352707
49 -0.770686 0.00355055
50 -0.770035 0.00375215
51 -0.769611 0.00368549
52 -0.770328 0.00381712
53 -0.7703 0.00384703
54 -0.769804 0.00379358
55 -0.769787 0.00391481
56 -0.770639 0.00377783
57 -0.770358 0.00370324
58 -0.770204 0.0036745
59 -0.771247 0.00363954
60 -0.771308 0.00354149
61 -0.771794 0.00355071
62 -0.771497 0.0036752
63 -0.771203 0.00372708
64 -0.771411 0.0038583
65 -0.771354 0.00361492
66 -0.771912 0.00350229
67 -0.772072 0.00344997
68 -0.771602 0.0034276
69 -0.77157 0.00351817
70 -0.77128 0.00356822
71 -0.770555 0.00359169
72 -0.77118 0.00362325
73 -0.771055 0.00361544
74 -0.771013 0.00383617
75 -0.771368 0.00378337
76 -0.771992 0.00398261
77 -0.771262 0.00402898
78 -0.771058 0.00397331
79 -0.771499 0.00395175
80 -0.772393 0.00400145
81 -0.772923 0.00406718
82 -0.773037 0.00408899
83 -0.773139 0.00401189
84 -0.773663 0.00405249
85 -0.773995 0.00393667
86 -0.77342 0.00394709
87 -0.774076 0.00370695
88 -0.774017 0.00365955
89 -0.774059 0.00374767
90 -0.774038 0.00370953
91 -0.774236 0.00380445
92 -0.773634 0.00380685
93 -0.773412 0.00383179
94 -0.774087 0.00382724
95 -0.774177 0.00379172
96 -0.774695 0.00365706
97 -0.774677 0.00359162
98 -0.774327 0.00354485
99 -0.774212 0.00352771
100 -0.774543 0.00368861
101 -0.775113 0.00362449
102 -0.774511 0.0036407
103 -0.774246 0.00359269
104 -0.77376 0.00343648
105 -0.77388 0.00339533
106 -0.773907 0.00344425
107 -0.773311 0.00344117
108 -0.772727 0.00336086
109 -0.773576 0.00331195
110 -0.773888 0.00340144
111 -0.77343 0.00333996
112 -0.773981 0.00341473
113 -0.774226 0.00324249
114 -0.773861 0.00321079
115 -0.774121 0.00337437
116 -0.774352 0.00345117
117 -0.774686 0.00338202
118 -0.773927 0.00345497
119 -0.773846 0.0034201
120 -0.773956 0.00359459
121 -0.774286 0.0036435
122 -0.773528 0.00352979
123 -0.773508 0.00358629
124 -0.773792 0.00358831
125 -0.773214 0.00354455
126 -0.772905 0.00357076
127 -0.772869 0.00357998
128 -0.772836 0.00358371
129 -0.772879 0.00366273
130 -0.77376 0.00365168
131 -0.774192 0.00366449
132 -0.774338 0.00370332
133 -0.774232 0.00364748
134 -0.773724 0.0036091
135 -0.773858 0.00371903
136 -0.774018 0.00381615
137 -0.774391 0.00379179
138 -0.774375 0.00375274
139 -0.775277 0.00364801
140 -0.775809 0.00346198
141 -0.776056 0.00367037
142 -0.77546 0.00363909
143 -0.775317 0.00366685
144 -0.774972 0.00347352
145 -0.775353 0.00362834
146 -0.775594 0.00369439
147 -0.77523 0.00358459
148 -0.775454 0.00355349
149 -0.775629 0.00359877
150 -0.775745 0.00371062
151 -0.775748 0.00360676
152 -0.77547 0.00367952
153 -0.775098 0.00359458
154 -0.77458 0.00371227
155 -0.774356 0.00360655
156 -0.774029 0.00364298
157 -0.773974 0.00364198
158 -0.773966 0.00365688
159 -0.773972 0.00356694
160 -0.773516 0.00370623
161 -0.773259 0.00366332
162 -0.774089 0.00363767
163 -0.774181 0.00368384
164 -0.77396 0.00368512
165 -0.774088 0.00383845
166 -0.774152 0.00362374
167 -0.774443 0.00368434
168 -0.774178 0.00372622
169 -0.774027 0.00368817
170 -0.774424 0.00380004
171 -0.774437 0.00374197
172 -0.774904 0.00367117
173 -0.774508 0.00362897
174 -0.774504 0.00364736
175 -0.77429 0.00360653
176 -0.774675 0.00354149
177 -0.774279 0.00359784
178 -0.774178 0.00360906
179 -0.774038 0.00363889
180 -0.773834 0.00356793
181 -0.773835 0.00345892
182 -0.773836 0.00352176
183 -0.772981 0.00354244
184 -0.773422 0.0036553
185 -0.7728 0.00365028
186 -0.772378 0.00360789
187 -0.772364 0.00342432
188 -0.772368 0.00343346
189 -0.772696 0.0033385
190 -0.772723 0.00336727
191 -0.773004 0.00335493
192 -0.772732 0.00337061
193 -0.772645 0.00349596
194 -0.772953 0.00362815
195 -0.77293 0.00381872
196 -0.773289 0.00384456
197 -0.773164 0.00389124
198 -0.772615 0.00386933
199 -0.772498 0.00374033
200 -0.77296 0.00371404
201 -0.773338 0.00365353
202 -0.773092 0.00361759
203 -0.773284 0.00358557
204 -0.772963 0.00346981
205 -0.773081 0.00338047
206 -0.772613 0.00358161
207 -0.772592 0.00342553
208 -0.771828 0.00345507
209 -0.771688 0.00341871
210 -0.771328 0.00337531
211 -0.771082 0.0034646
212 -0.771299 0.00366612
213 -0.771493 0.00351491
214 -0.77222 0.00352684
215 -0.771933 0.00351332
216 -0.772469 0.0033338
217 -0.771924 0.00344011
218 -0.772489 0.00334017
219 -0.772095 0.00330681
220 -0.771058 0.00325245
221 -0.770597 0.00327033
222 -0.771412 0.00317003
223 -0.770836 0.00310944
224 -0.770805 0.00318261
225 -0.770878 0.00328761
226 -0.770055 0.00315614
227 -0.769318 0.00311397
228 -0.768962 0.00297907
229 -0.769099 0.00290586
230 -0.769157 0.00277646
231 -0.769428 0.0027292
232 -0.769238 0.00265651
233 -0.769322 0.00259231
234 -0.769414 0.00260148
235 -0.769488 0.00266123
236 -0.769573 0.00270516
237 -0.769565 0.00262403
238 -0.769614 0.00249975
239 -0.76921 0.00261135
240 -0.768991 0.00274169
241 -0.768718 0.00270516
242 -0.768734 0.00278452
243 -0.767941 0.00257847
244 -0.768341 0.00271187
245 -0.768834 0.0028007
246 -0.768508 0.00273321
247 -0.768892 0.00272646
248 -0.76865 0.00269415
249 -0.769485 0.00279242
250 -0.769792 0.00261517
251 -0.76979 0.0027671
252 -0.768694 0.00292837
253 -0.768314 0.00314843
254 -0.76839 0.00322961
255 -0.76782 0.0032576
256 -0.768007 0.00320022
257 -0.768274 0.00322973
258 -0.768351 0.00322108
259 -0.769023 0.00302771
260 -0.769099 0.00295805
261 -0.768545 0.00290803
262 -0.768275 0.00305215
263 -0.767758 0.00318554
264 -0.767159 0.00326135
265 -0.767885 0.00312442
266 -0.768189 0.00336043
267 -0.768465 0.00334814
268 -0.768091 0.00346237
269 -0.768331 0.00368395
270 -0.768811 0.00368831
271 -0.768643 0.00381958
272 -0.767977 0.00381487
273 -0.767291 0.00374102
274 -0.767542 0.00365717
275 -0.766916 0.00346759
276 -0.767003 0.00351151
277 -0.766647 0.00353745
278 -0.766988 0.00340845
279 -0.767754 0.00329418
280 -0.767997 0.00324559
281 -0.76748 0.0032721
282 -0.766614 0.00340723
283 -0.766583 0.00333724
284 -0.766267 0.00339056
285 -0.76642 0.00359965
286 -0.766406 0.00355539
287 -0.766381 0.00362636
288 -0.765329 0.00353485
289 -0.765492 0.00351922
290 -0.765376 0.00353253
291 -0.765468 0.0036084
292 -0.765733 0.00362275
293 -0.765919 0.00372831
294 -0.766475 0.00354622
295 -0.76658 0.00334815
296 -0.76653 0.00354983
297 -0.765469 0.00346308
298 -0.765707 0.00346067
299 -0.764961 0.00338707
