1.64154
1.63133
1.62376
1.62222
1.62838
1.64175
1.66014
1.68059
1.70045
1.71799
1.73259
1.74441
1.75385
1.76119
1.7665
1.7697
1.77059
1.76895
1.76455
1.75744
1.74807
1.73733
1.72635
1.71619
1.70757
1.70076
1.69559
1.69177
1.6892
1.68821
1.68954
1.69398
1.70194
1.71307
1.72598
1.73847
1.74843
1.75474
1.75738
1.75602
1.74886
1.7334
1.70899
1.67902
1.65046
1.63086
1.6243
1.62955
1.6417
1.65516
1.66574
1.67151
1.67244
1.66966
1.66469
1.65898
1.65399
1.65134
1.65269
1.65941
1.67195
1.68941
1.70949
1.72903
1.74472
1.754
1.75544
1.74911
1.73646
1.72031
1.70467
1.69424
1.69333
1.70427
1.72645
1.7566
1.79004
1.82187
1.84794
1.8657
1.87454
1.87545
1.87018
1.86041
1.84777
1.83444
1.82349
1.81837
1.82172
1.83421
1.85432
1.87871
1.90307
1.92317
1.93566
1.93873
1.93227
1.91755
1.89661
1.87136
1.84314
1.8126
1.77993
1.74507
1.70806
1.66981
1.63301
1.60239
1.58331
1.57937
1.59095
1.61577
1.65009
1.68965
1.72992
1.76635
1.79506
1.81325
1.81957
1.81398
1.79769
1.77307
1.74384
1.71472
1.69021
1.6729
1.66264
1.65738
1.65494
1.65426
1.6554
1.65901
1.66559
1.67502
1.68637
1.69807
1.7085
1.71689
1.72368
1.72972
1.7348
1.73732
1.73549
1.72868
1.71764
1.70401
1.68999
1.67793
1.66994
1.66707
1.66902
1.67442
1.68113
1.68637
1.6869
1.67976
1.66346
1.639
1.61013
1.58257
1.56228
1.55322
1.55595
1.56786
1.5849
1.60342
1.6211
1.63684
1.65019
1.66106
1.6696
1.67627
1.68175
1.68683
1.69255
1.70013
1.7106
1.72387
1.73777
1.74851
1.75232
1.74708
1.73275
1.7108
1.68364
1.65417
1.62534
1.59964
1.57859
1.56283
1.55291
1.55003
1.55621
1.57347
1.60223
1.64016
1.68236
1.72304
1.75737
1.78265
1.79853
1.80639
1.80827
1.80569
1.79918
1.78869
1.7745
1.75764
1.73986
1.72306
1.70874
1.69753
1.6892
1.68294
1.67758
1.67197
1.6652
1.6566
1.64583
1.633
1.61887
1.60487
1.59277
1.58428
1.58032
1.5807
1.58422
1.58915
1.59394
1.59794
1.60161
1.60597
1.6119
1.61941
1.62759
1.63499
1.64033
1.64294
1.64303
1.64161
1.64004
1.63959
1.64088
1.6438
1.64766
1.65142
1.65403
1.65488
1.65438
1.65455
1.65917
1.67264
1.69737
1.7312
1.76762
1.79874
1.81819
1.82257
1.81153
1.78752
1.7553
1.7214
1.69315
1.6768
1.6749
1.68497
1.70122
1.71781
1.73092
1.7393
1.74373
1.74625
1.74906
1.75351
1.75942
1.76511
1.76809
1.76604
1.75807
1.74547
1.73158
1.72045
1.71489
1.71521
1.71957
1.72518
1.72941
1.73052
1.72802
1.7227
1.71638
1.71127
1.70902
1.7099
1.71261
1.71504
1.71525
1.71252
1.70764
1.70271
1.70042
1.70325
1.71278
1.72928
1.75155
1.77665
1.80015
1.81698
1.8229
1.81592
1.79702
1.76991
1.7396
1.71018
1.68322
1.65798
1.63309
1.60843
1.58609
1.56979
1.56304
1.56722
1.58068
1.5992
1.61722
1.62923
1.63174
1.62495
1.61351
1.605
1.60595
1.6186
1.6408
1.66836
1.69703
1.72321
1.74402
1.7573
1.76198
1.75836
1.74813
1.7337
1.71755
1.70168
1.68771
1.67694
1.67045
1.66904
1.67312
1.68231
1.69491
1.70775
1.71696
1.71916
1.71241
1.69685
1.67475
1.65024
1.62831
1.61321
1.60698
1.60884
1.61594
1.62494
1.63303
1.63827
1.63949
1.63623
1.62883
1.61849
1.60712
1.59673
1.58851
1.5826
1.57885
1.5776
1.5794
1.58412
1.59105
1.59957
1.60956
1.62104
1.63364
1.64665
1.65972
1.67348
1.68851
1.70358
1.71551
1.72095
1.71808
1.7068
1.68815
1.66385
1.63632
1.6087
1.58468
1.56795
1.56137
1.56605
1.58084
1.60222
1.62525
1.64491
1.65734
1.66046
1.65401
1.63925
1.61845
1.59416
1.56863
1.54341
1.51944
1.49768
1.47977
1.468
1.46482
1.47192
1.48966
1.51689
1.55121
1.58946
1.6283
1.66443
1.69478
1.71657
1.7276
1.7268
1.71508
1.69558
1.6735
1.65459
1.6433
1.64139
1.64798
1.66032
1.67482
1.68807
1.69763
1.7025
1.70315
1.70118
1.69848
1.69648
1.69587
1.69631
1.69667
1.69543
1.6917
1.68569
1.67851
1.67132
1.66492
1.65991
1.65681
1.65583
1.6565
1.65757
1.65756
1.65543
1.65089
1.64443
1.63723
1.63082
1.62657
1.62522
1.62666
1.63032
1.63551
1.64165
1.64792
1.65301
1.65533
1.65391
1.64929
1.6434
1.63811
1.63386
1.62947
1.62307
1.6129
1.59765
1.57713
1.55364
1.53314
1.52412
1.53303
1.55954
1.59622
1.63253
1.65907
1.66975
1.66209
1.63702
1.59863
1.55403
1.5131
1.48676
1.48235
1.49938
1.53057
1.56731
1.60358
1.63634
1.66447
1.68781
1.70669
1.72159
1.73288
1.74064
1.74483
1.74536
1.74202
1.73441
1.72219
1.70586
1.68782
1.67282
1.66687
1.67463
1.69689
1.72994
1.76695
1.80005
1.82229
1.82915
1.81953
1.79623
1.7658
1.73726
1.71868
1.71293
1.71655
1.72271
1.72482
1.71864
1.703
1.67994
1.65403
1.63019
1.61141
1.59811
1.58951
1.58524
1.58531
1.58946
1.59675
1.60609
1.6169
1.62916
1.64307
1.6586
1.67538
1.69264
1.70909
1.72296
1.73215
1.7347
1.72979
1.7189
1.70655
1.69881
1.69964
1.70789
1.71872
1.72769
1.73302
1.73519
1.73547
1.73492
1.73434
1.73446
1.73613
1.73995
1.74553
1.75133
1.75496
1.75396
1.74657
1.73194
1.71011
1.68186
1.64927
1.61658
1.59016
1.57617
1.57649
1.58735
1.60221
1.61606
1.6272
1.63624
1.64426
1.65123
1.65588
1.65675
1.65372
1.64878
1.64561
1.64808
1.65833
1.6753
1.69506
1.71295
1.72599
1.73384
1.73807
1.74063
1.74254
1.74332
1.74146
1.73523
1.72368
1.7071
1.68695
1.66524
1.64396
1.62501
1.61012
1.60072
1.59803
1.60352
1.61849
1.64227
1.67102
1.69905
1.72121
1.73462
1.73889
1.73529
1.72571
1.71193
1.69571
1.67941
1.66649
1.66125
1.66728
1.68527
1.7124
1.74422
1.77697
1.80825
1.83613
1.85823
1.87163
1.87367
1.86328
1.84262
1.81792
1.79751
1.78675
1.78468
1.78602
1.78551
1.78011
1.76874
1.7516
1.7298
1.70505
1.67936
1.65456
1.63194
1.61266
1.59873
1.59338
1.59958
1.617
1.64086
1.66471
1.68381
1.69646
1.70336
1.70643
1.70789
1.71021
1.71587
1.72663
1.74274
1.76247
1.78249
1.79893
1.80885
1.8109
1.80543
1.79395
1.77857
1.76127
1.74344
1.72558
1.7073
1.68781
1.66636
1.64273
1.61741
1.59145
1.5663
1.54368
1.52564
1.5141
1.50981
1.51157
1.51677
1.52267
1.52733
1.52993
1.53095
1.53216
1.53613
1.54532
1.56114
1.58321
1.60936
1.63627
1.66043
1.67913
1.691
1.6966
1.69863
1.70141
1.70892
1.72278
1.74156
1.76189
1.77977
1.7917
1.79513
1.78871
1.77226
1.74673
1.71384
1.67597
1.63584
1.59626
1.55978
1.52874
1.50557
1.49305
1.49362
1.50766
1.53285
1.56486
1.5988
1.63011
1.65515
1.67175
1.67926
1.6784
1.67073
1.65809
1.6426
1.62719
1.61578
1.61263
1.6203
1.63814
1.66233
1.68762
1.70919
1.72401
1.73112
1.73137
1.72672
1.71955
1.71178
1.7045
1.69805
1.6926
1.68844
1.68609
1.68606
1.68859
1.69364
1.70064
1.7084
1.71502
1.71849
1.7174
1.71171
1.70271
1.69255
1.68336
1.67671
1.67349
1.67399
1.67778
1.6837
1.69012
1.69535
1.69807
1.69739
1.69253
1.68284
1.66834
1.65035
1.6318
1.61648
1.60781
1.60795
1.6174
1.63508
1.65867
1.68509
1.71108
1.73372
1.75076
1.76094
1.76406
1.76121
1.75455
1.74659
1.739
1.7318
1.7237
1.7133
1.70019
1.68561
1.67223
1.66338
1.66142
1.66657
1.67672
1.68832
1.69764
1.70169
1.69879
1.68878
1.67309
1.65482
1.63826
1.62762
1.62543
1.63135
1.64259
1.65559
1.66758
1.67723
1.68443
1.6899
1.69479
1.70042
1.7082
1.71945
1.73502
1.75481
1.77729
1.79943
1.8174
1.82742
1.82645
1.81285
1.78704
1.75216
1.71415
1.68036
1.65693
1.64686
1.64991
1.66348
1.68348
1.70556
1.72628
1.74358
1.75654
1.76497
1.76926
1.77052
1.77051
1.77111
1.77344
1.77735
1.78158
1.78435
1.78387
1.77861
1.76725
1.74884
1.72317
1.69155
1.65719
1.62472
1.59863
1.58149
1.57295
1.57066
1.57205
1.5757
1.58128
1.58846
1.59611
1.60223
1.60463
1.60202
1.59456
1.58404
1.57365
1.56723
1.56824
1.57873
1.59873
1.62625
1.65788
1.68938
1.71665
1.73641
1.74679
1.7477
1.74056
1.72783
1.71233
1.69682
1.68357
1.67395
1.66807
1.66473
1.66179
1.65671
1.64747
1.63336
1.61542
1.5961
1.57817
1.56368
1.55349
1.54754
1.54563
1.54798
1.55522
1.56786
1.58521
1.60493
1.62301
1.6346
1.63532
1.62258
1.59646
1.5603
1.52032
1.48454
1.46066
1.45342
1.46277
1.48401
1.51022
1.53552
1.55712
1.57557
1.59336
1.61286
1.63535
1.66075
1.68778
1.71403
1.73648
1.7529
1.7632
1.77006
1.77796
1.79105
1.81049
1.83366
1.85559
1.87162
1.87883
1.87607
1.86335
1.84143
1.81203
1.77853
1.74671
1.72407
1.71656
1.72457
1.74205
1.76034
1.77259
1.77538
1.76809
1.75202
1.72985
1.70522
1.68239
1.66551
1.65772
1.65992
1.66999
1.68309
1.69348
1.69694
1.69237
1.68149
1.66697
1.65123
1.63609
1.62302
1.61326
1.60754
1.60576
1.60667
1.6083
1.60899
1.60864
1.60911
1.61329
1.62351
1.63983
1.65934
1.67732
1.6896
1.69401
1.6905
1.68041
1.66627
1.65146
1.63929
1.63141
1.62699
1.62384
1.62056
1.61779
1.61742
1.62053
1.62639
1.63307
1.63869
1.64209
1.64312
1.64243
1.64127
1.64085
1.64184
1.64377
1.64507
1.64341
1.63669
1.6242
1.60762
1.59099
1.57933
1.57654
1.58349
1.59735
1.61288
1.62487
1.63051
1.63069
1.62999
1.63518
1.65241
1.68397
1.72647
1.77209
1.81202
1.83975
1.85245
1.85053
1.83667
1.81472
1.78883
1.76255
1.73823
1.71675
1.69783
1.68117
1.66757
1.65906
1.65777
1.66402
1.67555
1.68819
1.69766
1.70076
1.69613
1.68437
1.66792
1.6506
1.63669
1.62937
1.62922
1.63386
1.63934
1.64219
1.64081
1.63572
1.62908
1.62391
1.62307
1.62825
1.63922
1.65366
1.66792
1.67808
1.68101
1.67491
1.6596
1.63662
1.6092
1.58187
1.55946
1.54575
1.54226
1.54787
1.55934
1.57237
1.58264
1.5868
1.58309
1.57189
1.55578
1.5391
1.52694
1.52382
1.532
1.55035
1.57483
1.60084
1.62546
1.64825
1.66997
1.6907
1.70874
1.72114
1.72523
1.72012
1.70706
1.68878
1.66832
1.64795
1.62903
1.61228
1.59812
1.58678
1.5782
1.57208
1.56787
1.56495
1.56264
1.56023
1.55689
1.55168
1.54384
1.53319
1.5205
1.50757
1.49682
1.49073
1.49138
1.50021
1.51786
1.54393
1.57687
1.6139
1.65122
1.68459
1.71017
1.72552
1.73048
1.72708
1.71844
1.7071
1.69416
1.67996
1.66541
1.65256
1.64391
1.64085
1.64254
1.64638
1.64928
1.64917
1.6456
1.63978
1.63411
1.63149
1.63464
1.64518
1.66283
1.6852
1.70828
1.72773
1.74024
1.74422
1.7398
1.72843
1.71243
1.69462
1.678
1.66539
1.65888
1.65927
1.66581
1.67621
1.68706
1.69463
1.69559
1.68806
1.67233
1.6512
1.62951
1.61253
1.60403
1.60486
1.61314
1.6254
1.63783
1.647
1.65049
1.64722
1.63776
1.62455
1.61146
1.60273
1.60128
1.60718
1.61757
1.6282
1.63599
1.6412
1.64752
1.65969
1.68001
1.70674
1.7358
1.76339
1.78715
1.8061
1.82005
1.82925
1.83422
1.83575
1.83481
1.83247
1.8295
1.8261
1.82167
1.81468
1.80304
1.78443
1.75699
1.72021
1.67636
1.6318
1.59597
1.57659
1.57427
1.58278
1.59457
1.60493
1.61204
1.61531
1.61446
1.60981
1.60323
1.59829
1.59897
1.60726
1.62188
1.63897
1.65428
1.66499
1.6704
1.67129
1.66892
1.66429
1.65788
1.65007
1.64138
1.63247
1.62388
1.61543
1.60614
1.59489
1.58156
1.56787
1.55706
1.55225
1.55461
1.563
1.57522
1.58939
1.60453
1.62036
1.63661
1.65285
1.66841
1.68249
1.69423
1.70286
1.70772
1.70837
1.70467
1.69682
1.6852
1.67019
1.65206
1.63118
1.60833
1.58495
1.56313
1.54501
1.53208
1.52462
1.52178
1.52196
1.52357
1.52567
1.52876
1.53473
1.54578
1.56266
1.58363
1.6052
1.62408
1.63872
1.64954
1.658
1.66544
1.67265
1.67988
1.68671
1.69166
1.69237
1.68653
1.67302
1.65261
1.62785
1.60235
1.5798
1.5635
1.55606
1.55898
1.57217
1.59366
1.62027
1.64864
1.6761
1.70086
1.72194
1.7388
1.75128
1.75953
1.76395
1.7648
1.76182
1.75409
1.74044
1.72034
1.69462
1.66573
1.63713
1.61254
1.59516
1.5872
1.58934
1.60063
1.61858
1.6397
1.66013
1.67644
1.6864
1.68965
1.68781
1.68364
1.67961
1.67686
1.6754
1.67529
1.6773
1.68215
1.68897
1.69487
1.69615
1.69015
1.6763
1.6564
1.63411
1.61411
1.6007
1.59646
1.60151
1.61391
1.63079
1.64953
1.66858
1.68745
1.7061
1.72432
1.74167
1.75774
1.77249
1.78639
1.80012
1.81432
1.82903
1.84284
1.85273
1.85495
1.84645
1.82585
1.79314
1.74914
1.69543
1.63553
1.57698
1.53116
1.5075
1.50653
1.52112
1.54283
1.56502
1.58278
1.59307
1.59539
1.59217
1.58792
1.58752
1.59365
1.60549
1.61952
1.63213
1.64174
1.64971
1.65936
1.67373
1.69349
1.71643
1.73879
1.75707
1.76943
1.77586
1.77772
1.77672
1.77372
1.76799
1.75768
1.74114
1.71795
1.68914
1.65654
1.62197
1.58684
1.55253
1.52101
1.49511
1.47797
1.47204
1.47818
1.49521
1.5201
1.54896
1.57801
1.60446
1.62698
1.64555
1.66118
1.67562
1.69074
1.70731
1.72384
1.73676
1.74204
1.73687
1.72032
1.69361
1.66027
1.62625
1.59859
1.58262
1.57962
1.58721
1.60135
1.61795
1.63367
1.64633
1.65518
1.66095
1.66574
1.67203
1.6814
1.69366
1.70715
1.71994
1.73096
1.73987
1.7464
1.74963
1.74798
1.73954
1.72297
1.69806
1.66603
1.62902
1.58939
1.54938
1.51154
1.47957
1.45806
1.45071
1.45793
1.47638
1.50083
1.52664
1.55103
1.57295
1.59224
1.60897
1.62296
1.63388
1.64174
1.64759
1.65364
1.66229
1.67469
1.6898
1.70521
1.71888
1.73059
1.74208
1.75601
1.77409
1.79583
1.81862
1.83894
1.85345
1.85954
1.85528
1.83944
1.81204
1.77525
1.73444
1.69801
1.67464
1.66849
1.67627
1.68972
1.70106
1.70652
1.7063
1.70266
1.6979
1.69333
1.68913
1.6847
1.67918
1.67179
1.66235
1.65141
1.63966
1.62683
1.61177
1.59418
1.57623
1.56218
1.55582
1.55829
1.56845
1.58437
1.60417
1.62596
1.64777
1.66785
1.68512
1.6995
1.71167
1.72259
1.7326
1.74127
1.74773
1.75123
1.75116
1.74678
1.73683
1.71955
1.69363
1.66031
1.62544
1.59867
1.5874
1.59128
1.60368
1.61721
1.62726
1.63264
1.63467
1.63615
1.64022
1.64942
1.66472
1.68501
1.70715
1.72705
1.74134
1.74849
1.7488
1.74379
1.73552
1.72613
1.71758
1.71162
1.70983
1.7134
1.7228
1.7372
1.75431
1.77066
1.78254
1.78702
1.78271
1.77002
1.75102
1.72867
1.70576
1.68401
1.66387
1.64513
1.62783
1.61318
1.60388
1.60367
1.61551
1.6395
1.67205
1.70702
1.73767
1.75802
1.76337
1.75067
1.7196
1.67462
1.62573
1.58445
1.55688
1.54256
1.53971
1.54804
1.56704
1.59432
1.6259
1.65781
1.68703
1.71186
1.73172
1.74703
1.75886
1.7684
1.77643
1.78334
1.78932
1.7947
1.80004
1.80624
1.81438
1.82531
1.8389
1.85357
1.86625
1.87288
1.86917
1.8518
1.81986
1.77681
1.73073
1.69124
1.66356
1.64648
1.63618
1.63059
1.62975
1.63361
1.64033
1.64682
1.65059
1.6509
1.64797
1.64222
1.63417
1.62497
1.61607
1.60845
1.60224
1.59765
1.59615
1.60024
1.61175
1.63
1.65192
1.67371
1.6923
1.70572
1.71285
1.7131
1.7064
1.69337
1.67563
1.65589
1.63786
1.62568
1.62299
1.63173
1.65127
1.67822
1.70742
1.73335
1.75173
1.76014
1.7582
1.74703
1.72843
1.70445
1.6771
1.64841
1.62048
1.59547
1.57586
1.56455
1.56433
1.57645
1.59933
1.62867
1.65919
1.68639
1.70765
1.72217
1.73055
1.73428
1.73547
1.73635
1.7383
1.74088
1.74202
1.73911
1.73011
1.7145
1.69361
1.67073
1.65051
1.63776
1.63538
1.64294
1.65646
1.66988
1.67709
1.67377
1.65815
1.63124
1.59678
1.56097
1.53114
1.51289
1.50748
1.5123
1.52342
1.53758
1.55294
1.56855
1.58325
1.59491
1.60124
1.60111
1.5951
1.58497
1.57315
1.56243
1.55576
1.55539
1.56129
1.57094
1.5808
1.58879
1.59533
1.60251
1.61239
1.62605
1.64353
1.66442
1.68792
1.7126
1.73631
1.7565
1.77086
1.77802
1.77794
1.77194
1.76234
1.75181
1.74306
1.73851
1.73995
1.74792
1.7611
1.77667
1.79125
1.80199
1.80703
1.80545
1.79677
1.78079
1.75765
1.7282
1.69441
1.65951
1.62783
1.60434
1.59355
1.59785
1.61615
1.64409
1.67608
1.7079
1.73793
1.76618
1.79251
1.8154
1.83233
1.84098
1.84026
1.83069
1.81423
1.79389
1.77319
1.75516
1.74129
1.73135
1.72404
1.71838
1.71432
1.71236
1.71265
1.71431
1.71551
1.71426
1.70928
1.7004
1.68821
1.67334
1.65629
1.63792
1.61992
1.60477
1.59495
1.59161
1.5941
1.60059
1.60945
1.61978
1.63093
1.64185
1.6511
1.65739
1.66042
1.66108
1.66112
1.66224
1.66499
1.66839
1.67016
1.66794
1.6607
1.64953
1.63673
1.62402
1.61124
1.5969
1.57996
1.56079
1.54149
1.5253
1.51573
1.51546
1.52521
1.54308
1.5648
1.58529
1.60024
1.60713
1.60581
1.59844
1.58894
1.58147
1.57852
1.58026
1.58543
1.59289
1.60221
1.61359
1.6271
1.64202
1.65686
1.66945
1.67753
1.67946
1.67468
1.66408
1.64988
1.635
1.6224
1.61454
1.61302
1.61862
1.63141
1.65091
1.67575
1.70321
1.72927
1.7495
1.76038
1.76013
1.74909
1.72958
1.7053
1.68069
1.65997
1.64601
1.63964
1.63963
1.6434
1.64825
1.65252
1.65598
1.65944
1.66359
1.66801
1.67092
1.67016
1.66451
1.65438
1.64168
1.62937
1.621
1.61994
1.62799
1.64408
1.6644
1.6836
1.69663
1.7
1.69219
1.67368
1.64665
1.61465
1.58212
1.55332
1.53143
1.51858
1.51646
1.52683
1.55069
1.58656
1.62971
1.67332
1.71095
1.73839
1.75432
1.75983
1.75768
1.75134
1.74411
1.73818
1.73432
1.7322
1.73148
1.73243
1.73609
1.74371
1.75589
1.7718
1.78914
1.8047
1.81534
1.8186
1.81287
1.79736
1.77215
1.73831
1.69809
1.65478
1.6126
1.57608
1.5492
1.53417
1.53064
1.53581
1.54558
1.55619
1.56538
1.57277
1.57927
1.58639
1.59547
1.60704
1.62046
1.63411
1.646
1.65419
1.657
1.65327
1.64234
1.62456
1.60135
1.57531
1.54983
1.52856
1.51477
1.51065
1.51683
1.53234
1.55491
1.58148
1.6087
1.63312
1.65169
1.66213
1.66338
1.65594
1.64197
1.62513
1.6099
1.60035
1.59856
1.60406
1.61451
1.62713
1.63963
1.65034
1.65818
1.66253
1.66313
1.66022
1.65453
1.64743
1.64084
1.63668
1.63603
1.63851
1.64237
1.64555
1.64673
1.64583
1.64371
1.64144
1.63956
1.6375
1.63357
1.6254
1.6113
1.59219
1.57305
1.56218
1.56684
1.58835
1.62187
1.66043
1.69864
1.73348
1.76348
1.78772
1.80554
1.81667
1.8215
1.82115
1.8172
1.81105
1.80342
1.79428
1.78314
1.7695
1.75296
1.73327
1.71039
1.68487
1.65801
1.63159
1.60745
1.58722
1.57229
1.5638
1.56222
1.56675
1.57548
1.5861
1.59674
1.60647
1.61564
1.626
1.63959
1.65653
1.67347
1.68502
1.68706
1.67875
1.66266
1.64413
1.63016
1.62742
1.63922
1.66303
1.69112
1.71453
1.72681
1.72514
1.70978
1.68307
1.64901
1.61307
1.58176
1.56166
1.55802
1.57345
1.6071
1.65463
1.70939
1.76428
1.81349
1.85335
1.88213
1.89951
1.90606
1.90296
1.89185
1.87475
1.85385
1.83104
1.80748
1.78363
1.75954
1.73556
1.71307
1.69468
1.68358
1.68193
1.68918
1.70202
1.71608
1.72799
1.73645
1.74194
1.74593
1.74994
1.75485
1.76048
1.76552
1.76795
1.76597
1.75915
1.74904
1.73879
1.73182
1.73012
1.73348
1.74026
1.74857
1.75682
1.76362
1.76765
1.76771
1.76304
1.75357
1.7401
1.72449
1.71006
1.70065
1.69832
1.70109
1.70404
1.70267
1.69529
1.68286
1.66761
1.65204
1.63857
1.62943
1.62645
1.63044
1.64108
1.65707
1.67643
1.69646
1.71394
1.72587
1.73061
1.72866
1.72277
1.71721
1.71608
1.72141
1.73221
1.74494
1.75523
1.75964
1.75714
1.74955
1.74049
1.73331
1.72893
1.72512
1.71773
1.70293
1.67905
1.64742
1.61194
1.57797
1.55103
1.53522
1.53226
1.54133
1.55973
1.58376
1.60956
1.63371
1.65363
1.66767
1.67531
1.67711
1.67436
1.66833
1.65962
1.64806
1.63331
1.6157
1.59661
1.57853
1.56455
1.55746
1.55893
1.56911
1.5867
1.60948
1.63479
1.65997
1.68265
1.70107
1.71425
1.72191
1.72404
1.72061
1.71158
1.69721
1.67847
1.65713
1.63558
1.61628
1.60124
1.59194
1.5894
1.59393
1.6046
1.61899
1.63362
1.64498
1.65047
1.64887
1.64044
1.62667
1.60963
1.59165
1.57502
1.56236
1.55681
1.56111
1.57536
1.59598
1.61747
1.63557
1.64909
1.65964
1.67029
1.68378
1.70082
1.71954
1.73637
1.74764
1.75084
1.74504
1.73096
1.71091
1.68872
1.66862
1.65338
1.64328
1.63679
1.6322
1.62851
1.62533
1.6224
1.61928
1.61572
1.61211
1.60987
1.61116
1.6179
1.63044
1.64708
1.66481
1.68083
1.69351
1.70254
1.70853
1.71229
1.71407
1.71304
1.70737
1.69527
1.67668
1.65451
1.63427
1.6218
1.62041
1.6294
1.64485
1.66175
1.67567
1.68382
1.68521
1.68081
1.67306
1.66508
1.65954
1.65767
1.65874
1.66054
1.66039
1.65642
1.64859
1.63888
1.63044
1.62587
1.62582
1.6286
1.63123
1.6312
1.6279
1.6231
1.61999
1.62137
1.62818
1.6393
1.65259
1.66597
1.67791
1.68746
1.69406
1.69765
1.69862
1.69774
1.69589
1.69338
1.68981
1.68424
1.67567
1.66381
1.64951
1.63506
1.62426
1.62187
1.63184
1.65462
1.68611
1.71979
1.75018
1.77453
1.79232
1.80389
1.8095
1.80909
1.80246
1.78988
1.77248
1.75247
1.73291
1.71687
1.70627
1.70079
1.69769
1.69287
1.68238
1.66391
1.63787
1.60795
1.58069
1.56314
1.55955
1.56986
1.59081
1.61787
1.64644
1.67238
1.69234
1.70407
1.70646
1.6994
1.6834
1.65942
1.62928
1.59653
1.56746
1.54963
1.54765
1.55974
1.57924
1.59904
1.61452
1.62389
1.62725
1.62566
1.62075
1.61457
1.60924
1.60665
1.60776
1.61241
1.61951
1.62755
1.6349
1.63984
1.6407
1.63649
1.62757
1.61586
1.6042
1.59521
1.59039
1.58998
1.59363
1.60083
1.61092
1.62287
1.63528
1.64682
1.65647
1.66355
1.66754
1.66794
1.66423
1.65577
1.64185
1.62197
1.59634
1.56653
1.53524
1.50554
1.47981
1.45932
1.44425
1.43395
1.42723
1.42275
1.4196
1.41792
1.41899
1.425
1.43824
1.46023
1.49068
1.52717
1.56559
1.60159
1.63204
1.65588
1.67391
1.68778
1.69888
1.7077
1.71411
1.71799
1.71998
1.72142
1.72375
1.72769
1.73269
1.73706
1.73854
1.73502
1.72531
1.70978
1.69057
1.67119
1.65544
1.64601
1.64386
1.64816
1.65689
1.66743
1.67709
1.68372
1.686
1.68331
1.67556
1.66324
1.64777
1.63176
1.6186
1.61114
1.61055
1.61634
1.62704
1.64096
1.65647
1.6722
1.68715
1.70057
1.71173
1.71984
1.7241
1.72391
1.71905
1.71005
1.69828
1.6858
1.67474
1.66647
1.66119
1.65828
1.65702
1.65719
1.65914
1.66345
1.67045
1.67975
1.69025
1.7004
1.70891
1.71523
1.71981
1.72349
1.72697
1.73024
1.73268
1.73357
1.73259
1.7299
1.72578
1.72045
1.71443
1.70927
1.70725
1.70979
1.7157
1.72148
1.72336
1.7194
1.71006
1.69779
1.68585
1.67711
1.67299
1.6731
1.67563
1.67846
1.68026
1.68085
1.68111
1.68234
1.68551
1.69072
1.69697
1.70272
1.70657
1.7078
1.70641
1.7029
1.698
1.69277
1.68828
1.68513
1.683
1.68099
1.67829
1.67462
1.67029
1.66587
1.66207
1.65958
1.65886
1.65989
1.66224
1.66535
1.66907
1.67404
1.68143
1.69221
1.70623
1.72174
1.73564
1.74472
1.74697
1.74255
1.7335
1.7225
1.71155
1.70152
1.69283
1.68614
1.68233
1.68181
1.6841
1.68792
1.69189
1.69533
1.69883
1.70414
1.71342
1.72784
1.74646
1.76634
1.78401
1.7973
1.80606
1.81154
1.81476
1.81585
1.81456
1.8111
1.8062
1.801
1.79668
1.79425
1.794
1.79495
1.79489
1.79101
1.78079
1.76273
1.73664
1.70366
1.66606
1.62675
1.58869
1.55428
1.52511
1.5024
1.48801
1.48461
1.49432
1.51658
1.54723
1.58014
1.60962
1.63191
1.64514
1.64879
1.64332
1.63046
1.61393
1.59937
1.59259
1.59666
1.61032
1.62909
1.64776
1.66217
1.66947
1.66797
1.65732
1.63937
1.61904
1.60382
1.60104
1.61391
1.63989
1.67312
1.70801
1.74093
1.7698
1.79303
1.8094
1.81787
1.81714
1.80514
1.77956
1.74076
1.69593
1.65871
1.63951
1.63639
1.63968
1.6417
1.6397
1.63389
1.62574
1.61707
1.60946
1.60378
1.6002
1.59878
1.60018
1.60603
1.61849
1.63919
1.66817
1.70349
1.74161
1.77834
1.80979
1.83301
1.84623
1.84887
1.84138
1.82505
1.8016
1.7728
1.74036
1.70612
1.67249
1.64258
1.61924
1.60373
1.5951
1.59125
1.59086
1.59446
1.60342
1.61713
1.63184
1.64292
1.64768
1.64605
1.63937
1.62908
1.61604
1.60056
1.58266
1.56244
1.54054
1.51823
1.49765
1.48154
1.47254
1.47202
1.47948
1.49307
1.51093
1.53194
1.5555
1.58046
1.60487
1.62623
1.6423
1.65166
1.65392
1.64968
1.6407
1.63004
1.62191
1.62043
1.62724
1.63989
1.65313
1.66234
1.66603
1.66585
1.66491
1.66612
1.67141
1.68129
1.69477
1.71
1.72522
1.73955
1.75319
1.76711
1.78252
1.80012
1.81934
1.83817
1.85359
1.86241
1.86199
1.85074
1.82829
1.79576
1.75547
1.71067
1.66506
1.6228
1.58854
1.56728
1.5631
1.57697
1.60529
1.64086
1.67548
1.70225
1.71682
1.71787
1.70704
1.68814
1.66563
1.64304
1.62254
1.60573
1.59469
1.59205
1.59954
1.61603
1.63698
1.65678
1.67195
1.68243
1.69034
1.69758
1.70422
1.7087
1.70906
1.70407
1.6937
1.67907
1.66197
1.64451
1.62845
1.61492
1.6045
1.59756
1.59418
1.59348
1.59343
1.59131
1.58492
1.57375
1.55933
1.5446
1.53283
1.52703
1.52942
1.5413
1.56256
1.59145
1.6247
1.65844
1.68961
1.7169
1.74072
1.76182
1.77986
1.79299
1.79871
1.7951
1.78156
1.75893
1.72924
1.69547
1.66138
1.63101
1.60814
1.59549
1.5944
1.60446
1.62355
1.64804
1.67326
1.69449
1.70788
1.7116
1.7063
1.69457
1.67973
1.66437
1.64976
1.63629
1.62409
1.61339
1.60457
1.59822
1.59467
1.59306
1.59098
1.58543
1.57478
1.56006
1.54494
1.5344
1.5327
1.54201
1.562
1.59022
1.62262
1.65409
1.67924
1.69345
1.69382
1.67979
1.65329
1.61845
1.58054
1.54462
1.51463
1.49358
1.48386
1.48644
1.49945
1.5181
1.53683
1.55147
1.56016
1.56323
1.56264
1.56163
1.56417
1.5741
1.59368
1.6223
1.65647
1.69134
1.72224
1.7456
1.75876
1.75997
1.74853
1.72516
1.69242
1.65452
1.61694
1.58551
1.56509
1.55788
1.56231
1.57401
1.58838
1.60271
1.61649
1.63026
1.64432
1.65817
1.67063
1.6804
1.68656
1.68888
1.68783
1.68439
1.67978
1.67518
1.67141
1.66872
1.66672
1.66451
1.66112
1.65621
1.65067
1.6466
1.64659
1.65243
1.66418
1.68031
1.69871
1.7178
1.73695
1.75603
1.77463
1.79145
1.80444
1.81177
1.81293
1.809
1.80149
1.79058
1.77458
1.75176
1.72266
1.69095
1.66196
1.64005
1.62683
1.62144
1.62226
1.62823
1.63867
1.65238
1.66744
1.68177
1.69405
1.70413
1.71266
1.72013
1.72639
1.73096
1.7337
1.73487
1.73476
1.73335
1.73061
1.72703
1.72368
1.72166
1.72122
1.72111
1.71901
1.71244
1.69977
1.68084
1.65704
1.63103
1.60601
1.58501
1.5704
1.56393
1.56657
1.57813
1.5966
1.61844
1.6398
1.65799
1.67199
1.68232
1.69048
1.69865
1.70922
1.72393
1.7428
1.76352
1.78207
1.79417
1.79681
1.78891
1.77155
1.74761
1.72075
1.69401
1.66888
1.64538
1.62313
1.60258
1.58533
1.57369
1.56989
1.5755
1.59091
1.61494
1.64461
1.67539
1.70208
1.71986
1.72523
1.71666
1.69485
1.66278
1.62504
1.58671
1.55233
1.52511
1.50699
1.49888
1.50093
1.51242
1.53124
1.55369
1.57514
1.5914
1.59976
1.5994
1.59114
1.57704
1.5599
1.54277
1.52837
1.51831
1.51263
1.51016
1.50981
1.51184
1.51814
1.53108
1.55205
1.58085
1.61603
1.65574
1.69792
1.7401
1.77929
1.8122
1.83579
1.84787
1.84773
1.83665
1.81815
1.79704
1.7773
1.76033
1.74507
1.72987
1.71354
1.69525
1.67395
1.64872
1.61985
1.58993
1.56385
1.54703
1.54247
1.54974
1.56684
1.59201
1.62274
1.65429
1.6814
1.70128
1.71438
1.72275
1.72788
1.72932
1.72483
1.71165
1.68811
1.65479
1.61472
1.57314
1.53689
1.51295
1.50565
1.51429
1.53359
1.55669
1.57856
1.59772
1.61577
1.635
1.65568
1.67582
1.69294
1.7061
1.71659
1.72677
1.73794
1.74898
1.75705
1.7596
1.75608
1.74819
1.739
1.73186
1.7293
1.73221
1.73961
1.74906
1.75759
1.76276
1.76322
1.75906
1.75209
1.74528
1.74115
1.73994
1.73969
1.73812
1.73419
1.72802
1.71982
1.70942
1.69631
1.68007
1.66056
1.63834
1.61537
1.59525
1.58186
1.57685
1.57855
1.58344
1.5882
1.59033
1.58799
1.57997
1.56612
1.54796
1.52957
1.51802
1.52179
1.54587
1.5874
1.63678
1.68346
1.7205
1.74536
1.75854
1.76191
1.75748
1.74669
1.73051
1.71011
1.68743
1.66504
1.64521
1.62913
1.61663
1.60671
1.59827
1.59069
1.58419
1.57982
1.57898
1.58284
1.59182
1.60524
1.62146
1.63824
1.65323
1.66453
1.67125
1.6739
1.67433
1.67515
1.67876
1.68656
1.69854
1.71343
1.72935
1.74426
1.75641
1.76479
1.76959
1.7721
1.77418
1.77736
1.78195
1.78721
1.79186
1.79508
1.79683
1.79791
1.79937
1.80176
1.80451
1.80589
1.80348
1.79491
1.77843
1.7533
1.72
1.68038
1.63779
1.59689
1.56263
1.53875
1.5264
1.52407
1.52871
1.53714
1.54664
1.55489
1.55966
1.55892
1.55087
1.5346
1.51126
1.4851
1.46301
1.45199
1.45602
1.47441
1.50233
1.53277
1.55923
1.57775
1.58801
1.59278
1.59635
1.60256
1.61347
1.62863
1.6455
1.66045
1.67027
1.67342
1.67074
1.66519
1.66075
1.66089
1.66741
1.68028
1.69825
1.71952
1.74238
1.76556
1.78847
1.8111
1.83312
1.85268
1.86609
1.86947
1.8608
1.84107
1.81377
1.78333
1.75348
1.72666
1.70463
1.68897
1.68069
1.67923
1.68194
1.68498
1.68484
1.67928
1.6676
1.65025
1.6286
1.60486
1.58207
1.56361
1.5521
1.54842
1.55156
1.5592
1.56872
1.5784
1.58802
1.5988
1.6126
1.63092
1.65408
1.68097
1.70938
1.73656
1.75977
1.77657
1.78506
1.78422
1.77452
1.75818
1.73866
1.71929
1.70172
1.6857
1.67016
1.65485
1.64099
1.63117
1.6286
1.63615
1.65501
1.68313
1.71464
1.74179
1.75856
1.76289
1.75665
1.74432
1.73098
1.72067
1.71511
1.71342
1.71286
1.71026
1.70358
1.69282
1.67988
1.66796
1.66025
1.65852
1.66216
1.66879
1.67609
1.68375
1.69358
1.70756
1.72553
1.74494
1.76252
1.77597
1.78453
1.78856
1.78879
1.78581
1.77969
1.76971
1.75427
1.7314
1.69993
1.66061
1.61628
1.57098
1.52898
1.49469
1.47275
1.46748
1.48106
1.51223
1.55633
1.60703
1.6584
1.70609
1.7473
1.78022
1.80361
1.81673
1.81956
1.81281
1.7977
1.77565
1.7484
1.71828
1.68838
1.66221
1.64307
1.6332
1.63305
1.6412
1.65471
1.67021
1.6849
1.69728
1.70709
1.7149
1.72174
1.72887
1.7376
1.7488
1.76168
1.77311
1.77843
1.77356
1.75653
1.72765
1.68889
1.64307
1.59336
1.54324
1.49646
1.45692
1.42857
1.41515
1.41945
1.44175
1.47826
1.52158
1.56352
1.59784
1.62118
1.63267
1.63302
1.62386
1.6075
1.58682
1.56498
1.54487
1.52843
1.51617
1.50752
1.50216
1.50159
1.50895
1.52579
1.54912
1.57243
1.58974
1.59807
1.59729
1.58902
1.57571
1.56001
1.54438
1.53101
1.52217
1.52066
1.52962
1.55106
1.58426
1.62537
1.66874
1.70897
1.7424
1.76768
1.7854
1.79734
1.80536
1.81094
1.81483
1.81718
1.81746
1.81447
1.80655
1.79227
1.77121
1.74439
1.71428
1.68404
1.6567
1.63445
1.61835
1.6083
1.6033
1.60174
1.60201
1.60307
1.60488
1.60818
1.61376
1.62159
1.63048
1.63846
1.64372
1.64561
1.6449
1.64366
1.64417
1.64758
1.65309
1.65848
1.66124
1.65926
1.65128
1.63708
1.61782
1.5963
1.57665
1.56364
1.56146
1.57214
1.59462
1.62511
1.65878
1.69126
1.71953
1.74202
1.75821
1.76777
1.77019
1.7651
1.75318
1.73648
1.71784
1.69968
1.68324
1.66878
1.65651
1.64694
1.6405
1.63657
1.63306
1.62696
1.61598
1.60058
1.5848
1.57456
1.57436
1.58467
1.60196
1.62094
1.63696
1.64748
1.65215
1.65206
1.64878
1.64395
1.63918
1.63611
1.63603
1.63959
1.64664
1.65626
1.66696
1.67712
1.68538
1.69089
1.69337
1.693
1.6903
1.68597
1.68067
1.67495
1.66922
1.66384
1.65916
1.65558
1.65359
1.65396
1.65763
1.66507
1.67562
1.68741
1.6982
1.70657
1.71259
1.71751
1.7229
1.7297
1.73751
1.74459
1.74832
1.74591
1.73531
1.71585
1.68868
1.65701
1.62565
1.59971
1.58247
1.5738
1.57037
1.56768
1.56251
1.55435
1.5458
1.54178
1.54733
1.56457
1.59118
1.62165
1.65004
1.67208
1.68597
1.69164
1.69014
1.68342
1.67493
1.66965
1.67252
1.68545
1.70593
1.72857
1.7477
1.75889
1.75937
1.74808
1.72592
1.69558
1.66121
1.62777
1.60029
1.58312
1.57906
1.58866
1.61014
1.63981
1.67319
1.70605
1.73529
1.75927
1.77772
1.79128
1.80101
1.80816
1.81405
1.81972
1.82533
1.82994
1.8321
1.83059
1.82505
1.81576
1.8033
1.78802
1.77021
1.75024
1.72891
1.70781
1.68933
1.67644
1.67159
1.67539
1.68591
1.69919
1.71105
1.71873
1.72157
1.72068
1.71764
1.71366
1.70913
1.70402
1.69829
1.6922
1.68605
1.67973
1.67236
1.66249
1.64905
1.63236
1.61404
1.59518
1.57558
1.55562
1.53824
1.52826
1.5297
1.54342
1.56639
1.59298
1.61738
1.63589
1.64777
1.65427
1.65718
1.65787
1.65729
1.65635
1.6561
1.65705
1.65848
1.65859
1.65547
1.64761
1.63378
1.61317
1.58671
1.55833
1.5344
1.52046
1.5182
1.52545
1.53849
1.55405
1.56975
1.58383
1.59468
1.6009
1.602
1.59963
1.59762
1.60029
1.60984
1.6253
1.64344
1.66055
1.67344
1.67963
1.67758
1.66732
1.65107
1.63289
1.61742
1.60795
1.60535
1.60882
1.61752
1.63121
1.64906
1.66872
1.68714
1.70209
1.71259
1.71847
1.71967
1.71608
1.70781
1.69559
1.68113
1.6671
1.65659
1.65233
1.65565
1.66591
1.68062
1.69636
1.70993
1.71904
1.72244
1.7197
1.71121
1.69832
1.68368
1.67115
1.66461
1.66628
1.67593
1.69154
1.71023
1.72869
1.74363
1.7524
1.75357
1.7474
1.73591
1.72249
1.71104
1.70454
1.70365
1.70646
1.70952
1.70935
1.70346
1.69081
1.67178
1.64821
1.62329
1.60098
1.585
1.57743
1.57792
1.58469
1.59664
1.61437
1.63891
1.66907
1.7009
1.72966
1.75184
1.76589
1.7714
1.76845
1.75787
1.74175
1.72332
1.70591
1.69156
1.68056
1.67226
1.6663
1.66308
1.66349
1.66829
1.67769
1.6915
1.7093
1.73057
1.75447
1.77974
1.80448
1.82633
1.8427
1.85103
1.84918
1.83569
1.81027
1.77436
1.73172
1.68884
1.65414
1.63519
1.63521
1.65098
1.67454
1.69716
1.71286
1.71964
1.71857
1.71208
1.70299
1.69446
1.68987
1.69171
1.70035
1.71401
1.72991
1.74556
1.75931
1.77035
1.77818
1.78239
1.78245
1.77793
1.76863
1.75463
1.73624
1.71383
1.68796
1.65962
1.63053
1.60299
1.57953
1.56223
1.55204
1.54842
1.54961
1.55357
1.55919
1.56716
1.57983
1.59943
1.62594
1.65661
1.68741
1.71491
1.73706
1.75289
1.76207
1.76467
1.76136
1.75354
1.74337
1.73333
1.72543
1.72059
1.71852
1.71781
1.71658
1.71289
1.7051
1.69217
1.67404
1.652
1.62889
1.60882
1.59607
1.59335
1.60037
1.61388
1.62926
1.64266
1.65229
1.65851
1.66305
1.66777
1.67359
1.68
1.68574
1.69001
1.69308
1.69572
1.69834
1.70051
1.70096
1.69848
1.69254
1.68375
1.67371
1.66444
1.65748
1.65326
1.65128
1.65096
1.65235
1.65628
1.6638
1.67515
1.68891
1.70179
1.70974
1.70998
1.70254
1.69026
1.6774
1.6674
1.6615
1.65899
1.65856
1.65939
1.66126
1.6639
1.66661
1.66829
1.66767
1.66364
1.65541
1.64263
1.62553
1.60519
1.58367
1.56364
1.54754
1.53634
1.52909
1.52364
1.51831
1.51351
1.51233
1.51969
1.53967
1.57267
1.61487
1.66032
1.7038
1.7421
1.77381
1.79842
1.81561
1.82499
1.82647
1.82086
1.81037
1.79834
1.78788
1.78011
1.77371
1.76624
1.75601
1.74241
1.72492
1.70233
1.67425
1.6447
1.62382
1.62229
1.64187
1.67451
1.7106
1.74417
1.77239
1.7934
1.80522
1.80589
1.79422
1.77057
1.73719
1.69809
1.65846
1.62406
1.59992
1.58898
1.5909
1.60243
1.61909
1.63708
1.65405
1.66896
1.68174
1.69295
1.70352
1.71434
1.72576
1.73734
1.74807
1.75682
1.76304
1.76703
1.76995
1.77307
1.77682
1.78029
1.7815
1.77842
1.76996
1.7565
1.73973
1.72185
1.70448
1.68795
1.67178
1.65618
1.64287
1.63428
1.63173
1.63412
1.63801
1.63902
1.63348
1.62015
1.6016
1.5843
1.57631
1.5829
1.60378
1.63427
1.66834
1.70088
1.72824
1.74802
1.75883
1.76028
1.75299
1.7383
1.71783
1.69341
1.66743
1.64315
1.62426
1.6134
1.61085
1.6144
1.62068
1.6268
1.63131
1.63414
1.6362
1.63894
1.64392
1.65169
1.66105
1.66943
1.67452
1.6756
1.67368
1.67088
1.66932
1.67004
1.6724
1.67449
1.67401
1.66915
1.65911
1.64443
1.62722
1.61069
1.59798
1.59058
1.58737
1.58525
1.58082
1.57234
1.56073
1.54907
1.54076
1.5381
1.54225
1.55384
1.57282
1.59738
1.62322
1.64456
1.65676
1.65825
1.65098
1.63899
1.6262
1.61466
1.60473
1.59637
1.59004
1.58669
1.58664
1.58888
1.5916
1.59406
1.5979
1.60611
1.62037
1.63899
1.65738
1.67071
1.67636
1.67494
1.6695
1.66402
1.66188
1.66482
1.67263
1.6834
1.69396
1.70078
1.70091
1.69288
1.67744
1.65751
1.63767
1.62308
1.61821
1.62591
1.64684
1.67911
1.71855
1.75984
1.79769
1.8279
1.84783
1.8563
1.85351
1.84076
1.82028
1.79498
1.76798
1.74199
1.71864
1.6982
1.67998
1.66325
1.64849
1.63797
1.6347
1.64017
1.65274
1.66848
1.68324
1.69407
1.69948
1.6991
1.69324
1.68265
1.66875
1.65345
1.63852
1.62472
1.61207
1.60078
1.59196
1.58723
1.58779
1.59338
1.60229
1.61218
1.62084
1.62641
1.62746
1.62298
1.61284
1.59818
1.58124
1.56502
1.55297
1.5488
1.55505
1.57146
1.59407
1.61701
1.6353
1.64672
1.65181
1.65286
1.65257
1.65304
1.65529
1.65915
1.66354
1.66706
1.66847
1.66717
1.66321
1.65698
1.64883
1.63884
1.62688
1.61283
1.59676
1.57925
1.5618
1.54746
1.54066
1.54548
1.56304
1.59005
1.6202
1.64705
1.66649
1.67752
1.68187
1.68284
1.68389
1.68711
1.69245
1.69814
1.70226
1.70385
1.70303
1.70005
1.69453
1.68524
1.67081
1.65077
1.62664
1.60199
1.58146
1.56886
1.56565
1.57086
1.58243
1.5984
1.61737
1.63844
1.66089
1.68402
1.70668
1.72735
1.74444
1.75681
1.76392
1.76563
1.76198
1.75318
1.73974
1.72296
1.70516
1.68951
1.67899
1.67486
1.67632
1.6813
1.6874
1.69254
1.6953
1.69506
1.69215
1.6877
1.68338
1.68095
1.68178
1.68631
1.69408
1.70411
1.71534
1.7267
1.73695
1.74452
1.74778
1.74534
1.73622
1.72013
1.69803
1.67313
1.65104
1.63747
1.63467
1.64045
1.65107
1.66368
1.67669
1.68911
1.70016
1.70934
1.7165
1.72154
1.72444
1.72517
1.7239
1.72133
1.71881
1.71806
1.72064
1.72759
1.73909
1.75405
1.76963
1.78187
1.78755
1.78576
1.77855
1.77004
1.76469
1.76529
1.77174
1.78098
1.78834
1.78956
1.78244
1.76765
1.74837
1.72856
1.71108
1.69678
1.68509
1.67532
1.66772
1.66356
1.66417
1.66967
1.67835
1.68741
1.69425
1.69734
1.69631
1.69192
1.68577
1.68002
1.67648
1.67571
1.6766
1.67676
1.67343
1.66465
1.64981
1.63003
1.60784
1.58652
1.56908
1.55743
1.5521
1.5526
1.55786
1.56585
1.57356
1.57808
1.57816
1.57458
1.56958
1.56584
1.56576
1.57138
1.58434
1.60556
1.63463
1.66954
1.70711
1.74385
1.77664
1.80308
1.82156
1.83121
1.83198
1.82479
1.81159
1.79527
1.77922
1.7665
1.75884
1.75609
1.75642
1.75733
1.75681
1.75425
1.75068
1.74824
1.74944
1.75614
1.76891
1.78645
1.80586
1.82341
1.83564
1.84019
1.83607
1.8235
1.80356
1.77831
1.75175
1.7308
1.72346
1.73313
1.75487
1.77946
1.8003
1.81572
1.82699
1.83549
1.84153
1.84462
1.84392
1.83856
1.82787
1.81143
1.7892
1.76181
1.73098
1.70015
1.67426
1.65821
1.65476
1.66306
1.67909
1.69713
1.7116
1.71856
1.71621
1.70485
1.68611
1.6621
1.6349
1.60659
1.57938
1.55539
1.53636
1.52355
1.51837
1.52281
1.53827
1.56309
1.59252
1.62154
1.64726
1.66867
1.68539
1.69737
1.70504
1.70935
1.71154
1.71302
1.71528
1.71929
1.72465
1.72933
1.73094
1.72843
1.72288
1.71689
1.71308
1.71282
1.71579
1.72021
1.72386
1.72467
1.7214
1.71423
1.70498
1.69685
1.69291
1.69417
1.69872
1.70254
1.70164
1.69396
1.68003
1.66266
1.64604
1.63465
1.63208
1.63989
1.6568
1.67893
1.70115
1.71887
1.72946
1.73271
1.73033
1.72525
1.72071
1.71881
1.7195
1.7208
1.72018
1.71601
1.70817
1.6974
1.68446
1.66983
1.65387
1.63742
1.62223
1.61078
1.60567
1.60855
1.6195
1.63665
1.65668
1.67574
1.69071
1.69997
1.70378
1.70372
1.70181
1.69966
1.69809
1.69744
1.69782
1.69945
1.7025
1.70681
1.71181
1.71702
1.72259
1.72939
1.73811
1.74808
1.75702
1.76169
1.75934
1.74859
1.72971
1.70415
1.67402
1.64143
1.60825
1.57622
1.54711
1.52264
1.50403
1.49159
1.48513
1.48462
1.49013
1.50115
1.51585
1.53149
1.54531
1.55538
1.56091
1.56217
1.55998
1.55533
1.54938
1.54357
1.53976
1.53997
1.54577
1.55767
1.57514
1.59706
1.62214
1.649
1.67592
1.70054
1.71999
1.73164
1.73386
1.72682
1.71278
1.69564
1.68002
1.66997
1.66778
1.67317
1.68325
1.69323
1.69798
1.69373
1.67922
1.65599
1.6278
1.59924
1.57452
1.5568
1.54835
1.55101
1.56607
1.59293
1.6278
1.66341
1.69099
1.7032
1.69648
1.67202
1.63527
1.59452
1.55875
1.5353
1.5281
1.53642
1.55505
1.57656
1.59448
1.60571
1.61106
1.614
1.61845
1.62675
1.63897
1.65366
1.66904
1.68364
1.69643
1.70662
1.71339
1.71614
1.71512
1.71182
1.70877
1.70866
1.71345
1.7239
1.73966
1.75923
1.7797
1.79704
1.80729
1.80775
1.79792
1.77967
1.75694
1.73486
1.71824
1.7101
1.7109
1.71902
1.73186
1.74685
1.76209
1.77651
1.78957
1.80119
1.81156
1.82085
1.8291
1.8362
1.84223
1.84746
1.85173
1.85391
1.85181
1.84294
1.82568
1.80017
1.76897
1.73675
1.70909
1.69074
1.68386
1.68767
1.69906
1.71383
1.72767
1.73711
1.74006
1.73609
1.7262
1.71228
1.69623
1.67937
1.66224
1.64483
1.62702
1.60888
1.59086
1.57374
1.55855
1.54658
1.53934
1.53813
1.54303
1.55208
1.56142
1.56642
1.5631
1.54941
1.52661
1.5002
1.479
1.47203
1.48448
1.5156
1.55978
1.60935
1.65739
1.69943
1.73382
1.76099
1.78229
1.79896
1.81131
1.81868
1.81973
1.81336
1.79984
1.78151
1.76247
1.74692
1.73727
1.73344
1.73382
1.73666
1.74054
1.74425
1.7467
1.74698
1.74483
1.7409
1.73669
1.7341
1.73477
1.7395
1.74803
1.75908
1.77082
1.78173
1.79132
1.80026
1.8096
1.81941
1.82801
1.83245
1.82988
1.81854
1.79788
1.76813
1.73011
1.68518
1.63546
1.58413
1.53582
1.49642
1.4722
1.46813
1.48589
1.52245
1.57075
1.62215
1.66892
1.70572
1.73015
1.74253
1.74508
1.74061
1.73142
1.71897
1.7043
1.68837
1.67248
1.65816
1.64688
1.63959
1.63644
1.63676
1.63946
1.64306
1.64565
1.64534
1.64111
1.63362
1.6252
1.61923
1.61885
1.62536
1.63746
1.65234
1.66736
1.68106
1.69333
1.70536
1.71888
1.7346
1.75064
1.76311
1.76859
1.76625
1.75785
1.74647
1.73487
1.72432
1.71429
1.70314
1.6892
1.67199
1.65308
1.63604
1.62495
1.62244
1.62855
1.64133
1.65812
1.67657
1.69456
1.70985
1.71991
1.72251
1.71642
1.70194
1.68093
1.65624
1.63143
1.61089
1.59982
1.60261
1.61969
1.64611
1.67381
1.69561
1.70763
1.70931
1.70247
1.69028
1.67623
1.66339
1.65378
1.64818
1.64615
1.64629
1.6467
1.64572
1.64302
1.64012
1.63953
1.64279
1.64872
1.65394
1.65475
1.64882
1.63597
1.61871
1.6025
1.59448
1.59955
1.6166
1.63964
1.66233
1.68109
1.69455
1.70201
1.70267
1.69605
1.68261
1.66402
1.64289
1.62245
1.60593
1.59566
1.59248
1.59573
1.60354
1.61311
1.62108
1.62393
1.61886
1.60452
1.58207
1.55556
1.53103
1.51435
1.50861
1.51323
1.52526
1.54114
1.55784
1.57294
1.58451
1.59118
1.5924
1.5888
1.5825
1.57699
1.57611
1.58257
1.59653
1.61544
1.63521
1.65209
1.66366
1.66908
1.66843
1.66231
1.65142
1.63647
1.61857
1.59983
1.58342
1.57263
1.56933
1.57285
1.5801
1.58688
1.58956
1.58642
1.57805
1.56683
1.55591
1.54826
1.54633
1.55179
1.56533
1.5865
1.61389
1.64551
1.67912
1.71241
1.74309
1.76897
1.78816
1.79943
1.80255
1.79856
1.78964
1.77858
1.76818
1.76075
1.75779
1.7596
1.76516
1.77239
1.77864
1.78145
1.77935
1.77227
1.76155
1.74956
1.73884
1.73111
1.72681
1.72525
1.72538
1.72638
1.72783
1.72959
1.73154
1.73326
1.73386
1.73222
1.72761
1.72034
1.71193
1.70465
1.70047
1.7001
1.70293
1.7078
1.71394
1.72137
1.73041
1.741
1.75225
1.76254
1.76991
1.77269
1.77014
1.76264
1.75153
1.7384
1.7246
1.71111
1.69854
1.68716
1.67703
1.66825
1.66119
1.65635
1.654
1.6537
1.65448
1.65543
1.65625
1.65724
1.65877
1.66085
1.6635
1.6677
1.67526
1.687
1.7012
1.71466
1.72486
1.73078
1.73227
1.72916
1.72137
1.70957
1.69574
1.68317
1.67525
1.67336
1.67587
1.67912
1.67949
1.67458
1.66301
1.64377
1.61629
1.5815
1.54337
1.50968
1.48993
