1.09436
1.08755
1.08251
1.08148
1.08558
1.0945
1.10676
1.1204
1.13363
1.14533
1.15506
1.16294
1.16923
1.17413
1.17767
1.1798
1.1804
1.1793
1.17637
1.17163
1.16538
1.15822
1.1509
1.14413
1.13838
1.13384
1.13039
1.12785
1.12613
1.12547
1.12636
1.12932
1.13463
1.14205
1.15065
1.15898
1.16562
1.16983
1.17158
1.17068
1.16591
1.1556
1.13933
1.11935
1.10031
1.08724
1.08287
1.08637
1.09447
1.10344
1.11049
1.11434
1.11496
1.11311
1.10979
1.10599
1.10266
1.10089
1.1018
1.10628
1.11464
1.12627
1.13966
1.15268
1.16315
1.16933
1.17029
1.16607
1.15764
1.14687
1.13644
1.1295
1.12889
1.13618
1.15097
1.17107
1.19336
1.21458
1.23196
1.2438
1.24969
1.2503
1.24679
1.24027
1.23184
1.22296
1.21566
1.21225
1.21448
1.22281
1.23621
1.25247
1.26872
1.28211
1.29044
1.29249
1.28818
1.27837
1.26441
1.24757
1.22876
1.2084
1.18662
1.16338
1.1387
1.11321
1.08867
1.06826
1.05554
1.05291
1.06063
1.07718
1.10006
1.12644
1.15328
1.17757
1.19671
1.20883
1.21304
1.20932
1.19846
1.18204
1.16256
1.14314
1.1268
1.11527
1.10843
1.10492
1.10329
1.10284
1.1036
1.106
1.11039
1.11668
1.12425
1.13205
1.139
1.14459
1.14912
1.15315
1.15653
1.15821
1.157
1.15246
1.14509
1.136
1.12666
1.11862
1.11329
1.11138
1.11268
1.11628
1.12075
1.12425
1.1246
1.11984
1.10897
1.09267
1.07342
1.05504
1.04152
1.03548
1.0373
1.04524
1.0566
1.06895
1.08074
1.09122
1.10012
1.10737
1.11306
1.11752
1.12116
1.12455
1.12836
1.13342
1.1404
1.14925
1.15851
1.16567
1.16821
1.16472
1.15517
1.14053
1.12243
1.10278
1.08356
1.06643
1.05239
1.04189
1.03527
1.03336
1.03747
1.04898
1.06816
1.09344
1.12157
1.14869
1.17158
1.18843
1.19902
1.20426
1.20551
1.20379
1.19945
1.19246
1.183
1.17176
1.1599
1.14871
1.13916
1.13169
1.12613
1.12196
1.11838
1.11465
1.11013
1.1044
1.09722
1.08867
1.07925
1.06991
1.06185
1.05619
1.05355
1.0538
1.05615
1.05943
1.06263
1.0653
1.06774
1.07064
1.0746
1.07961
1.08506
1.08999
1.09355
1.09529
1.09535
1.09441
1.09336
1.09306
1.09392
1.09587
1.09844
1.10094
1.10269
1.10326
1.10292
1.10303
1.10611
1.1151
1.13158
1.15413
1.17842
1.19916
1.21213
1.21505
1.20769
1.19168
1.1702
1.1476
1.12877
1.11786
1.1166
1.12331
1.13415
1.1452
1.15394
1.15954
1.16249
1.16417
1.16604
1.16901
1.17294
1.17674
1.17873
1.17736
1.17205
1.16365
1.15439
1.14697
1.14326
1.14347
1.14638
1.15012
1.15294
1.15368
1.15202
1.14847
1.14425
1.14084
1.13935
1.13993
1.14174
1.14336
1.1435
1.14168
1.13843
1.13514
1.13361
1.1355
1.14186
1.15285
1.1677
1.18443
1.2001
1.21132
1.21527
1.21062
1.19802
1.17994
1.15973
1.14012
1.12215
1.10532
1.08872
1.07229
1.0574
1.04653
1.04203
1.04481
1.05379
1.06614
1.07815
1.08615
1.08783
1.0833
1.07567
1.07
1.07063
1.07907
1.09387
1.11224
1.13135
1.14881
1.16268
1.17153
1.17465
1.17224
1.16542
1.1558
1.14503
1.13445
1.12514
1.11796
1.11363
1.11269
1.11541
1.12154
1.12994
1.1385
1.14464
1.14611
1.14161
1.13124
1.1165
1.10016
1.08554
1.07547
1.07132
1.07256
1.07729
1.08329
1.08869
1.09218
1.093
1.09082
1.08589
1.07899
1.07142
1.06449
1.05901
1.05507
1.05256
1.05174
1.05293
1.05608
1.0607
1.06638
1.07304
1.08069
1.08909
1.09776
1.10648
1.11565
1.12568
1.13572
1.14367
1.1473
1.14539
1.13787
1.12543
1.10924
1.09088
1.07247
1.05645
1.0453
1.04091
1.04404
1.05389
1.06815
1.0835
1.09661
1.1049
1.10697
1.10267
1.09283
1.07897
1.06277
1.04575
1.02894
1.01296
0.998452
0.986512
0.978669
0.976544
0.98128
0.99311
1.01126
1.03414
1.05964
1.08553
1.10962
1.12985
1.14438
1.15173
1.1512
1.14338
1.13039
1.11566
1.10306
1.09554
1.09426
1.09865
1.10688
1.11655
1.12538
1.13175
1.135
1.13544
1.13412
1.13232
1.13099
1.13058
1.13088
1.13111
1.13029
1.1278
1.1238
1.11901
1.11422
1.10994
1.1066
1.10454
1.10389
1.10433
1.10504
1.10504
1.10362
1.10059
1.09629
1.09148
1.08721
1.08438
1.08348
1.08444
1.08688
1.09034
1.09443
1.09861
1.10201
1.10356
1.1026
1.09953
1.0956
1.09208
1.08924
1.08631
1.08205
1.07527
1.0651
1.05142
1.03576
1.02209
1.01608
1.02202
1.03969
1.06415
1.08835
1.10604
1.11317
1.10806
1.09135
1.06576
1.03602
1.00874
0.991173
0.988234
0.999589
1.02038
1.04487
1.06905
1.0909
1.10965
1.12521
1.13779
1.14773
1.15525
1.16043
1.16322
1.16357
1.16135
1.15627
1.14812
1.13724
1.12521
1.11521
1.11125
1.11642
1.13126
1.15329
1.17796
1.20003
1.21486
1.21943
1.21302
1.19748
1.1772
1.15818
1.14579
1.14195
1.14437
1.14847
1.14988
1.14576
1.13533
1.11996
1.10269
1.08679
1.07427
1.0654
1.05967
1.05683
1.05687
1.05964
1.0645
1.07073
1.07793
1.08611
1.09538
1.10573
1.11692
1.12842
1.13939
1.14864
1.15476
1.15647
1.15319
1.14593
1.1377
1.13254
1.13309
1.13859
1.14582
1.15179
1.15535
1.15679
1.15698
1.15662
1.15622
1.15631
1.15742
1.15997
1.16369
1.16756
1.16997
1.16931
1.16438
1.15462
1.14007
1.12124
1.09951
1.07772
1.06011
1.05078
1.05099
1.05823
1.06814
1.07738
1.0848
1.09083
1.09617
1.10082
1.10392
1.1045
1.10248
1.09919
1.09707
1.09872
1.10555
1.11687
1.13004
1.14197
1.15066
1.15589
1.15872
1.16042
1.16169
1.16221
1.16097
1.15682
1.14912
1.13807
1.12464
1.11016
1.09598
1.08334
1.07341
1.06715
1.06535
1.06901
1.07899
1.09485
1.11402
1.1327
1.14747
1.15641
1.15926
1.15686
1.15047
1.14129
1.13048
1.11961
1.11099
1.1075
1.11152
1.12351
1.1416
1.16281
1.18465
1.2055
1.22408
1.23882
1.24775
1.24911
1.24219
1.22842
1.21195
1.19834
1.19117
1.18979
1.19068
1.19034
1.18674
1.17916
1.16773
1.1532
1.1367
1.11958
1.10304
1.08796
1.07511
1.06582
1.06225
1.06639
1.078
1.09391
1.10981
1.12254
1.13097
1.13558
1.13762
1.13859
1.14014
1.14391
1.15109
1.16182
1.17498
1.18832
1.19929
1.2059
1.20727
1.20362
1.19597
1.18571
1.17418
1.1623
1.15038
1.1382
1.12521
1.11091
1.09515
1.07827
1.06097
1.0442
1.02912
1.0171
1.0094
1.00654
1.00771
1.01118
1.01511
1.01822
1.01995
1.02063
1.02144
1.02408
1.03021
1.04076
1.05548
1.07291
1.09085
1.10695
1.11942
1.12734
1.13107
1.13242
1.13427
1.13928
1.14852
1.16104
1.17459
1.18651
1.19446
1.19676
1.19247
1.18151
1.16449
1.14256
1.11732
1.09056
1.06417
1.03985
1.01916
1.00371
0.99537
0.995744
1.00511
1.0219
1.04324
1.06587
1.08674
1.10343
1.1145
1.11951
1.11894
1.11382
1.10539
1.09506
1.08479
1.07719
1.07509
1.0802
1.09209
1.10822
1.12508
1.13946
1.14934
1.15408
1.15425
1.15115
1.14637
1.14119
1.13633
1.13204
1.1284
1.12563
1.12406
1.12404
1.12573
1.12909
1.13376
1.13893
1.14335
1.14566
1.14493
1.14114
1.13514
1.12836
1.12224
1.1178
1.11566
1.11599
1.11852
1.12247
1.12674
1.13023
1.13205
1.13159
1.12835
1.12189
1.11222
1.10023
1.08787
1.07765
1.07187
1.07197
1.07827
1.09006
1.10578
1.12339
1.14072
1.15581
1.16717
1.17396
1.17604
1.17414
1.1697
1.1644
1.15933
1.15453
1.14914
1.1422
1.13346
1.12374
1.11482
1.10892
1.10762
1.11105
1.11781
1.12555
1.13176
1.13446
1.13253
1.12585
1.11539
1.10321
1.09217
1.08508
1.08362
1.08757
1.09506
1.10373
1.11172
1.11815
1.12295
1.1266
1.12986
1.13361
1.1388
1.1463
1.15668
1.16988
1.18486
1.19962
1.2116
1.21828
1.21763
1.20856
1.19136
1.1681
1.14276
1.12024
1.10462
1.09791
1.09994
1.10898
1.12232
1.13704
1.15085
1.16238
1.17103
1.17665
1.17951
1.18035
1.18034
1.18074
1.18229
1.1849
1.18772
1.18957
1.18925
1.18574
1.17817
1.16589
1.14878
1.1277
1.1048
1.08314
1.06576
1.05432
1.04863
1.04711
1.04803
1.05046
1.05418
1.05898
1.06408
1.06815
1.06976
1.06802
1.06304
1.05602
1.0491
1.04482
1.04549
1.05249
1.06582
1.08417
1.10525
1.12625
1.14443
1.1576
1.16453
1.16513
1.16037
1.15189
1.14155
1.13121
1.12238
1.11597
1.11205
1.10982
1.10786
1.10448
1.09831
1.08891
1.07695
1.06407
1.05211
1.04246
1.03566
1.03169
1.03042
1.03199
1.03682
1.04524
1.05681
1.06996
1.082
1.08973
1.09022
1.08172
1.06431
1.0402
1.01355
0.989693
0.973775
0.968946
0.975183
0.989341
1.00682
1.02368
1.03808
1.05038
1.06224
1.07524
1.09024
1.10717
1.12519
1.14269
1.15766
1.1686
1.17547
1.18004
1.18531
1.19403
1.207
1.22244
1.23706
1.24774
1.25255
1.25072
1.24223
1.22762
1.20802
1.18568
1.16448
1.14938
1.14437
1.14971
1.16137
1.17356
1.18173
1.18359
1.17873
1.16802
1.15323
1.13682
1.1216
1.11034
1.10514
1.10661
1.11333
1.12206
1.12899
1.13129
1.12825
1.12099
1.11131
1.10082
1.09072
1.08202
1.07551
1.0717
1.0705
1.07111
1.0722
1.07266
1.07243
1.07274
1.07553
1.08234
1.09322
1.10623
1.11821
1.1264
1.12934
1.127
1.12028
1.11085
1.10097
1.09286
1.08761
1.08466
1.08256
1.08037
1.07853
1.07828
1.08035
1.08426
1.08871
1.09246
1.09473
1.09541
1.09496
1.09418
1.0939
1.09456
1.09585
1.09672
1.09561
1.09112
1.0828
1.07175
1.06066
1.05289
1.05103
1.05566
1.0649
1.07525
1.08325
1.08701
1.08713
1.08666
1.09012
1.10161
1.12264
1.15098
1.1814
1.20801
1.2265
1.23497
1.23369
1.22445
1.20981
1.19255
1.17503
1.15882
1.1445
1.13188
1.12078
1.11171
1.10604
1.10518
1.10935
1.11703
1.12546
1.13178
1.13384
1.13075
1.12291
1.11195
1.1004
1.09113
1.08625
1.08615
1.08924
1.0929
1.09479
1.09388
1.09048
1.08605
1.0826
1.08205
1.0855
1.09281
1.10244
1.11194
1.11872
1.12068
1.11661
1.1064
1.09108
1.0728
1.05458
1.03964
1.0305
1.02817
1.03191
1.03956
1.04824
1.0551
1.05787
1.05539
1.04793
1.03719
1.02606
1.01796
1.01588
1.02133
1.03357
1.04989
1.06722
1.08364
1.09883
1.11331
1.12713
1.13916
1.14743
1.15015
1.14675
1.13804
1.12585
1.11221
1.09863
1.08602
1.07485
1.06541
1.05785
1.05213
1.04805
1.04525
1.0433
1.04176
1.04015
1.03792
1.03445
1.02923
1.02212
1.01366
1.00504
0.99788
0.993818
0.994253
1.00014
1.01191
1.02929
1.05124
1.07593
1.10081
1.12306
1.14011
1.15035
1.15365
1.15138
1.14563
1.13807
1.12944
1.11998
1.11027
1.1017
1.09594
1.0939
1.09503
1.09759
1.09952
1.09944
1.09707
1.09319
1.08941
1.08766
1.08976
1.09679
1.10855
1.12347
1.13885
1.15182
1.16016
1.16281
1.15986
1.15229
1.14162
1.12975
1.11867
1.11026
1.10592
1.10618
1.11054
1.11747
1.12471
1.12975
1.13039
1.12537
1.11489
1.1008
1.08634
1.07502
1.06935
1.0699
1.07543
1.0836
1.09188
1.098
1.10033
1.09814
1.09184
1.08304
1.07431
1.06849
1.06752
1.07145
1.07838
1.08547
1.09066
1.09413
1.09835
1.10646
1.12001
1.13783
1.1572
1.17559
1.19144
1.20407
1.21336
1.2195
1.22281
1.22383
1.22321
1.22164
1.21967
1.2174
1.21444
1.20979
1.20203
1.18962
1.17133
1.14681
1.11758
1.08787
1.06398
1.05106
1.04951
1.05518
1.06305
1.06995
1.07469
1.07688
1.0763
1.07321
1.06882
1.06552
1.06598
1.07151
1.08125
1.09265
1.10285
1.11
1.1136
1.11419
1.11261
1.10953
1.10525
1.10005
1.09425
1.08831
1.08259
1.07695
1.07076
1.06326
1.05437
1.04525
1.03804
1.03483
1.03641
1.042
1.05015
1.05959
1.06969
1.08024
1.09107
1.1019
1.11228
1.12166
1.12949
1.13524
1.13848
1.13891
1.13644
1.13121
1.12347
1.11346
1.10137
1.08745
1.07222
1.05664
1.04209
1.03001
1.02139
1.01641
1.01452
1.01464
1.01571
1.01711
1.01917
1.02315
1.03052
1.04177
1.05575
1.07013
1.08272
1.09248
1.0997
1.10533
1.11029
1.1151
1.11992
1.12447
1.12777
1.12825
1.12435
1.11535
1.10174
1.08524
1.06823
1.0532
1.04233
1.03737
1.03932
1.04811
1.06244
1.08018
1.09909
1.1174
1.13391
1.14796
1.1592
1.16752
1.17302
1.17596
1.17653
1.17455
1.16939
1.1603
1.14689
1.12975
1.11049
1.09142
1.07503
1.06344
1.05813
1.05956
1.06709
1.07906
1.09313
1.10675
1.11762
1.12427
1.12644
1.12521
1.12243
1.11974
1.11791
1.11694
1.11686
1.1182
1.12143
1.12598
1.12991
1.13077
1.12676
1.11754
1.10426
1.08941
1.07607
1.06713
1.0643
1.06767
1.07594
1.08719
1.09969
1.11239
1.12497
1.1374
1.14955
1.16111
1.17182
1.18166
1.19093
1.20008
1.20955
1.21935
1.22856
1.23515
1.23663
1.23097
1.21723
1.19543
1.16609
1.13028
1.09035
1.05132
1.02078
1.005
1.00435
1.01408
1.02856
1.04335
1.05519
1.06205
1.0636
1.06145
1.05862
1.05835
1.06244
1.07032
1.07968
1.08808
1.09449
1.09981
1.10624
1.11582
1.12899
1.14429
1.1592
1.17138
1.17962
1.18391
1.18515
1.18448
1.18248
1.17866
1.17179
1.16076
1.1453
1.12609
1.10436
1.08131
1.05789
1.03502
1.01401
0.996741
0.985314
0.981361
0.985456
0.996803
1.0134
1.03264
1.05201
1.06964
1.08465
1.09703
1.10745
1.11708
1.12716
1.13821
1.14923
1.15784
1.16136
1.15791
1.14688
1.12907
1.10685
1.08417
1.06573
1.05508
1.05308
1.05814
1.06757
1.07863
1.08911
1.09755
1.10345
1.1073
1.1105
1.11468
1.12093
1.12911
1.1381
1.14663
1.15398
1.15992
1.16427
1.16642
1.16532
1.1597
1.14865
1.13204
1.11069
1.08601
1.05959
1.03292
1.0077
0.98638
0.972043
0.967142
0.971957
0.984254
1.00055
1.01776
1.03402
1.04863
1.06149
1.07264
1.08197
1.08926
1.09449
1.09839
1.10243
1.1082
1.11646
1.12653
1.1368
1.14592
1.15372
1.16138
1.17067
1.18273
1.19722
1.21241
1.22596
1.23564
1.2397
1.23685
1.22629
1.20803
1.1835
1.1563
1.132
1.11643
1.11233
1.11751
1.12648
1.13404
1.13768
1.13753
1.13511
1.13193
1.12889
1.12608
1.12313
1.11945
1.11453
1.10824
1.10094
1.09311
1.08455
1.07452
1.06279
1.05082
1.04145
1.03722
1.03886
1.04563
1.05624
1.06945
1.08397
1.09851
1.1119
1.12341
1.133
1.14111
1.14839
1.15507
1.16085
1.16515
1.16749
1.16744
1.16452
1.15789
1.14637
1.12909
1.10687
1.08363
1.06578
1.05827
1.06085
1.06912
1.07814
1.08484
1.08842
1.08978
1.09076
1.09348
1.09961
1.10981
1.12334
1.1381
1.15136
1.1609
1.16566
1.16587
1.16253
1.15701
1.15075
1.14505
1.14108
1.13988
1.14227
1.14853
1.15813
1.16954
1.18044
1.18836
1.19135
1.18847
1.18002
1.16735
1.15245
1.13717
1.12267
1.10925
1.09676
1.08522
1.07545
1.06926
1.06911
1.07701
1.093
1.1147
1.13801
1.15845
1.17202
1.17558
1.16711
1.1464
1.11641
1.08382
1.0563
1.03792
1.02837
1.02647
1.03203
1.0447
1.06288
1.08393
1.1052
1.12469
1.14124
1.15448
1.16468
1.17258
1.17893
1.18429
1.18889
1.19288
1.19646
1.20003
1.20416
1.20959
1.21687
1.22593
1.23571
1.24417
1.24859
1.24611
1.23453
1.21324
1.18454
1.15382
1.1275
1.10904
1.09765
1.09079
1.08706
1.0865
1.08907
1.09355
1.09788
1.10039
1.1006
1.09865
1.09481
1.08945
1.08331
1.07738
1.0723
1.06816
1.0651
1.0641
1.06683
1.0745
1.08667
1.10128
1.11581
1.1282
1.13715
1.1419
1.14207
1.1376
1.12891
1.11709
1.10392
1.09191
1.08379
1.08199
1.08782
1.10085
1.11881
1.13828
1.15557
1.16782
1.17342
1.17214
1.16468
1.15229
1.1363
1.11806
1.09894
1.08032
1.06365
1.05057
1.04303
1.04289
1.05097
1.06622
1.08578
1.10613
1.12426
1.13843
1.14811
1.1537
1.15618
1.15698
1.15757
1.15886
1.16058
1.16135
1.15941
1.15341
1.143
1.12907
1.11382
1.10034
1.09184
1.09025
1.09529
1.10431
1.11326
1.11806
1.11585
1.10543
1.08749
1.06452
1.04065
1.02076
1.00859
1.00498
1.0082
1.01561
1.02505
1.03529
1.0457
1.0555
1.06327
1.06749
1.06741
1.0634
1.05665
1.04877
1.04162
1.03718
1.03693
1.04086
1.04729
1.05386
1.05919
1.06355
1.06834
1.07493
1.08403
1.09569
1.10961
1.12528
1.14173
1.15754
1.171
1.18057
1.18534
1.18529
1.1813
1.17489
1.16787
1.16204
1.159
1.15997
1.16528
1.17407
1.18445
1.19417
1.20133
1.20468
1.20363
1.19785
1.1872
1.17176
1.15214
1.12961
1.10634
1.08522
1.06956
1.06237
1.06523
1.07743
1.09606
1.11739
1.1386
1.15862
1.17746
1.19501
1.21027
1.22155
1.22732
1.22684
1.22046
1.20948
1.19593
1.18213
1.1701
1.16086
1.15423
1.14936
1.14558
1.14288
1.14157
1.14177
1.14287
1.14367
1.14284
1.13952
1.1336
1.12547
1.11556
1.10419
1.09194
1.07995
1.06985
1.0633
1.06107
1.06273
1.06706
1.07297
1.07985
1.08729
1.09457
1.10074
1.10493
1.10695
1.10739
1.10742
1.10816
1.11
1.11226
1.11344
1.11196
1.10714
1.09968
1.09115
1.08268
1.07416
1.0646
1.0533
1.04052
1.02766
1.01686
1.01048
1.01031
1.01681
1.02872
1.0432
1.05686
1.06683
1.07142
1.07054
1.06562
1.0593
1.05431
1.05235
1.05351
1.05696
1.06192
1.06814
1.07573
1.08473
1.09468
1.10457
1.11296
1.11836
1.11964
1.11645
1.10938
1.09992
1.09
1.0816
1.07636
1.07535
1.07908
1.08761
1.10061
1.11716
1.13547
1.15285
1.16633
1.17358
1.17342
1.16606
1.15305
1.13686
1.12046
1.10665
1.09734
1.09309
1.09309
1.0956
1.09883
1.10168
1.10399
1.1063
1.10906
1.11201
1.11395
1.11344
1.10967
1.10292
1.09445
1.08625
1.08066
1.07996
1.08533
1.09606
1.1096
1.1224
1.13109
1.13333
1.12812
1.11579
1.09777
1.07644
1.05475
1.03554
1.02096
1.01239
1.01098
1.01789
1.03379
1.0577
1.08647
1.11555
1.14063
1.15893
1.16955
1.17322
1.17178
1.16756
1.16274
1.15879
1.15621
1.1548
1.15432
1.15496
1.15739
1.16247
1.17059
1.1812
1.19276
1.20314
1.21023
1.2124
1.20858
1.19824
1.18143
1.15887
1.13206
1.10319
1.07506
1.05072
1.0328
1.02278
1.02043
1.02387
1.03039
1.03746
1.04359
1.04851
1.05285
1.05759
1.06365
1.07136
1.08031
1.08941
1.09734
1.10279
1.10467
1.10218
1.09489
1.08304
1.06757
1.05021
1.03322
1.01904
1.00985
1.0071
1.01122
1.02156
1.0366
1.05432
1.07247
1.08875
1.10113
1.10809
1.10892
1.10396
1.09465
1.08342
1.07327
1.0669
1.06571
1.06937
1.07634
1.08476
1.09309
1.10023
1.10546
1.10835
1.10876
1.10681
1.10302
1.09828
1.09389
1.09112
1.09069
1.09234
1.09491
1.09704
1.09782
1.09722
1.09581
1.09429
1.09304
1.09167
1.08905
1.0836
1.0742
1.06146
1.0487
1.04145
1.04456
1.0589
1.08124
1.10696
1.13243
1.15565
1.17565
1.19181
1.20369
1.21111
1.21433
1.2141
1.21146
1.20736
1.20228
1.19619
1.18876
1.17966
1.16864
1.15551
1.14026
1.12325
1.10534
1.08772
1.07164
1.05815
1.04819
1.04254
1.04148
1.0445
1.05032
1.0574
1.0645
1.07098
1.0771
1.084
1.09306
1.10436
1.11565
1.12335
1.12471
1.11917
1.10844
1.09609
1.08678
1.08494
1.09282
1.10869
1.12741
1.14302
1.15121
1.15009
1.13985
1.12204
1.09934
1.07538
1.0545
1.04111
1.03868
1.04897
1.0714
1.10309
1.1396
1.17619
1.20899
1.23557
1.25475
1.26634
1.27071
1.26864
1.26123
1.24983
1.2359
1.22069
1.20499
1.18909
1.17302
1.15704
1.14205
1.12979
1.12239
1.12129
1.12612
1.13468
1.14405
1.15199
1.15763
1.1613
1.16395
1.16663
1.1699
1.17365
1.17702
1.17863
1.17732
1.17276
1.16603
1.15919
1.15455
1.15342
1.15565
1.16017
1.16571
1.17121
1.17575
1.17843
1.17847
1.17536
1.16905
1.16006
1.14966
1.14004
1.13377
1.13221
1.13406
1.13603
1.13511
1.1302
1.12191
1.11174
1.10136
1.09238
1.08629
1.0843
1.08696
1.09405
1.10471
1.11762
1.13098
1.14263
1.15058
1.15374
1.15244
1.14852
1.14481
1.14405
1.1476
1.1548
1.1633
1.17015
1.17309
1.17142
1.16636
1.16033
1.15554
1.15262
1.15008
1.14516
1.13528
1.11937
1.09828
1.07463
1.05198
1.03402
1.02348
1.02151
1.02756
1.03982
1.05584
1.07304
1.08914
1.10242
1.11178
1.11688
1.11807
1.11624
1.11222
1.10642
1.09871
1.08888
1.07713
1.0644
1.05236
1.04303
1.03831
1.03929
1.04607
1.0578
1.07299
1.08986
1.10665
1.12176
1.13404
1.14283
1.14794
1.14936
1.14707
1.14105
1.13148
1.11898
1.10475
1.09039
1.07752
1.06749
1.06129
1.0596
1.06262
1.06974
1.07933
1.08908
1.09665
1.10031
1.09925
1.09363
1.08444
1.07309
1.0611
1.05001
1.04157
1.03787
1.04074
1.05024
1.06398
1.07831
1.09038
1.0994
1.10642
1.11353
1.12252
1.13388
1.14636
1.15758
1.16509
1.16723
1.16336
1.15397
1.14061
1.12581
1.11241
1.10225
1.09552
1.0912
1.08813
1.08567
1.08356
1.0816
1.07952
1.07714
1.07474
1.07324
1.07411
1.0786
1.08696
1.09805
1.10988
1.12056
1.12901
1.13502
1.13902
1.14153
1.14271
1.14203
1.13825
1.13018
1.11779
1.10301
1.08951
1.0812
1.08027
1.08626
1.09657
1.10783
1.11711
1.12254
1.12347
1.12054
1.11537
1.11005
1.10636
1.10511
1.10583
1.10702
1.10693
1.10428
1.09906
1.09259
1.08696
1.08392
1.08388
1.08573
1.08748
1.08747
1.08527
1.08207
1.07999
1.08091
1.08545
1.09287
1.10173
1.11065
1.11861
1.12497
1.12938
1.13177
1.13241
1.13183
1.13059
1.12892
1.12654
1.12282
1.11711
1.10921
1.09967
1.09004
1.08284
1.08125
1.08789
1.10308
1.12407
1.14653
1.16679
1.18302
1.19488
1.20259
1.20633
1.20606
1.20164
1.19325
1.18165
1.16832
1.15527
1.14458
1.13751
1.13386
1.13179
1.12858
1.12159
1.10927
1.09192
1.07197
1.0538
1.0421
1.0397
1.04657
1.06054
1.07858
1.09763
1.11492
1.12823
1.13605
1.13764
1.13293
1.12227
1.10628
1.08618
1.06435
1.04497
1.03309
1.03177
1.03983
1.05283
1.06602
1.07635
1.08259
1.08483
1.08377
1.0805
1.07638
1.07283
1.0711
1.07184
1.07494
1.07967
1.08503
1.08994
1.09323
1.0938
1.091
1.08505
1.07724
1.06946
1.06347
1.06026
1.05999
1.06242
1.06722
1.07395
1.08191
1.09019
1.09788
1.10432
1.10903
1.11169
1.11196
1.10949
1.10384
1.09457
1.08131
1.06423
1.04435
1.02349
1.00369
0.986541
0.972882
0.962836
0.955967
0.951489
0.948497
0.946403
0.945277
0.945996
0.949998
0.958828
0.973485
0.993787
1.01812
1.04372
1.06773
1.08803
1.10392
1.11594
1.12519
1.13259
1.13847
1.14274
1.14532
1.14665
1.14761
1.14917
1.15179
1.15512
1.15804
1.15903
1.15668
1.15021
1.13985
1.12705
1.11413
1.10362
1.09734
1.09591
1.09877
1.1046
1.11162
1.11806
1.12248
1.124
1.1222
1.11704
1.10883
1.09851
1.08784
1.07907
1.07409
1.0737
1.07756
1.08469
1.09398
1.10431
1.1148
1.12476
1.13372
1.14115
1.14656
1.1494
1.14927
1.14603
1.14003
1.13218
1.12387
1.11649
1.11098
1.10746
1.10552
1.10468
1.10479
1.10609
1.10897
1.11363
1.11983
1.12683
1.1336
1.13927
1.14349
1.14654
1.149
1.15131
1.15349
1.15512
1.15571
1.15506
1.15327
1.15052
1.14697
1.14295
1.13951
1.13817
1.13986
1.1438
1.14765
1.14891
1.14627
1.14004
1.13186
1.1239
1.11808
1.11533
1.1154
1.11708
1.11897
1.12017
1.12057
1.12074
1.12156
1.12368
1.12714
1.13132
1.13515
1.13771
1.13853
1.13761
1.13527
1.132
1.12851
1.12552
1.12342
1.122
1.12066
1.11886
1.11641
1.11353
1.11058
1.10804
1.10639
1.10591
1.10659
1.10816
1.11023
1.11271
1.11602
1.12095
1.12814
1.13748
1.14783
1.1571
1.16315
1.16465
1.1617
1.15566
1.14833
1.14103
1.13435
1.12856
1.1241
1.12155
1.12121
1.12273
1.12528
1.12792
1.13022
1.13256
1.1361
1.14228
1.15189
1.16431
1.17756
1.18934
1.1982
1.20404
1.2077
1.20984
1.21057
1.20971
1.2074
1.20414
1.20066
1.19779
1.19617
1.196
1.19663
1.19659
1.19401
1.1872
1.17516
1.15776
1.13577
1.11071
1.0845
1.05913
1.03618
1.01674
1.0016
0.992007
0.989737
0.996214
1.01105
1.03149
1.05343
1.07308
1.08794
1.09676
1.09919
1.09554
1.08698
1.07595
1.06625
1.06173
1.06444
1.07355
1.08606
1.0985
1.10811
1.11298
1.11198
1.10488
1.09291
1.07936
1.06921
1.06736
1.07594
1.09326
1.11541
1.13867
1.16062
1.17987
1.19536
1.20627
1.21191
1.21142
1.20343
1.18637
1.1605
1.13062
1.10581
1.09301
1.09093
1.09312
1.09447
1.09313
1.08926
1.08382
1.07804
1.07297
1.06918
1.0668
1.06585
1.06679
1.07069
1.07899
1.09279
1.11211
1.13566
1.16107
1.18556
1.20653
1.22201
1.23082
1.23258
1.22759
1.2167
1.20107
1.18187
1.16024
1.13741
1.11499
1.09505
1.07949
1.06915
1.0634
1.06084
1.06057
1.06297
1.06895
1.07809
1.0879
1.09528
1.09845
1.09737
1.09291
1.08605
1.07736
1.06704
1.0551
1.04163
1.02702
1.01215
0.998433
0.98769
0.981692
0.981347
0.986323
0.995381
1.00728
1.0213
1.037
1.05364
1.06991
1.08415
1.09487
1.10111
1.10261
1.09979
1.0938
1.0867
1.08127
1.08029
1.08483
1.09326
1.10209
1.10823
1.11069
1.11057
1.10994
1.11075
1.11428
1.12086
1.12984
1.14
1.15014
1.1597
1.16879
1.17807
1.18835
1.20008
1.21289
1.22545
1.23573
1.2416
1.24133
1.23382
1.21886
1.19717
1.17031
1.14044
1.11004
1.08186
1.05902
1.04485
1.04207
1.05131
1.07019
1.09391
1.11699
1.13483
1.14454
1.14524
1.13803
1.12543
1.11042
1.09536
1.08169
1.07049
1.06313
1.06137
1.06636
1.07735
1.09132
1.10452
1.11463
1.12162
1.1269
1.13172
1.13615
1.13913
1.13937
1.13605
1.12913
1.11938
1.10798
1.09634
1.08563
1.07661
1.06967
1.06504
1.06279
1.06232
1.06228
1.06087
1.05661
1.04916
1.03956
1.02973
1.02189
1.01802
1.01962
1.02753
1.04171
1.06097
1.08313
1.10563
1.1264
1.1446
1.16048
1.17455
1.18658
1.19533
1.19914
1.19673
1.18771
1.17262
1.15282
1.13031
1.10759
1.08734
1.07209
1.06366
1.06293
1.06964
1.08237
1.09869
1.11551
1.12966
1.13859
1.14107
1.13753
1.12971
1.11982
1.10958
1.09984
1.09086
1.08273
1.07559
1.06971
1.06548
1.06311
1.06204
1.06066
1.05696
1.04986
1.04004
1.02996
1.02293
1.0218
1.028
1.04133
1.06014
1.08175
1.10273
1.11949
1.12896
1.12921
1.11986
1.10219
1.07897
1.05369
1.02974
1.00976
0.99572
0.989238
0.990961
0.999633
1.01207
1.02455
1.03431
1.04011
1.04215
1.04176
1.04109
1.04278
1.0494
1.06245
1.08153
1.10431
1.12756
1.14816
1.16373
1.17251
1.17332
1.16568
1.15011
1.12828
1.10301
1.07796
1.057
1.04339
1.03858
1.04154
1.04934
1.05892
1.06847
1.07766
1.08684
1.09621
1.10545
1.11375
1.12027
1.12437
1.12592
1.12522
1.12293
1.11986
1.11679
1.11427
1.11248
1.11114
1.10968
1.10741
1.10414
1.10045
1.09773
1.09773
1.10162
1.10945
1.12021
1.13247
1.1452
1.15796
1.17068
1.18308
1.1943
1.20296
1.20784
1.20862
1.206
1.201
1.19372
1.18305
1.16784
1.14844
1.1273
1.10797
1.09337
1.08456
1.08096
1.0815
1.08548
1.09245
1.10159
1.11163
1.12118
1.12936
1.13609
1.14177
1.14675
1.15093
1.15398
1.1558
1.15658
1.15651
1.15556
1.15374
1.15135
1.14912
1.14778
1.14748
1.14741
1.14601
1.14162
1.13318
1.12056
1.1047
1.08735
1.07068
1.05667
1.04693
1.04262
1.04438
1.05209
1.0644
1.07896
1.0932
1.10532
1.11466
1.12155
1.12699
1.13244
1.13948
1.14929
1.16187
1.17568
1.18804
1.19612
1.19788
1.1926
1.18103
1.16508
1.14717
1.12934
1.11259
1.09692
1.08209
1.06839
1.05689
1.04913
1.04659
1.05033
1.06061
1.07663
1.09641
1.11693
1.13472
1.14658
1.15016
1.14444
1.1299
1.10852
1.08336
1.05781
1.03488
1.01674
1.00466
0.999251
1.00062
1.00828
1.02083
1.03579
1.05009
1.06093
1.06651
1.06627
1.06076
1.05136
1.03993
1.02851
1.01892
1.01221
1.00842
1.00677
1.00654
1.0079
1.01209
1.02072
1.0347
1.0539
1.07735
1.10383
1.13194
1.16007
1.18619
1.20813
1.22386
1.23191
1.23182
1.22444
1.2121
1.19802
1.18487
1.17355
1.16338
1.15325
1.14236
1.13017
1.11596
1.09915
1.0799
1.05995
1.04257
1.03135
1.02831
1.03316
1.04456
1.06134
1.08183
1.10286
1.12094
1.13419
1.14292
1.1485
1.15192
1.15288
1.14989
1.1411
1.12541
1.10319
1.07648
1.04876
1.02459
1.00863
1.00376
1.00953
1.02239
1.03779
1.05237
1.06515
1.07718
1.09
1.10379
1.11721
1.12863
1.1374
1.1444
1.15118
1.15862
1.16599
1.17136
1.17306
1.17072
1.16546
1.15933
1.15457
1.15287
1.15481
1.15974
1.16604
1.17172
1.17517
1.17548
1.17271
1.16806
1.16352
1.16077
1.15996
1.15979
1.15875
1.15613
1.15201
1.14655
1.13961
1.13087
1.12005
1.10704
1.09223
1.07691
1.0635
1.05457
1.05123
1.05237
1.05562
1.0588
1.06022
1.05866
1.05331
1.04408
1.03197
1.01971
1.01201
1.01453
1.03058
1.05826
1.09119
1.12231
1.147
1.16358
1.17236
1.17461
1.17165
1.16446
1.15367
1.14007
1.12496
1.11002
1.09681
1.08609
1.07775
1.07114
1.06551
1.06046
1.05613
1.05321
1.05265
1.05523
1.06121
1.07016
1.08097
1.09216
1.10216
1.10969
1.11417
1.11593
1.11622
1.11677
1.11917
1.12437
1.13236
1.14229
1.1529
1.16284
1.17094
1.17653
1.17973
1.1814
1.18279
1.1849
1.18797
1.19147
1.19458
1.19672
1.19789
1.19861
1.19958
1.20117
1.20301
1.20393
1.20232
1.19661
1.18562
1.16887
1.14667
1.12025
1.09186
1.06459
1.04175
1.02583
1.0176
1.01605
1.01914
1.02476
1.03109
1.03659
1.03978
1.03928
1.03391
1.02306
1.00751
0.990069
0.975342
0.967994
0.970678
0.982941
1.00155
1.02185
1.03949
1.05184
1.05867
1.06185
1.06423
1.06838
1.07564
1.08575
1.097
1.10697
1.11351
1.11562
1.11383
1.11013
1.10717
1.10726
1.11161
1.12019
1.13216
1.14634
1.16158
1.17704
1.19231
1.2074
1.22208
1.23512
1.24406
1.24631
1.24053
1.22738
1.20918
1.18889
1.16899
1.15111
1.13642
1.12598
1.12046
1.11949
1.12129
1.12332
1.12322
1.11952
1.11174
1.10017
1.08573
1.06991
1.05472
1.04241
1.03473
1.03228
1.03438
1.03947
1.04581
1.05227
1.05868
1.06586
1.07507
1.08728
1.10272
1.12065
1.13958
1.1577
1.17318
1.18438
1.19004
1.18948
1.18302
1.17212
1.15911
1.14619
1.13448
1.1238
1.11344
1.10324
1.09399
1.08744
1.08573
1.09076
1.10334
1.12209
1.14309
1.16119
1.17237
1.17526
1.1711
1.16288
1.15399
1.14711
1.1434
1.14228
1.14191
1.14017
1.13572
1.12854
1.11992
1.11197
1.10683
1.10568
1.10811
1.11252
1.11739
1.1225
1.12905
1.13837
1.15035
1.16329
1.17501
1.18398
1.18969
1.19237
1.19253
1.19054
1.18646
1.17981
1.16951
1.15427
1.13329
1.10707
1.07752
1.04732
1.01932
0.996461
0.981835
0.978318
0.987373
1.00815
1.03755
1.07135
1.1056
1.13739
1.16487
1.18681
1.2024
1.21115
1.21304
1.20854
1.19847
1.18377
1.1656
1.14552
1.12558
1.10814
1.09538
1.0888
1.0887
1.09413
1.10314
1.11347
1.12327
1.13152
1.13806
1.14327
1.14783
1.15258
1.1584
1.16586
1.17445
1.18207
1.18562
1.18237
1.17102
1.15176
1.12593
1.09538
1.06224
1.02883
0.997638
0.971279
0.952382
0.943434
0.946298
0.961167
0.985509
1.01439
1.04235
1.06523
1.08079
1.08845
1.08868
1.08257
1.07166
1.05788
1.04332
1.02991
1.01895
1.01078
1.00501
1.00144
1.00106
1.00597
1.01719
1.03275
1.04828
1.05983
1.06538
1.06486
1.05935
1.05047
1.04001
1.02959
1.02068
1.01478
1.01377
1.01975
1.03404
1.05617
1.08358
1.1125
1.13932
1.1616
1.17845
1.19027
1.19823
1.20358
1.20729
1.20989
1.21145
1.21164
1.20964
1.20436
1.19485
1.18081
1.16293
1.14285
1.12269
1.10447
1.08963
1.0789
1.0722
1.06887
1.06783
1.06801
1.06871
1.06992
1.07212
1.07584
1.08106
1.08698
1.0923
1.09582
1.09707
1.0966
1.09577
1.09612
1.09839
1.10206
1.10565
1.10749
1.10618
1.10085
1.09139
1.07855
1.0642
1.0511
1.04243
1.04097
1.04809
1.06308
1.08341
1.10585
1.12751
1.14635
1.16135
1.17214
1.17851
1.18012
1.17674
1.16879
1.15765
1.14522
1.13312
1.12216
1.11252
1.10434
1.09796
1.09367
1.09105
1.08871
1.08464
1.07732
1.06706
1.05653
1.04971
1.04957
1.05645
1.06798
1.08063
1.09131
1.09832
1.10144
1.10137
1.09919
1.09596
1.09279
1.09074
1.09068
1.09306
1.09776
1.10417
1.11131
1.11808
1.12359
1.12726
1.12892
1.12867
1.12687
1.12398
1.12044
1.11663
1.11281
1.10922
1.10611
1.10372
1.10239
1.10264
1.10508
1.11005
1.11708
1.12494
1.13213
1.13771
1.14173
1.145
1.1486
1.15314
1.15834
1.16306
1.16554
1.16394
1.15687
1.1439
1.12578
1.10467
1.08376
1.06647
1.05498
1.0492
1.04691
1.04512
1.04168
1.03624
1.03053
1.02786
1.03155
1.04305
1.06079
1.0811
1.10002
1.11472
1.12398
1.12776
1.12676
1.12228
1.11662
1.1131
1.11501
1.12363
1.13729
1.15238
1.16514
1.1726
1.17291
1.16539
1.15061
1.13039
1.10748
1.08518
1.06686
1.05542
1.05271
1.05911
1.07342
1.09321
1.11546
1.13737
1.15686
1.17285
1.18515
1.19419
1.20067
1.20544
1.20937
1.21315
1.21688
1.21996
1.2214
1.22039
1.2167
1.21051
1.2022
1.19202
1.18014
1.16682
1.15261
1.13854
1.12622
1.11763
1.11439
1.11693
1.12394
1.1328
1.1407
1.14582
1.14771
1.14712
1.14509
1.14244
1.13942
1.13601
1.1322
1.12813
1.12403
1.11982
1.11491
1.10833
1.09937
1.08824
1.07603
1.06345
1.05039
1.03708
1.0255
1.01884
1.0198
1.02895
1.04426
1.06199
1.07825
1.09059
1.09851
1.10285
1.10479
1.10525
1.10486
1.10423
1.10407
1.1047
1.10565
1.10573
1.10364
1.0984
1.08919
1.07545
1.05781
1.03889
1.02293
1.01364
1.01213
1.01696
1.02566
1.03603
1.0465
1.05589
1.06312
1.06726
1.068
1.06642
1.06508
1.06686
1.07323
1.08353
1.09563
1.10703
1.11563
1.11976
1.11838
1.11155
1.10071
1.08859
1.07828
1.07197
1.07023
1.07255
1.07835
1.08747
1.09937
1.11248
1.12476
1.13473
1.14173
1.14565
1.14644
1.14405
1.13854
1.13039
1.12076
1.1114
1.10439
1.10155
1.10377
1.11061
1.12041
1.13091
1.13995
1.14603
1.14829
1.14647
1.14081
1.13221
1.12245
1.1141
1.10974
1.11085
1.11728
1.1277
1.14015
1.15246
1.16242
1.16827
1.16905
1.16493
1.15727
1.14833
1.14069
1.13636
1.13577
1.13764
1.13968
1.13956
1.13564
1.12721
1.11452
1.09881
1.0822
1.06732
1.05667
1.05162
1.05195
1.05646
1.06442
1.07625
1.09261
1.11271
1.13394
1.15311
1.16789
1.17726
1.18093
1.17897
1.17191
1.16117
1.14888
1.13727
1.12771
1.12037
1.11484
1.11087
1.10872
1.109
1.11219
1.11846
1.12766
1.13954
1.15371
1.16965
1.18649
1.20299
1.21756
1.22847
1.23402
1.23279
1.2238
1.20685
1.18291
1.15448
1.12589
1.10276
1.09013
1.09014
1.10065
1.11636
1.13144
1.1419
1.14642
1.14571
1.14139
1.13532
1.12964
1.12658
1.12781
1.13357
1.14268
1.15327
1.16371
1.17288
1.18023
1.18545
1.18826
1.1883
1.18529
1.17908
1.16975
1.15749
1.14255
1.1253
1.10641
1.08702
1.06866
1.05302
1.04149
1.03469
1.03228
1.03308
1.03572
1.03946
1.04478
1.05322
1.06629
1.08396
1.1044
1.12494
1.14327
1.15804
1.16859
1.17471
1.17645
1.17424
1.16903
1.16225
1.15555
1.15028
1.14706
1.14568
1.14521
1.14439
1.14193
1.13673
1.12811
1.11602
1.10133
1.08593
1.07255
1.06404
1.06223
1.06691
1.07592
1.08618
1.0951
1.10153
1.10567
1.1087
1.11185
1.11573
1.12
1.12383
1.12667
1.12872
1.13048
1.13223
1.13367
1.13397
1.13232
1.12836
1.1225
1.11581
1.10963
1.10498
1.10217
1.10085
1.10064
1.10156
1.10419
1.1092
1.11676
1.12594
1.13453
1.13983
1.13999
1.13503
1.12684
1.11826
1.1116
1.10767
1.10599
1.10571
1.10626
1.10751
1.10927
1.11107
1.11219
1.11178
1.10909
1.1036
1.09508
1.08369
1.07013
1.05578
1.04242
1.0317
1.02423
1.01939
1.01576
1.01221
1.00901
1.00822
1.01312
1.02645
1.04845
1.07658
1.10688
1.13587
1.1614
1.18254
1.19895
1.21041
1.21666
1.21764
1.21391
1.20691
1.19889
1.19192
1.18674
1.18247
1.17749
1.17067
1.16161
1.14994
1.13488
1.11617
1.09647
1.08255
1.08153
1.09458
1.11634
1.1404
1.16278
1.18159
1.1956
1.20348
1.20393
1.19614
1.18038
1.15813
1.13206
1.10564
1.08271
1.06662
1.05932
1.0606
1.06829
1.07939
1.09139
1.1027
1.11264
1.12116
1.12863
1.13568
1.14289
1.15051
1.15822
1.16538
1.17122
1.17536
1.17802
1.17997
1.18204
1.18455
1.18686
1.18767
1.18561
1.17997
1.171
1.15982
1.1479
1.13632
1.1253
1.11452
1.10412
1.09525
1.08952
1.08782
1.08941
1.09201
1.09268
1.08899
1.0801
1.06774
1.0562
1.05088
1.05527
1.06919
1.08951
1.11223
1.13392
1.15216
1.16535
1.17256
1.17352
1.16866
1.15887
1.14522
1.12894
1.11162
1.09544
1.08284
1.0756
1.0739
1.07627
1.08045
1.08454
1.08754
1.08943
1.0908
1.09263
1.09594
1.10112
1.10737
1.11295
1.11635
1.11707
1.11579
1.11392
1.11288
1.11336
1.11493
1.11633
1.11601
1.11277
1.10607
1.09629
1.08481
1.07379
1.06532
1.06039
1.05825
1.05684
1.05388
1.04823
1.04049
1.03271
1.02717
1.0254
1.02816
1.0359
1.04855
1.06492
1.08215
1.09638
1.10451
1.1055
1.10065
1.09266
1.08413
1.07644
1.06982
1.06424
1.06003
1.05779
1.05776
1.05925
1.06106
1.06271
1.06527
1.07074
1.08025
1.09266
1.10492
1.1138
1.11757
1.11662
1.113
1.10935
1.10792
1.10988
1.11509
1.12227
1.12931
1.13385
1.13394
1.12859
1.11829
1.105
1.09178
1.08205
1.0788
1.08394
1.0979
1.1194
1.1457
1.17322
1.19846
1.2186
1.23189
1.23754
1.23568
1.22718
1.21352
1.19665
1.17865
1.16133
1.14576
1.13214
1.11999
1.10883
1.099
1.09198
1.0898
1.09344
1.10183
1.11232
1.12216
1.12938
1.13299
1.13274
1.12883
1.12177
1.1125
1.1023
1.09234
1.08315
1.07471
1.06719
1.0613
1.05815
1.05853
1.06225
1.06819
1.07479
1.08056
1.08427
1.08498
1.08199
1.07523
1.06545
1.05416
1.04334
1.03532
1.03253
1.0367
1.04764
1.06271
1.078
1.0902
1.09781
1.10121
1.10191
1.10171
1.10203
1.10353
1.1061
1.10903
1.11137
1.11232
1.11145
1.1088
1.10465
1.09922
1.09256
1.08459
1.07522
1.06451
1.05283
1.0412
1.03164
1.02711
1.03032
1.04202
1.06003
1.08013
1.09803
1.11099
1.11835
1.12125
1.12189
1.12259
1.12474
1.1283
1.13209
1.13484
1.1359
1.13535
1.13336
1.12969
1.1235
1.11387
1.10052
1.08443
1.06799
1.0543
1.04591
1.04377
1.04724
1.05495
1.0656
1.07825
1.09229
1.10726
1.12268
1.13779
1.15157
1.16296
1.17121
1.17595
1.17708
1.17466
1.16879
1.15983
1.14864
1.13677
1.12634
1.11933
1.11657
1.11754
1.12087
1.12493
1.12836
1.1302
1.13004
1.1281
1.12513
1.12225
1.12064
1.12119
1.12421
1.12939
1.13607
1.14356
1.15113
1.15796
1.16301
1.16519
1.16356
1.15748
1.14676
1.13202
1.11542
1.10069
1.09165
1.08978
1.09364
1.10072
1.10912
1.1178
1.12608
1.13344
1.13956
1.14433
1.1477
1.14962
1.15011
1.14927
1.14756
1.14587
1.14537
1.14709
1.15173
1.1594
1.16937
1.17975
1.18791
1.1917
1.19051
1.1857
1.18003
1.17646
1.17686
1.18116
1.18732
1.19223
1.19304
1.18829
1.17843
1.16558
1.15237
1.14072
1.13119
1.12339
1.11688
1.11181
1.10904
1.10945
1.11311
1.1189
1.12494
1.1295
1.13156
1.13088
1.12795
1.12385
1.12001
1.11765
1.11714
1.11774
1.11784
1.11562
1.10977
1.09988
1.08669
1.0719
1.05768
1.04605
1.03829
1.03473
1.03507
1.03857
1.0439
1.04904
1.05206
1.05211
1.04972
1.04639
1.04389
1.04384
1.04759
1.05623
1.07037
1.08975
1.11303
1.13808
1.16257
1.18443
1.20205
1.21437
1.22081
1.22132
1.21652
1.20773
1.19684
1.18614
1.17767
1.17256
1.17072
1.17095
1.17156
1.17121
1.1695
1.16712
1.1655
1.16629
1.17076
1.17927
1.19097
1.20391
1.2156
1.22376
1.22679
1.22405
1.21567
1.20237
1.18554
1.16784
1.15387
1.14897
1.15542
1.16991
1.18631
1.2002
1.21048
1.21799
1.22366
1.22768
1.22975
1.22928
1.22571
1.21858
1.20762
1.1928
1.17454
1.15399
1.13344
1.11617
1.10548
1.10317
1.10871
1.1194
1.13142
1.14107
1.1457
1.14414
1.13657
1.12408
1.10807
1.08993
1.07106
1.05292
1.03693
1.02424
1.0157
1.01225
1.01521
1.02551
1.04206
1.06168
1.08102
1.09817
1.11244
1.1236
1.13158
1.13669
1.13957
1.14103
1.14202
1.14352
1.1462
1.14977
1.15289
1.15396
1.15229
1.14859
1.14459
1.14205
1.14188
1.14386
1.14681
1.14924
1.14978
1.1476
1.14282
1.13665
1.13123
1.1286
1.12945
1.13248
1.13502
1.13443
1.12931
1.12002
1.10844
1.09736
1.08977
1.08805
1.09326
1.10453
1.11929
1.1341
1.14591
1.15297
1.15514
1.15355
1.15017
1.14714
1.14587
1.14634
1.1472
1.14678
1.144
1.13878
1.1316
1.12298
1.11322
1.10258
1.09161
1.08148
1.07386
1.07044
1.07237
1.07967
1.0911
1.10445
1.11716
1.12714
1.13331
1.13585
1.13581
1.13454
1.13311
1.13206
1.13162
1.13188
1.13297
1.135
1.13787
1.14121
1.14468
1.14839
1.15293
1.15874
1.16539
1.17134
1.17446
1.17289
1.16573
1.15314
1.1361
1.11601
1.09428
1.07216
1.05081
1.0314
1.01509
1.00268
0.994391
0.990088
0.989744
0.993422
1.00077
1.01057
1.021
1.03021
1.03692
1.04061
1.04145
1.03999
1.03689
1.03292
1.02905
1.02651
1.02665
1.03052
1.03845
1.05009
1.06471
1.08142
1.09933
1.11728
1.13369
1.14666
1.15443
1.1559
1.15121
1.14185
1.13042
1.12001
1.11331
1.11185
1.11545
1.12217
1.12882
1.13199
1.12915
1.11948
1.104
1.0852
1.06616
1.04968
1.03787
1.03223
1.03401
1.04404
1.06196
1.0852
1.10894
1.12733
1.13547
1.13099
1.11468
1.09018
1.06301
1.03917
1.02353
1.01873
1.02428
1.0367
1.05104
1.06299
1.07047
1.07404
1.076
1.07897
1.0845
1.09264
1.10244
1.11269
1.12243
1.13096
1.13775
1.14226
1.14409
1.14342
1.14121
1.13918
1.13911
1.1423
1.14926
1.15978
1.17282
1.18646
1.19802
1.20486
1.20517
1.19861
1.18645
1.17129
1.15657
1.14549
1.14006
1.1406
1.14601
1.15457
1.16457
1.17473
1.18434
1.19305
1.20079
1.2077
1.2139
1.2194
1.22413
1.22815
1.23164
1.23449
1.23594
1.23454
1.22863
1.21712
1.20011
1.17932
1.15783
1.13939
1.12716
1.12257
1.12511
1.13271
1.14255
1.15178
1.15807
1.16004
1.15739
1.1508
1.14152
1.13082
1.11958
1.10816
1.09655
1.08468
1.07259
1.06057
1.04916
1.03903
1.03105
1.02623
1.02542
1.02868
1.03472
1.04095
1.04428
1.04207
1.03294
1.01774
1.00013
0.986
0.981352
0.989655
1.0104
1.03985
1.0729
1.10493
1.13295
1.15588
1.17399
1.18819
1.19931
1.20754
1.21245
1.21315
1.20891
1.19989
1.18768
1.17498
1.16461
1.15818
1.15563
1.15588
1.15777
1.16036
1.16283
1.16446
1.16466
1.16322
1.1606
1.1578
1.15607
1.15651
1.15967
1.16535
1.17272
1.18054
1.18782
1.19421
1.20017
1.2064
1.21294
1.21868
1.22163
1.21992
1.21236
1.19859
1.17875
1.1534
1.12345
1.09031
1.05609
1.02388
0.997611
0.981466
0.978756
0.990593
1.01497
1.04717
1.08143
1.11261
1.13715
1.15343
1.16169
1.16338
1.16041
1.15428
1.14598
1.1362
1.12558
1.11499
1.10544
1.09792
1.09306
1.09096
1.09117
1.09297
1.09537
1.0971
1.09689
1.09407
1.08908
1.08346
1.07948
1.07923
1.08357
1.09164
1.10156
1.11157
1.12071
1.12889
1.1369
1.14592
1.1564
1.16709
1.1754
1.17906
1.1775
1.1719
1.16431
1.15658
1.14955
1.14286
1.13542
1.12613
1.11466
1.10205
1.09069
1.0833
1.08163
1.0857
1.09422
1.10542
1.11771
1.12971
1.1399
1.14661
1.14834
1.14428
1.13463
1.12062
1.10416
1.08762
1.07392
1.06655
1.0684
1.07979
1.0974
1.11587
1.13041
1.13842
1.13954
1.13498
1.12685
1.11749
1.10893
1.10252
1.09879
1.09744
1.09753
1.0978
1.09714
1.09535
1.09341
1.09302
1.09519
1.09915
1.10262
1.10316
1.09921
1.09065
1.07914
1.06833
1.06299
1.06636
1.07773
1.09309
1.10822
1.12072
1.1297
1.13467
1.13511
1.1307
1.12174
1.10935
1.09526
1.08164
1.07062
1.06377
1.06165
1.06382
1.06902
1.07541
1.08072
1.08262
1.07924
1.06968
1.05471
1.03704
1.02069
1.00957
1.00574
1.00882
1.01684
1.02743
1.03856
1.04862
1.05634
1.06078
1.0616
1.0592
1.055
1.05132
1.05074
1.05505
1.06435
1.07696
1.09014
1.10139
1.10911
1.11272
1.11229
1.10821
1.10095
1.09098
1.07905
1.06656
1.05562
1.04842
1.04622
1.04857
1.0534
1.05792
1.05971
1.05761
1.05203
1.04455
1.03727
1.03217
1.03088
1.03453
1.04355
1.05767
1.07593
1.09701
1.11941
1.1416
1.16206
1.17932
1.19211
1.19962
1.2017
1.19904
1.19309
1.18572
1.17879
1.17383
1.17186
1.17307
1.17678
1.18159
1.18576
1.18764
1.18624
1.18151
1.17437
1.16637
1.15923
1.15407
1.15121
1.15017
1.15025
1.15092
1.15189
1.15306
1.15436
1.1555
1.15591
1.15481
1.15174
1.14689
1.14129
1.13643
1.13364
1.1334
1.13529
1.13853
1.14263
1.14758
1.15361
1.16067
1.16817
1.17503
1.17994
1.1818
1.18009
1.1751
1.16769
1.15893
1.14973
1.14074
1.13236
1.12477
1.11802
1.11217
1.10746
1.10423
1.10266
1.10247
1.10299
1.10362
1.10417
1.10483
1.10585
1.10723
1.109
1.1118
1.11684
1.12467
1.13414
1.14311
1.1499
1.15385
1.15484
1.15278
1.14758
1.13971
1.1305
1.12212
1.11684
1.11558
1.11725
1.11941
1.11966
1.11639
1.10867
1.09584
1.07753
1.05433
1.02892
1.00645
0.993284
