-3.33402
-3.3341
-3.33532
-3.3362
-3.33773
-3.33926
-3.34006
-3.34041
-3.33979
-3.33981
-3.34027
-3.33986
-3.33904
-3.33868
-3.33893
-3.33932
-3.33938
-3.34017
-3.33958
-3.33978
-3.33869
-3.33877
-3.33729
-3.33803
-3.33775
-3.33732
-3.33717
-3.33654
-3.33728
-3.33732
-3.33669
-3.33779
-3.33829
-3.33855
-3.33831
-3.33936
-3.33887
-3.33925
-3.33813
-3.33796
-3.3392
-3.33903
-3.33689
-3.33637
-3.33695
-3.33725
-3.33781
-3.33922
-3.33959
-3.33946
-3.34084
-3.34018
-3.3402
-3.33991
-3.33886
-3.33826
-3.33797
-3.33844
-3.33938
-3.33936
-3.34082
-3.34045
-3.34146
-3.34197
-3.34068
-3.34054
-3.33913
-3.33781
-3.33761
-3.33806
-3.33655
-3.33763
-3.33891
-3.34071
-3.3423
-3.34285
-3.34367
-3.34311
-3.34327
-3.34222
-3.34061
-3.33975
-3.33787
-3.33629
-3.33642
-3.3371
-3.33738
-3.33828
-3.3392
-3.34022
-3.34083
-3.34058
-3.33927
-3.33895
-3.33745
-3.33708
-3.33573
-3.33622
-3.33586
-3.33627
-3.33632
-3.33504
-3.33332
-3.3328
-3.33276
-3.33305
-3.33327
-3.33283
-3.33408
-3.33597
-3.33758
-3.33947
-3.34035
-3.34108
-3.3409
-3.34029
-3.34085
-3.34061
-3.34
-3.33931
-3.33744
-3.33634
-3.33703
-3.3367
-3.3375
-3.33871
-3.33932
-3.33833
-3.33868
-3.33824
-3.33755
-3.33722
-3.33738
-3.33762
-3.33743
-3.33632
-3.33673
-3.33714
-3.33764
-3.33712
-3.3365
-3.33629
-3.33444
-3.33381
-3.33256
-3.33271
-3.33205
-3.33297
-3.33391
-3.33443
-3.33379
-3.33479
-3.33569
-3.33552
-3.33487
-3.33444
-3.33278
-3.33257
-3.33288
-3.33486
-3.33646
-3.33707
-3.3389
-3.33854
-3.33899
-3.33929
-3.33974
-3.33981
-3.33986
-3.33977
-3.33926
-3.3391
-3.33857
-3.33979
-3.33977
-3.33957
-3.34003
-3.34068
-3.34025
-3.34002
-3.33887
-3.33703
-3.33512
-3.33418
-3.33411
-3.33359
-3.33395
-3.33497
-3.33639
-3.3374
-3.33758
-3.33944
-3.33941
-3.34013
-3.34226
-3.34264
-3.34335
-3.34306
-3.34193
-3.34067
-3.33888
-3.33819
-3.33708
-3.33683
-3.33674
-3.33589
-3.33511
-3.33372
-3.33419
-3.33423
-3.33347
-3.33363
-3.33373
-3.33478
-3.3339
-3.33367
-3.33351
-3.33452
-3.3343
-3.33336
-3.33466
-3.33492
-3.33446
-3.33564
-3.33671
-3.33739
-3.33776
-3.33751
-3.33684
-3.33661
-3.33618
-3.33555
-3.33648
-3.336
-3.33569
-3.33523
-3.33452
-3.33304
-3.33328
-3.33351
-3.33402
-3.33373
-3.33406
-3.33313
-3.33302
-3.33265
-3.3331
-3.33262
-3.33135
-3.3316
-3.3326
-3.33367
-3.33552
-3.33734
-3.33761
-3.33624
-3.33529
-3.33326
-3.33166
-3.33043
-3.32979
-3.32866
-3.32976
-3.33177
-3.33407
-3.33513
-3.33571
-3.33579
-3.33579
-3.33488
-3.33413
-3.33392
-3.33449
-3.33422
-3.33414
-3.33339
-3.33343
-3.3333
-3.33304
-3.33213
-3.33192
-3.33178
-3.3324
-3.33322
-3.33438
-3.3342
-3.33501
-3.33389
-3.334
-3.33457
-3.33459
-3.33451
-3.33439
-3.33541
-3.33442
-3.33322
-3.33354
-3.33417
-3.33526
-3.33555
-3.33596
-3.33688
-3.33819
-3.33825
-3.33899
-3.33936
-3.33952
-3.33815
-3.33645
-3.33456
-3.33383
-3.33313
-3.33291
-3.33329
-3.33171
-3.33134
-3.33209
-3.33174
-3.33277
-3.33373
-3.33481
-3.33617
-3.33599
-3.3356
-3.33554
-3.3347
-3.33278
-3.33143
-3.33211
-3.33327
-3.33533
-3.33674
-3.33793
-3.33792
-3.33768
-3.3362
-3.33568
-3.33545
-3.33353
-3.33171
-3.33148
-3.33135
-3.3325
-3.33353
-3.3341
-3.33342
-3.33375
-3.33429
-3.33468
-3.33543
-3.33577
-3.33574
-3.33487
-3.33509
-3.33401
-3.33368
-3.33186
-3.33219
-3.33407
-3.33521
-3.33474
-3.33541
-3.33575
-3.33593
-3.33662
-3.33626
-3.33522
-3.33492
-3.33532
-3.33436
-3.33513
-3.33456
-3.33435
-3.33456
-3.33524
-3.33583
-3.33599
-3.33685
-3.33628
-3.33627
-3.33582
-3.33656
-3.33573
-3.33589
-3.33561
-3.33558
-3.33523
-3.33568
-3.33547
-3.33484
-3.33459
-3.33379
-3.33313
-3.33284
-3.33132
-3.33226
-3.33267
-3.33328
-3.33424
-3.33428
-3.33393
-3.33403
-3.33421
-3.33394
-3.33383
-3.33316
-3.33194
-3.33077
-3.3294
-3.32873
-3.3284
-3.32879
-3.32881
-3.32881
-3.32931
-3.33006
-3.32997
-3.33105
-3.33207
-3.33336
-3.33557
-3.33517
-3.33565
-3.33476
-3.33372
-3.33258
-3.33263
-3.33221
-3.33171
-3.33089
-3.33155
-3.3326
-3.33381
-3.33549
-3.33727
-3.33766
-3.33723
-3.3374
-3.33604
-3.33558
-3.33493
-3.33326
-3.33343
-3.33219
-3.33248
-3.33359
-3.33395
-3.33312
-3.33287
-3.33194
-3.33279
-3.33314
-3.33326
-3.33373
-3.33394
-3.33399
-3.33409
-3.33329
-3.33297
-3.33288
-3.3328
-3.33206
-3.33282
-3.33298
-3.33431
-3.33536
-3.33546
-3.3361
-3.33652
-3.33749
-3.33713
-3.33693
-3.33688
-3.33681
-3.33552
-3.33582
-3.33578
-3.33554
-3.33437
-3.33512
-3.33436
-3.33321
-3.33336
-3.33302
-3.33437
-3.33717
-3.33998
-3.34082
-3.34022
-3.34038
-3.33871
-3.33678
-3.33419
-3.33201
-3.33117
-3.33135
-3.33263
-3.33399
-3.33539
-3.33706
-3.33813
-3.33739
-3.33729
-3.33822
-3.33698
-3.33636
-3.33549
-3.33632
-3.33612
-3.33577
-3.33435
-3.33413
-3.33282
-3.33146
-3.33085
-3.32993
-3.32922
-3.32985
-3.33197
-3.33376
-3.33492
-3.33567
-3.33563
-3.33514
-3.33421
-3.3327
-3.33068
-3.32886
-3.32998
-3.33036
-3.33102
-3.33251
-3.33264
-3.3319
-3.33031
-3.32936
-3.32848
-3.32826
-3.32841
-3.32898
-3.33045
-3.33111
-3.33124
-3.33152
-3.33271
-3.33247
-3.33317
-3.33364
-3.33362
-3.33439
-3.33471
-3.33546
-3.33706
-3.33735
-3.33748
-3.33666
-3.33713
-3.33715
-3.33719
-3.33679
-3.33788
-3.33772
-3.33921
-3.34138
-3.34075
-3.34118
-3.34112
-3.33981
-3.33953
-3.33965
-3.33983
-3.33935
-3.33894
-3.33915
-3.33941
-3.33946
-3.33775
-3.33672
-3.33511
-3.33363
-3.33233
-3.33177
-3.33153
-3.33184
-3.33239
-3.33489
-3.33589
-3.33826
-3.33833
-3.33748
-3.33752
-3.33708
-3.33745
-3.33805
-3.33818
-3.33852
-3.33911
-3.33925
-3.34056
-3.34008
-3.34116
-3.33984
-3.3394
-3.339
-3.3377
-3.33589
-3.33594
-3.3354
-3.33518
-3.33545
-3.33524
-3.33488
-3.33419
-3.33406
-3.33305
-3.33301
-3.33346
-3.33303
-3.33337
-3.33398
-3.33413
-3.33548
-3.33705
-3.33717
-3.33661
-3.33562
-3.33514
-3.33436
-3.33425
-3.33371
-3.33307
-3.33198
-3.3314
-3.33186
-3.33303
-3.33508
-3.33586
-3.33665
-3.33611
-3.3356
-3.33615
-3.3368
-3.3368
-3.33682
-3.33609
-3.3341
-3.33397
-3.33337
-3.33312
-3.33379
-3.33647
-3.33678
-3.3365
-3.33611
-3.33614
-3.33478
-3.33395
-3.33478
-3.33399
-3.33309
-3.33281
-3.33263
-3.33245
-3.33239
-3.33299
-3.33466
-3.33588
-3.33556
-3.33526
-3.3357
-3.33551
-3.33564
-3.33537
-3.33504
-3.33678
-3.33662
-3.33763
-3.3375
-3.33709
-3.33721
-3.33682
-3.33591
-3.33451
-3.33322
-3.33303
-3.33382
-3.33341
-3.33401
-3.33339
-3.33346
-3.33209
-3.33081
-3.33076
-3.33049
-3.32989
-3.33021
-3.33103
-3.33205
-3.33262
-3.33468
-3.33545
-3.33594
-3.33589
-3.33646
-3.33671
-3.33617
-3.33617
-3.3381
-3.33918
-3.33895
-3.33994
-3.34002
-3.3396
-3.33901
-3.33866
-3.33812
-3.337
-3.33747
-3.33658
-3.33644
-3.33674
-3.33631
-3.33715
-3.3367
-3.33595
-3.33501
-3.33369
-3.33288
-3.3322
-3.3331
-3.33259
-3.33237
-3.33302
-3.33331
-3.33413
-3.33613
-3.33749
-3.33902
-3.34149
-3.34134
-3.3413
-3.34063
-3.34014
-3.34028
-3.33892
-3.33788
-3.33652
-3.33488
-3.33464
-3.3351
-3.33561
-3.33504
-3.3362
-3.33701
-3.33756
-3.33761
-3.33728
-3.33732
-3.33625
-3.33596
-3.33476
-3.3335
-3.33291
-3.33322
-3.33345
-3.33384
-3.3332
-3.33154
-3.3313
-3.33125
-3.33242
-3.3331
-3.33294
-3.33247
-3.33299
-3.33258
-3.33256
-3.33215
-3.33238
-3.33178
-3.33182
-3.33319
-3.33311
-3.33317
-3.33345
-3.33312
-3.33444
-3.33288
-3.33288
-3.33325
-3.33279
-3.3329
-3.33276
-3.33225
-3.33058
-3.33126
-3.33207
-3.33315
-3.33435
-3.33431
-3.33474
-3.33409
-3.33448
-3.33416
-3.33306
-3.33159
-3.33122
-3.33179
-3.3323
-3.33229
-3.3313
-3.33173
-3.33171
-3.33128
-3.33045
-3.33088
-3.33118
-3.33164
-3.33298
-3.33256
-3.33227
-3.33281
-3.33271
-3.33191
-3.33269
-3.33264
-3.33191
-3.33248
-3.33335
-3.33427
-3.33575
-3.33599
-3.33692
-3.33663
-3.33734
-3.33768
-3.33792
-3.3375
-3.33721
-3.33751
-3.3375
-3.33715
-3.337
-3.33706
-3.33597
-3.33483
-3.33526
-3.33473
-3.33231
-3.33178
-3.33053
-3.3293
-3.32848
-3.32868
-3.33084
-3.331
-3.33266
-3.33335
-3.33284
-3.33299
-3.33333
-3.33398
-3.33488
-3.33384
-3.33347
-3.3334
-3.33308
-3.33504
-3.33507
-3.33593
-3.33542
-3.33457
-3.33431
-3.33375
-3.33218
-3.33099
-3.3297
-3.33046
-3.32891
-3.32951
-3.33003
-3.33005
-3.33035
-3.33218
-3.3323
-3.3334
-3.33268
-3.33325
-3.3332
-3.33261
-3.33321
-3.33329
-3.33258
-3.33288
-3.3331
-3.33325
-3.33353
-3.33406
-3.33448
-3.33416
-3.3351
-3.33576
-3.33499
-3.33366
-3.33238
-3.33149
-3.33111
-3.3301
-3.33013
-3.33011
-3.32998
-3.32961
-3.33115
-3.33085
-3.32984
-3.32814
-3.32826
-3.32871
-3.32996
-3.32892
-3.32949
-3.32975
-3.33094
-3.33135
-3.33115
-3.33131
-3.33183
-3.33282
-3.3341
-3.33459
-3.33401
-3.33296
-3.33169
-3.33075
-3.33015
-3.33034
-3.33023
-3.33155
-3.33262
-3.33542
-3.33719
-3.33846
-3.33936
-3.3386
-3.33731
-3.33787
-3.33749
-3.33685
-3.33822
-3.33786
-3.33881
-3.33721
-3.33593
-3.33422
-3.33416
-3.33405
-3.3338
-3.33415
-3.33364
-3.33346
-3.3329
-3.33257
-3.33131
-3.3306
-3.32887
-3.32803
-3.32682
-3.32684
-3.32861
-3.33022
-3.33218
-3.33439
-3.33426
-3.33316
-3.33201
-3.33175
-3.33079
-3.33124
-3.32931
-3.32838
-3.3294
-3.33065
-3.3312
-3.33138
-3.33178
-3.33268
-3.33213
-3.33087
-3.33164
-3.3313
-3.33093
-3.33137
-3.33196
-3.33224
-3.33262
-3.33349
-3.33354
-3.3334
-3.33306
-3.33263
-3.33305
-3.33283
-3.33396
-3.33522
-3.33557
-3.33473
-3.33508
-3.33435
-3.33399
-3.33249
-3.33211
-3.33157
-3.332
-3.3324
-3.33312
-3.33365
-3.33428
-3.33472
-3.33426
-3.33414
-3.33478
-3.33541
-3.33598
-3.33565
-3.33465
-3.33428
-3.33432
-3.33374
-3.33432
-3.33476
-3.33448
-3.3346
-3.33433
-3.33436
-3.33383
-3.33391
-3.33448
-3.33417
-3.33502
-3.33544
-3.33587
-3.33512
-3.33486
-3.33542
-3.33431
-3.33563
-3.33645
-3.33817
-3.33936
-3.33977
-3.33838
-3.33709
-3.33596
-3.33519
-3.33355
-3.33179
-3.33091
-3.33163
-3.33175
-3.33186
-3.3329
-3.33207
-3.33216
-3.33241
-3.33139
-3.33233
-3.33285
-3.33377
-3.33349
-3.33297
-3.33147
-3.33145
-3.33085
-3.33102
-3.33026
-3.33066
-3.33125
-3.33037
-3.3311
-3.33097
-3.33058
-3.3297
-3.32988
-3.32988
-3.33095
-3.33272
-3.33395
-3.33367
-3.33384
-3.3342
-3.33315
-3.3323
-3.33197
-3.33095
-3.33094
-3.33118
-3.33191
-3.33264
-3.33394
-3.33554
-3.33691
-3.33742
-3.33779
-3.33715
-3.33762
-3.33576
-3.33497
-3.33514
-3.33627
-3.33638
-3.33641
-3.33647
-3.33761
-3.3372
-3.3373
-3.3374
-3.33681
-3.33733
-3.33732
-3.33554
-3.33466
-3.33405
-3.3318
-3.33114
-3.33079
-3.33192
-3.33262
-3.33221
-3.33215
-3.33212
-3.33241
-3.33267
-3.33364
-3.33441
-3.3342
-3.33271
-3.33266
-3.33266
-3.33318
-3.3329
-3.33173
-3.33116
-3.33096
-3.33147
-3.33266
-3.33358
-3.33429
-3.33532
-3.33701
-3.33832
-3.33869
-3.33894
-3.33892
-3.33768
-3.3366
-3.3355
-3.33437
-3.33446
-3.33488
-3.33383
-3.33359
-3.33395
-3.33456
-3.33539
-3.33609
-3.33615
-3.33573
-3.3355
-3.33545
-3.33499
-3.33474
-3.3346
-3.33446
-3.3344
-3.33485
-3.33532
-3.33559
-3.33451
-3.3344
-3.33419
-3.33316
-3.33133
-3.3303
-3.33164
-3.33178
-3.33206
-3.33168
-3.33221
-3.33379
-3.33385
-3.33391
-3.33361
-3.33263
-3.33047
-3.32915
-3.32919
-3.32965
-3.33064
-3.33151
-3.33231
-3.33227
-3.33239
-3.33288
-3.333
-3.33192
-3.33005
-3.32862
-3.32841
-3.32853
-3.32999
-3.32956
-3.3308
-3.33203
-3.33149
-3.33176
-3.33097
-3.33027
-3.33065
-3.33233
-3.33372
-3.334
-3.33355
-3.33355
-3.33295
-3.33154
-3.33089
-3.32893
-3.3293
-3.32825
-3.33003
-3.33024
-3.33005
-3.32984
-3.32906
-3.32824
-3.32932
-3.32881
-3.32802
-3.32745
-3.32656
-3.32774
-3.32942
-3.33109
-3.33238
-3.33332
-3.3344
-3.33442
-3.33436
-3.33471
-3.33324
-3.33248
-3.33321
-3.33376
-3.33357
-3.33477
-3.33476
-3.33507
-3.33455
-3.33387
-3.33336
-3.33298
-3.33347
-3.33388
-3.33388
-3.33406
-3.33386
-3.33523
-3.33557
-3.33464
-3.33509
-3.33381
-3.33306
-3.33318
-3.33305
-3.33497
-3.33596
-3.33659
-3.33716
-3.33714
-3.33676
-3.33697
-3.33684
-3.33575
-3.33518
-3.33499
-3.33396
-3.33285
-3.33365
-3.33337
-3.33249
-3.33164
-3.33144
-3.33081
-3.33097
-3.33088
-3.33075
-3.3305
-3.33138
-3.33291
-3.33452
-3.33534
-3.33542
-3.33699
-3.33737
-3.33787
-3.33745
-3.33802
-3.33906
-3.33928
-3.34103
-3.34074
-3.3411
-3.34037
-3.34021
-3.33976
-3.34001
-3.33925
-3.34
-3.34111
-3.3405
-3.33979
-3.3398
-3.33829
-3.33741
-3.3358
-3.33578
-3.33596
-3.33659
-3.33728
-3.33789
-3.33778
-3.33784
-3.33741
-3.33667
-3.33586
-3.33659
-3.33603
-3.33484
-3.33501
-3.33521
-3.33454
-3.33403
-3.33407
-3.33398
-3.33319
-3.33181
-3.3312
-3.33106
-3.3322
-3.33249
-3.33426
-3.33512
-3.33686
-3.33826
-3.33905
-3.33886
-3.33829
-3.33697
-3.33689
-3.33567
-3.33696
-3.33613
-3.33517
-3.33591
-3.33558
-3.33575
-3.33541
-3.33674
-3.33711
-3.33757
-3.33693
-3.33508
-3.3339
-3.33407
-3.33439
-3.33441
-3.33449
-3.33471
-3.33586
-3.33599
-3.33628
-3.33651
-3.33741
-3.33799
-3.33842
-3.33926
-3.3402
-3.33946
-3.33965
-3.34051
-3.34038
-3.34075
-3.34105
-3.33991
-3.33871
-3.33776
-3.33553
-3.33384
-3.33221
-3.32919
-3.32791
-3.32807
-3.32819
-3.32933
-3.3322
-3.33536
-3.33552
-3.33494
-3.33424
-3.33374
-3.33277
-3.33251
-3.33324
-3.33402
-3.334
-3.33391
-3.33462
-3.33523
-3.33571
-3.33634
-3.3368
-3.33731
-3.33832
-3.33712
-3.33769
-3.33742
-3.33658
-3.33641
-3.33528
-3.33507
-3.3347
-3.33358
-3.33397
-3.3322
-3.33244
-3.33181
-3.33058
-3.33122
-3.33156
-3.33066
-3.33159
-3.33216
-3.3326
-3.33332
-3.33543
-3.33706
-3.33816
-3.33965
-3.33998
-3.33861
-3.33735
-3.33709
-3.33719
-3.33698
-3.33652
-3.33681
-3.33661
-3.33704
-3.33736
-3.33445
-3.33407
-3.33297
-3.33074
-3.33097
-3.33189
-3.33318
-3.33434
-3.3354
-3.33731
-3.33758
-3.33702
-3.33664
-3.33763
-3.33681
-3.33705
-3.33739
-3.3375
-3.33814
-3.3385
-3.33881
-3.33791
-3.33801
-3.33855
-3.33918
-3.33771
-3.33833
-3.33726
-3.33671
-3.33578
-3.33502
-3.33405
-3.33331
-3.33339
-3.33349
-3.33387
-3.33545
-3.33772
-3.33874
-3.33898
-3.33885
-3.3391
-3.33798
-3.33786
-3.33715
-3.33735
-3.33705
-3.33749
-3.33662
-3.33728
-3.33804
-3.33703
-3.33724
-3.33708
-3.33804
-3.33751
-3.33738
-3.33675
-3.33697
-3.33725
-3.33825
-3.33681
-3.33637
-3.33549
-3.33408
-3.33341
-3.33253
-3.33115
-3.32923
-3.32819
-3.32899
-3.33094
-3.3323
-3.33328
-3.33246
-3.33228
-3.33255
-3.33209
-3.33264
-3.33307
-3.33221
-3.33223
-3.33185
-3.33124
-3.33058
-3.331
-3.3318
-3.33218
-3.33141
-3.33129
-3.33171
-3.33144
-3.33192
-3.3334
-3.33349
-3.33491
-3.33674
-3.33718
-3.33667
-3.33672
-3.33587
-3.33481
-3.335
-3.33529
-3.3349
-3.33479
-3.33521
-3.33525
-3.33507
-3.33483
-3.33404
-3.33294
-3.33227
-3.33262
-3.33211
-3.332
-3.33211
-3.33363
-3.33544
-3.33586
-3.33567
-3.33535
-3.33508
-3.33533
-3.3347
-3.33617
-3.33767
-3.33871
-3.33907
-3.33843
-3.3383
-3.33747
-3.3366
-3.33522
-3.3354
-3.33489
-3.33383
-3.33386
-3.33301
-3.33304
-3.33423
-3.33524
-3.33655
-3.33619
-3.33545
-3.33483
-3.33519
-3.334
-3.3331
-3.33308
-3.3323
-3.33282
-3.33252
-3.33298
-3.33462
-3.3345
-3.33443
-3.33577
-3.33718
-3.33875
-3.33983
-3.34053
-3.34024
-3.33932
-3.33846
-3.33676
-3.33458
-3.33213
-3.3306
-3.33073
-3.33256
-3.33442
-3.33518
-3.33674
-3.33755
-3.33837
-3.339
-3.33965
-3.3389
-3.33912
-3.33893
-3.3389
-3.33834
-3.33821
-3.33804
-3.33836
-3.33721
-3.33667
-3.33603
-3.33607
-3.33622
-3.33707
-3.33752
-3.33787
-3.33799
-3.33758
-3.33538
-3.33504
-3.33312
-3.33101
-3.32982
-3.33082
-3.33218
-3.33459
-3.33559
-3.33626
-3.33717
-3.33736
-3.33852
-3.33879
-3.33846
-3.33842
-3.33808
-3.33778
-3.33752
-3.33659
-3.33716
-3.33725
-3.33679
-3.33648
-3.33685
-3.33698
-3.33858
-3.33888
-3.33881
-3.33927
-3.33816
-3.33802
-3.33788
-3.33676
-3.33561
-3.33493
-3.33452
-3.33387
-3.33386
-3.33396
-3.33445
-3.33615
-3.33807
-3.3396
-3.33963
-3.3403
-3.33986
-3.33864
-3.33744
-3.3369
-3.33637
-3.33514
-3.3338
-3.33297
-3.33235
-3.33163
-3.33281
-3.33289
-3.33343
-3.33571
-3.33615
-3.33778
-3.33814
-3.33769
-3.33733
-3.33712
-3.33661
-3.33606
-3.33525
-3.33422
-3.33474
-3.33576
-3.33588
-3.33439
-3.33355
-3.33243
-3.33181
-3.33234
-3.33223
-3.33353
-3.33478
-3.33631
-3.33683
-3.33666
-3.33615
-3.33586
-3.33497
-3.3336
-3.33202
-3.33112
-3.33123
-3.3331
-3.33577
-3.3368
-3.33746
-3.33774
-3.33777
-3.33874
-3.33841
-3.33792
-3.33763
-3.33776
-3.33667
-3.33556
-3.33587
-3.33585
-3.33733
-3.33698
-3.3372
-3.33742
-3.33775
-3.33807
-3.33923
-3.33843
-3.33892
-3.33851
-3.33739
-3.3373
-3.33701
-3.33644
-3.33706
-3.33577
-3.33558
-3.334
-3.33371
-3.33394
-3.3324
-3.33264
-3.33406
-3.33437
-3.33566
-3.33632
-3.33663
-3.33716
-3.33707
-3.3371
-3.33554
-3.33596
-3.33573
-3.33425
-3.33442
-3.33389
-3.33485
-3.33412
-3.33438
-3.33543
-3.3356
-3.33705
-3.33917
-3.33977
-3.33952
-3.34011
-3.3389
-3.34053
-3.34051
-3.34041
-3.33918
-3.33814
-3.33647
-3.33539
-3.33383
-3.33254
-3.33264
-3.33279
-3.33286
-3.33345
-3.33377
-3.33442
-3.33366
-3.33491
-3.33589
-3.33579
-3.33538
-3.33628
-3.3367
-3.3357
-3.33503
-3.33534
-3.3348
-3.33613
-3.33562
-3.33578
-3.33667
-3.33744
-3.33884
-3.33933
-3.33993
-3.33996
-3.34037
-3.34026
-3.33986
-3.33946
-3.33928
-3.33928
-3.33793
-3.33797
-3.33798
-3.33751
-3.33777
-3.33777
-3.33698
-3.33545
-3.33548
-3.33513
-3.33471
-3.33463
-3.33515
-3.33473
-3.3352
-3.3352
-3.33526
-3.33669
-3.33619
-3.33835
-3.33895
-3.33936
-3.34019
-3.33992
-3.33921
-3.33787
-3.33761
-3.33733
-3.33801
-3.3379
-3.33771
-3.33889
-3.33908
-3.33927
-3.33994
-3.33968
-3.33975
-3.33963
-3.33943
-3.33827
-3.33791
-3.33711
-3.33557
-3.33597
-3.33682
-3.3375
-3.33792
-3.33937
-3.33919
-3.34004
-3.34081
-3.34198
-3.34143
-3.34135
-3.33949
-3.33872
-3.33729
-3.33677
-3.33414
-3.3348
-3.33532
-3.33544
-3.3368
-3.33782
-3.33743
-3.33704
-3.33644
-3.33634
-3.3366
-3.33574
-3.33566
-3.335
-3.33382
-3.33412
-3.33408
-3.33432
-3.33391
-3.33368
-3.33382
-3.33378
-3.33438
-3.33517
-3.33622
-3.33642
-3.33573
-3.33359
-3.33232
-3.32968
-3.32975
-3.33025
-3.33059
-3.33131
-3.33122
-3.33282
-3.33399
-3.33577
-3.3374
-3.33855
-3.33952
-3.33934
-3.33877
-3.33914
-3.33908
-3.33816
-3.33773
-3.33705
-3.33711
-3.3373
-3.33735
-3.3378
-3.33749
-3.3374
-3.33653
-3.33653
-3.33515
-3.33512
-3.33479
-3.33428
-3.33394
-3.3331
-3.332
-3.33191
-3.33174
-3.33053
-3.32945
-3.33042
-3.33093
-3.33113
-3.33316
-3.33391
-3.3357
-3.3365
-3.3378
-3.33682
-3.33724
-3.33724
-3.33723
-3.33858
-3.33792
-3.33891
-3.33917
-3.33818
-3.33835
-3.33758
-3.33727
-3.33642
-3.336
-3.33568
-3.33466
-3.3347
-3.3339
-3.3333
-3.33419
-3.33446
-3.33486
-3.33599
-3.33684
-3.33691
-3.33633
-3.33648
-3.3356
-3.33501
-3.33364
-3.33286
-3.33344
-3.33445
-3.33501
-3.33467
-3.33637
-3.33654
-3.33703
-3.33771
-3.33851
-3.33902
-3.33839
-3.33817
-3.33659
-3.33672
-3.3359
-3.33556
-3.33466
-3.33468
-3.3355
-3.33558
-3.33635
-3.33604
-3.33431
-3.33398
-3.33498
-3.33426
-3.33459
-3.33616
-3.33615
-3.335
-3.33485
-3.33334
-3.33376
-3.33399
-3.33634
-3.33784
-3.33911
-3.33973
-3.33874
-3.33891
-3.33762
-3.33761
-3.33709
-3.33703
-3.33751
-3.33753
-3.33605
-3.33648
-3.33695
-3.33602
-3.33533
-3.33491
-3.334
-3.33353
-3.33247
-3.33257
-3.33389
-3.33313
-3.33269
-3.33346
-3.33452
-3.3352
-3.33497
-3.33488
-3.33397
-3.33359
-3.33337
-3.33282
-3.33314
-3.33384
-3.33332
-3.33262
-3.33188
-3.33092
-3.32986
-3.32982
-3.3302
-3.33093
-3.33177
-3.33331
-3.33443
-3.33512
-3.33519
-3.33567
-3.33526
-3.33414
-3.33302
-3.33192
-3.33176
-3.33268
-3.33275
-3.33359
-3.33558
-3.33629
-3.33838
-3.33928
-3.34006
-3.34033
-3.33968
-3.33923
-3.33748
-3.33651
-3.33563
-3.33399
-3.33405
-3.33403
-3.33466
-3.33349
-3.3333
-3.33237
-3.3316
-3.33242
-3.33254
-3.33237
-3.33325
-3.33437
-3.33572
-3.33604
-3.33549
-3.33412
-3.33377
-3.334
-3.33515
-3.33491
-3.33576
-3.33578
-3.33501
-3.336
-3.33581
-3.33523
-3.33535
-3.33538
-3.33631
-3.33807
-3.3385
-3.33888
-3.33864
-3.33871
-3.3388
-3.33845
-3.3377
-3.33706
-3.3363
-3.33523
-3.33623
-3.33747
-3.33799
-3.33775
-3.33741
-3.33639
-3.33582
-3.33433
-3.33378
-3.33288
-3.33283
-3.33287
-3.33341
-3.33439
-3.33464
-3.33539
-3.33674
-3.33634
-3.33669
-3.33611
-3.33649
-3.33576
-3.33445
-3.33503
-3.335
-3.33666
-3.33655
-3.33724
-3.33704
-3.33612
-3.33604
-3.33601
-3.33643
-3.33634
-3.33573
-3.33594
-3.33608
-3.33594
-3.33582
-3.33464
-3.33479
-3.33469
-3.3353
-3.33611
-3.33872
-3.34015
-3.33987
-3.34031
-3.34036
-3.34079
-3.34092
-3.33979
-3.3387
-3.33898
-3.33785
-3.33747
-3.33704
-3.33783
-3.33783
-3.33751
-3.33652
-3.33695
-3.33676
-3.33809
-3.33905
-3.34024
-3.34136
-3.34199
-3.34222
-3.34263
-3.34248
-3.34166
-3.34147
-3.34017
-3.33977
-3.33967
-3.3385
-3.3378
-3.3364
-3.33634
-3.33696
-3.33678
-3.33712
-3.33794
-3.33692
-3.33657
-3.33619
-3.3367
-3.33643
-3.33656
-3.33456
-3.33358
-3.33301
-3.3327
-3.33167
-3.33207
-3.3318
-3.33313
-3.33338
-3.33457
-3.33562
-3.33678
-3.33697
-3.33724
-3.33723
-3.33562
-3.33608
-3.33672
-3.33738
-3.33843
-3.33857
-3.33787
-3.33655
-3.33596
-3.33402
-3.33238
-3.33122
-3.33275
-3.33346
-3.3343
-3.3355
-3.33622
-3.33619
-3.33595
-3.33583
-3.33614
-3.33731
-3.33727
-3.33793
-3.33788
-3.33865
-3.3388
-3.33811
-3.33821
-3.3374
-3.33636
-3.33584
-3.3355
-3.33449
-3.33399
-3.33361
-3.33264
-3.33191
-3.33047
-3.33083
-3.33135
-3.33203
-3.33411
-3.33555
-3.33626
-3.33648
-3.33636
-3.33574
-3.33552
-3.33487
-3.3341
-3.33454
-3.33453
-3.33487
-3.33583
-3.33512
-3.33459
-3.33396
-3.33309
-3.33324
-3.33276
-3.3326
-3.33382
-3.33285
-3.33313
-3.33371
-3.33292
-3.33296
-3.33161
-3.33316
-3.33189
-3.33225
-3.33332
-3.33418
-3.33364
-3.33389
-3.33391
-3.33406
-3.33423
-3.33355
-3.33477
-3.33592
-3.33599
-3.33584
-3.33482
-3.33374
-3.33268
-3.33208
-3.33285
-3.33226
-3.3329
-3.33484
-3.33627
-3.33619
-3.33502
-3.33388
-3.33217
-3.33107
-3.33017
-3.32761
-3.32775
-3.32683
-3.32688
-3.32771
-3.32776
-3.32889
-3.32907
-3.3304
-3.3314
-3.33097
-3.33087
-3.32969
-3.33113
-3.32991
-3.33015
-3.33036
-3.33163
-3.33309
-3.33404
-3.33638
-3.33643
-3.33634
-3.33634
-3.33529
-3.33469
-3.3345
-3.33237
-3.33151
-3.33064
-3.33003
-3.33022
-3.33025
-3.33187
-3.33377
-3.33425
-3.33503
-3.3334
-3.33117
-3.33145
-3.33074
-3.32897
-3.32889
-3.32918
-3.3312
-3.33199
-3.33283
-3.33253
-3.3333
-3.33376
-3.33405
-3.33371
-3.33354
-3.33287
-3.33339
-3.3328
-3.33312
-3.33228
-3.33287
-3.333
-3.33338
-3.33355
-3.33409
-3.33391
-3.33387
-3.33448
-3.3344
-3.33381
-3.33272
-3.33369
-3.33431
-3.33425
-3.33442
-3.33412
-3.3333
-3.33242
-3.33214
-3.33259
-3.33293
-3.33303
-3.334
-3.33442
-3.33409
-3.33395
-3.33377
-3.33321
-3.33481
-3.33573
-3.33686
-3.33836
-3.33866
-3.33906
-3.33976
-3.33841
-3.33746
-3.33682
-3.33587
-3.33478
-3.33425
-3.33266
-3.3327
-3.33413
-3.33492
-3.3351
-3.33539
-3.33615
-3.33679
-3.3369
-3.3374
-3.33636
-3.33513
-3.33327
-3.33308
-3.33267
-3.33351
-3.33468
-3.33509
-3.33548
-3.33655
-3.33673
-3.33636
-3.33627
-3.33504
-3.33392
-3.33419
-3.33424
-3.33435
-3.33463
-3.33645
-3.33712
-3.3375
-3.33837
-3.33816
-3.33779
-3.33832
-3.33722
-3.33635
-3.3357
-3.33438
-3.33524
-3.33376
-3.33329
-3.33284
-3.33173
-3.33156
-3.33236
-3.33335
-3.33427
-3.33394
-3.33473
-3.33518
-3.33473
-3.33509
-3.3346
-3.33501
-3.33488
-3.33568
-3.33556
-3.33611
-3.33575
-3.33577
-3.33633
-3.33693
-3.33703
-3.33645
-3.33582
-3.33518
-3.33518
-3.33535
-3.33419
-3.33388
-3.33409
-3.33527
-3.33495
-3.33467
-3.33383
-3.33254
-3.3321
-3.33167
-3.3317
-3.33251
-3.33294
-3.33401
-3.33405
-3.33462
-3.33456
-3.33473
-3.33555
-3.33604
-3.33575
-3.33536
-3.33507
-3.33555
-3.33541
-3.33351
-3.3346
-3.33466
-3.33509
-3.3344
-3.33443
-3.33455
-3.33513
-3.33504
-3.33621
-3.33641
-3.33633
-3.33659
-3.33677
-3.33687
-3.3393
-3.33858
-3.33934
-3.33914
-3.33905
-3.33807
-3.33735
-3.33645
-3.33771
-3.33842
-3.33811
-3.3358
-3.33472
-3.33341
-3.33283
-3.33282
-3.332
-3.33055
-3.33021
-3.33068
-3.33138
-3.33261
-3.33293
-3.33315
-3.33322
-3.33303
-3.33344
-3.33353
-3.33353
-3.33432
-3.33467
-3.33435
-3.33383
-3.33285
-3.33192
-3.33243
-3.33202
-3.33212
-3.33068
-3.3309
-3.33056
-3.32987
-3.33066
-3.33126
-3.33209
-3.33303
-3.3329
-3.3325
-3.33257
-3.33153
-3.32981
-3.32859
-3.32786
-3.32801
-3.32831
-3.32752
-3.32828
-3.32887
-3.3296
-3.32997
-3.33166
-3.33331
-3.33439
-3.33505
-3.3354
-3.33497
-3.33503
-3.33453
-3.33328
-3.33288
-3.33307
-3.33283
-3.33367
-3.33438
-3.33607
-3.33697
-3.33688
-3.33708
-3.33663
-3.33429
-3.33412
-3.33372
-3.3332
-3.33274
-3.33399
-3.3358
-3.33656
-3.33803
-3.33751
-3.33745
-3.33682
-3.33618
-3.33509
-3.33404
-3.33334
-3.33232
-3.33091
-3.33085
-3.32887
-3.32866
-3.33061
-3.33372
-3.33498
-3.33573
-3.33644
-3.33571
-3.33525
-3.33481
-3.33561
-3.33578
-3.33523
-3.33559
-3.33432
-3.33482
-3.33418
-3.33374
-3.33369
-3.3358
-3.33777
-3.33722
-3.33716
-3.33661
-3.33431
-3.33356
-3.33297
-3.33307
-3.33318
-3.33287
-3.33197
-3.3311
-3.33134
-3.33126
-3.33196
-3.33332
-3.33318
-3.33436
-3.33535
-3.33539
-3.33557
-3.33688
-3.3378
-3.33823
-3.33768
-3.33701
-3.33552
-3.3348
-3.33405
-3.33304
-3.33265
-3.33301
-3.33386
-3.33284
-3.33366
-3.33428
-3.33533
-3.3363
-3.33609
-3.33786
-3.33806
-3.33932
-3.3402
-3.34056
-3.34016
-3.34057
-3.34014
-3.33921
-3.33865
-3.33856
-3.33753
-3.33706
-3.3371
-3.3373
-3.33706
-3.33812
-3.3395
-3.33972
-3.33872
-3.33822
-3.3383
-3.33824
-3.33843
-3.33919
-3.33992
-3.33958
-3.33995
-3.34049
-3.33949
-3.33976
-3.34046
-3.34172
-3.34299
-3.34322
-3.34363
-3.34311
-3.34214
-3.34126
-3.3412
-3.3383
-3.33695
-3.33679
-3.33714
-3.33743
-3.33816
-3.33878
-3.34064
-3.34292
-3.34355
-3.34328
-3.34325
-3.34229
-3.34107
-3.33973
-3.33842
-3.33681
-3.33565
-3.33445
-3.33473
-3.33608
-3.3367
-3.33666
-3.33718
-3.33713
-3.33798
-3.33781
-3.3373
-3.33738
-3.33762
-3.33612
-3.3367
-3.33687
-3.33685
-3.33635
-3.33579
-3.33349
-3.3333
-3.33241
-3.33188
-3.33179
-3.33193
-3.33347
-3.33414
-3.33386
-3.33373
-3.33305
-3.33391
-3.33282
-3.33285
-3.33342
-3.33236
-3.33329
-3.33492
-3.33493
-3.33574
-3.33737
-3.33767
-3.33684
-3.33655
-3.33709
-3.33701
-3.33671
-3.33735
-3.33606
-3.33422
-3.33276
-3.33237
-3.3311
-3.32983
-3.33018
-3.32846
-3.32879
-3.32984
-3.33076
-3.33218
-3.33349
-3.33452
-3.33555
-3.33645
-3.33596
-3.33336
-3.33198
-3.33116
-3.33249
-3.33143
-3.33097
-3.33041
-3.32991
-3.33018
-3.33168
-3.33185
-3.331
-3.33189
-3.3326
-3.33314
-3.33292
-3.33305
-3.3324
-3.33155
-3.33253
-3.33355
-3.33399
-3.33436
-3.33532
-3.33534
-3.33686
-3.33616
-3.33496
-3.33322
-3.33206
-3.33099
-3.32888
-3.32742
-3.32755
-3.32784
-3.32845
-3.32995
-3.33117
-3.33235
-3.33317
-3.33463
-3.33438
-3.33383
-3.33276
-3.33304
-3.33329
-3.33224
-3.33343
-3.33554
-3.33577
-3.33606
-3.33636
-3.33632
-3.33616
-3.33721
-3.33563
-3.33362
-3.33116
-3.33158
-3.33025
-3.33002
-3.33067
-3.33173
-3.33256
-3.33416
-3.33617
-3.33753
-3.33685
-3.33694
-3.33661
-3.33694
-3.3368
-3.33642
-3.33636
-3.33709
-3.3352
-3.33482
-3.33469
-3.33481
-3.33477
-3.33497
-3.33583
-3.33593
-3.33641
-3.33588
-3.33573
-3.33545
-3.33427
-3.33471
-3.33449
-3.33465
-3.33579
-3.3352
-3.33503
-3.33429
-3.33459
-3.33578
-3.33553
-3.33645
-3.33641
-3.3373
-3.33808
-3.33766
-3.33719
-3.33648
-3.33601
-3.3353
-3.33498
-3.33531
-3.33585
-3.33685
-3.33876
-3.33885
-3.33879
-3.33852
-3.33665
-3.33642
-3.33629
-3.33673
-3.33725
-3.33691
-3.33664
-3.33669
-3.33624
-3.33621
-3.33663
-3.3371
-3.33743
-3.33624
-3.33582
-3.33488
-3.33467
-3.33423
-3.33404
-3.33471
-3.33316
-3.3314
-3.33091
-3.33003
-3.32997
-3.33068
-3.33065
-3.33195
-3.33224
-3.33358
-3.3339
-3.33471
-3.33553
-3.33565
-3.33543
-3.33367
-3.33341
-3.33296
-3.33315
-3.33313
-3.33349
-3.33424
-3.33427
-3.3344
-3.33409
-3.3325
-3.33101
-3.32952
-3.32871
-3.32931
-3.32905
-3.32963
-3.3295
-3.32994
-3.33053
-3.33077
-3.33122
-3.3319
-3.3337
-3.33423
-3.33427
-3.33681
-3.33685
-3.33668
-3.33523
-3.33412
-3.33216
-3.33122
-3.33002
-3.33044
-3.33181
-3.33217
-3.332
-3.3336
-3.33563
-3.33514
-3.33538
-3.33654
-3.33709
-3.33751
-3.33732
-3.33753
-3.33651
-3.33626
-3.33436
-3.33332
-3.33288
-3.33289
-3.33297
-3.33268
-3.33352
-3.33331
-3.33336
-3.33337
-3.33348
-3.33485
-3.33658
-3.3379
-3.33889
-3.33939
-3.33996
-3.33935
-3.33948
-3.33913
-3.33745
-3.33472
-3.33293
-3.3323
-3.3312
-3.33029
-3.33085
-3.3314
-3.33057
-3.33035
-3.33065
-3.32934
-3.32913
-3.32903
-3.32831
-3.3292
-3.32974
-3.33044
-3.33139
-3.33261
-3.33425
-3.33601
-3.33695
-3.33778
-3.33682
-3.33608
-3.33566
-3.33454
-3.33422
-3.33421
-3.33391
-3.33292
-3.33188
-3.33072
-3.3303
-3.33005
-3.33219
-3.33312
-3.33408
-3.33544
-3.33583
-3.33467
-3.33395
-3.33237
-3.3324
-3.33167
-3.33219
-3.33229
-3.33205
-3.3323
-3.3302
-3.33072
-3.33171
-3.33276
-3.3323
-3.33229
-3.33219
-3.33206
-3.33272
-3.33294
-3.33408
-3.33445
-3.33373
-3.33437
-3.33429
-3.3337
-3.33427
-3.33267
-3.33284
-3.33302
-3.33335
-3.33311
-3.33261
-3.33164
-3.33261
-3.33256
-3.3331
-3.33392
-3.33226
-3.33133
-3.33162
-3.33067
-3.33183
-3.33234
-3.33271
-3.33411
-3.3352
-3.33381
-3.33471
-3.33358
-3.33336
-3.33306
-3.33207
-3.33106
-3.33122
-3.33329
-3.33474
-3.33631
-3.33775
-3.33838
-3.33614
-3.33618
-3.33511
-3.33418
-3.33332
-3.33308
-3.3325
-3.33277
-3.33289
-3.33159
-3.3316
-3.33104
-3.33052
-3.33174
-3.33299
-3.33324
-3.33317
-3.33439
-3.33422
-3.3348
-3.3347
-3.3355
-3.33526
-3.33588
-3.33747
-3.33657
-3.33507
-3.33446
-3.33414
-3.33481
-3.33515
-3.33522
-3.33582
-3.33648
-3.33501
-3.33576
-3.33601
-3.33581
-3.33588
-3.33512
-3.33499
-3.33474
-3.33534
-3.33606
-3.33636
-3.33564
-3.33593
-3.33627
-3.33657
-3.33605
-3.33613
-3.33579
-3.33507
-3.33244
-3.33096
-3.33011
-3.32985
-3.32987
-3.32939
-3.32918
-3.32978
-3.33099
-3.33183
-3.33264
-3.33454
-3.33521
-3.33664
-3.33632
-3.33532
-3.3344
-3.3345
-3.334
-3.33319
-3.3313
-3.33212
-3.33294
-3.33373
-3.33482
-3.3353
-3.33649
-3.33711
-3.33644
-3.33542
-3.33425
-3.33332
-3.33328
-3.33279
-3.33433
-3.33616
-3.33795
-3.33817
-3.33663
-3.33476
-3.33461
-3.33483
-3.33591
-3.33484
-3.33641
-3.33578
-3.3365
-3.33673
-3.33787
-3.3377
-3.33752
-3.33659
-3.33555
-3.33437
-3.33444
-3.33297
-3.33313
-3.33204
-3.33061
-3.33158
-3.33073
-3.33159
-3.3317
-3.33256
-3.333
-3.33312
-3.33318
-3.33376
-3.3339
-3.33285
-3.33179
-3.33158
-3.33081
-3.33015
-3.32967
-3.33148
-3.33135
-3.33256
-3.33343
-3.33419
-3.33471
-3.33499
-3.33473
-3.33479
-3.33444
-3.33493
-3.33507
-3.33458
-3.33459
-3.3322
-3.33166
-3.33151
-3.33182
-3.33118
-3.33054
-3.33005
-3.33069
-3.33143
-3.32981
-3.3293
-3.32917
-3.32968
-3.3301
-3.32917
-3.32991
-3.33103
-3.33287
-3.33399
-3.3333
-3.33339
-3.33338
-3.33187
-3.33103
-3.32995
-3.3298
-3.33039
-3.33146
-3.33217
-3.3321
-3.33267
-3.33313
-3.3325
-3.33244
-3.33243
-3.33358
-3.33373
-3.33401
-3.33325
-3.33387
-3.33413
-3.33447
-3.33477
-3.33431
-3.33366
-3.33212
-3.3324
-3.33206
-3.33271
-3.33161
-3.33085
-3.33021
-3.3299
-3.3297
-3.32948
-3.32847
-3.32841
-3.32842
-3.32856
-3.32897
-3.33045
-3.33224
-3.33407
-3.33626
-3.33751
-3.33876
-3.33938
-3.33918
-3.33743
-3.33547
-3.33426
-3.3331
-3.33176
-3.33061
-3.33002
-3.33031
-3.32955
-3.32824
-3.32947
-3.32998
-3.33115
-3.33245
-3.3348
-3.33572
-3.33686
-3.33766
-3.338
-3.33766
-3.33725
-3.33655
-3.33641
-3.33713
-3.33723
-3.33685
-3.33725
-3.33743
-3.33689
-3.33558
-3.33562
-3.33439
-3.33284
-3.33139
-3.33085
-3.32899
-3.3293
-3.33014
-3.33078
-3.33257
-3.33378
-3.33533
-3.33639
-3.3373
-3.33752
-3.33699
-3.33751
-3.33558
-3.33501
-3.33397
-3.33148
-3.33121
-3.33019
-3.33039
-3.3307
-3.33081
-3.33212
-3.33199
-3.33206
-3.33195
-3.33319
-3.33496
-3.33392
-3.33401
-3.33319
-3.33164
-3.33125
-3.33169
-3.33133
-3.33077
-3.3297
-3.33064
-3.33139
-3.33365
-3.33515
-3.33566
-3.33576
-3.33656
-3.33677
-3.33622
-3.33558
-3.33462
-3.33531
-3.33514
-3.33484
-3.33465
-3.33359
-3.33357
-3.33286
-3.33304
-3.33276
-3.33178
-3.33174
-3.33098
-3.33006
-3.32977
-3.32989
-3.32927
-3.32944
-3.33031
-3.33179
-3.33174
-3.33095
-3.3304
-3.33142
-3.33131
-3.33201
-3.33249
-3.33371
-3.33411
-3.33453
-3.33482
-3.33436
-3.33459
-3.335
-3.33604
-3.33584
-3.33342
-3.33318
-3.33308
-3.33124
-3.33141
-3.33133
-3.33101
-3.33055
-3.33146
-3.33376
-3.33489
-3.3362
-3.33734
-3.3368
-3.3368
-3.33611
-3.33595
-3.33561
-3.33552
-3.33508
-3.33435
-3.3339
-3.33449
-3.33474
-3.33564
-3.33507
-3.33437
-3.33416
-3.33356
-3.33431
-3.33463
-3.33542
-3.335
-3.33539
-3.33541
-3.33569
-3.3373
-3.33856
-3.33901
-3.33988
-3.33932
-3.33794
-3.33749
-3.3371
-3.33535
-3.33557
-3.33535
-3.33439
-3.33388
-3.33377
-3.33445
-3.33446
-3.33373
-3.33435
-3.33513
-3.33473
-3.33518
-3.33534
-3.33538
-3.33548
-3.33445
-3.33409
-3.33467
-3.3353
-3.33535
-3.33695
-3.33618
-3.33622
-3.33666
-3.33673
-3.33619
-3.33671
-3.33656
-3.33636
-3.33595
-3.33607
-3.33605
-3.3348
-3.3351
-3.33558
-3.33522
-3.33503
-3.33459
-3.33385
-3.33239
-3.33161
-3.33201
-3.33188
-3.33189
-3.33327
-3.33429
-3.33441
-3.33518
-3.33561
-3.33631
-3.33636
-3.33802
-3.33916
-3.33952
-3.34034
-3.34189
-3.34066
-3.34004
-3.33829
-3.33767
-3.33658
-3.33561
-3.33599
-3.33706
-3.33911
-3.3402
-3.34099
-3.33952
-3.3386
-3.33778
-3.33768
-3.33621
-3.33464
-3.33327
-3.33328
-3.33366
-3.33466
-3.33557
-3.33665
-3.33947
-3.34048
-3.34227
-3.34269
-3.3429
-3.34122
-3.34111
-3.34058
-3.34
-3.33983
-3.34115
-3.34215
-3.34155
-3.34091
-3.34043
-3.33814
-3.3385
-3.33795
-3.33594
-3.33384
-3.33387
-3.33334
-3.33376
-3.33339
-3.33353
-3.33395
-3.33482
-3.3366
-3.3374
-3.33833
-3.33927
-3.3397
-3.33906
-3.33862
-3.33788
-3.33699
-3.33602
-3.33567
-3.3353
-3.33555
-3.33523
-3.33433
-3.33503
-3.33515
-3.33392
-3.33401
-3.33285
-3.33383
-3.33408
-3.334
-3.33362
-3.33473
-3.33543
-3.33714
-3.3378
-3.33754
-3.33757
-3.3371
-3.33567
-3.3349
-3.33446
-3.33373
-3.33387
-3.33424
-3.33427
-3.33529
-3.33554
-3.33641
-3.33587
-3.33515
-3.33355
-3.33304
-3.33298
-3.33271
-3.33314
-3.33424
-3.33541
-3.33635
-3.33771
-3.33809
-3.3379
-3.33796
-3.33786
-3.33715
-3.33724
-3.33648
-3.33571
-3.33599
-3.33618
-3.33657
-3.33715
-3.33797
-3.33723
-3.33651
-3.33437
-3.33382
-3.33263
-3.33208
-3.33245
-3.33294
-3.33317
-3.33337
-3.33392
-3.33549
-3.33612
-3.33628
-3.33599
-3.33663
-3.33636
-3.3359
-3.33483
-3.33496
-3.33448
-3.33404
-3.33281
-3.33317
-3.33278
-3.33314
-3.33342
-3.33538
-3.33657
-3.33638
-3.33524
-3.33518
-3.33586
-3.33555
-3.3348
-3.33518
-3.33471
-3.33413
-3.33472
-3.33548
-3.33617
-3.33612
-3.33688
-3.33716
-3.33695
-3.33674
-3.33602
-3.33524
-3.33459
-3.33423
-3.33304
-3.33297
-3.33476
-3.3348
-3.33454
-3.33497
-3.33449
-3.33354
-3.33316
-3.3329
-3.3323
-3.33222
-3.3321
-3.33379
-3.33556
-3.33672
-3.33696
-3.33749
-3.33844
-3.34002
-3.33843
-3.33864
-3.33765
-3.33734
-3.33755
-3.33624
-3.33557
-3.3352
-3.33405
-3.33311
-3.3341
-3.33506
-3.33551
-3.33575
-3.3369
-3.33677
-3.33793
-3.33884
-3.33915
-3.33987
-3.33979
-3.3401
-3.34075
-3.34034
-3.34077
-3.3405
-3.33935
-3.33752
-3.33595
-3.3349
-3.33405
-3.33301
-3.33235
-3.33262
-3.33344
-3.33438
-3.33681
-3.33845
-3.33858
-3.33629
-3.33497
-3.3347
-3.33525
-3.3347
-3.33536
-3.33455
-3.33511
-3.33551
-3.33551
-3.33602
-3.3361
-3.33642
-3.33753
-3.33663
-3.3378
-3.3362
-3.33682
-3.33725
-3.33511
-3.3348
-3.33469
-3.33446
-3.33491
-3.3349
-3.33509
-3.33539
-3.33532
-3.33676
-3.33762
-3.3388
-3.33977
-3.34057
-3.34104
-3.34078
-3.342
-3.34365
-3.34362
-3.34382
-3.34347
-3.34301
-3.34346
-3.34235
-3.34214
-3.34105
-3.33947
-3.33958
-3.34008
-3.33931
-3.34005
-3.34021
-3.33952
-3.34016
-3.34045
-3.34072
-3.34009
-3.33894
-3.33756
-3.33655
-3.3365
-3.33614
-3.33736
-3.33765
-3.33894
-3.33934
-3.33883
-3.33774
-3.33706
-3.33785
-3.33764
-3.33804
-3.33784
-3.33632
-3.33619
-3.33604
-3.33581
-3.33701
-3.33731
-3.33811
-3.33816
-3.33752
-3.33704
-3.33638
-3.33576
-3.33669
-3.33727
-3.33677
-3.33635
-3.3365
-3.33611
-3.33673
-3.33667
-3.3367
-3.3377
-3.33769
-3.33625
-3.33543
-3.33463
-3.33361
-3.33377
-3.33402
-3.33501
-3.33331
-3.33331
-3.33372
-3.33593
-3.33658
-3.33488
-3.33516
-3.33501
-3.33493
-3.33448
-3.33312
-3.33349
-3.33371
-3.33555
-3.3369
-3.33723
-3.3374
-3.33542
-3.33533
-3.33456
-3.33459
-3.33476
-3.33633
-3.33753
-3.33763
-3.33687
-3.33613
-3.33618
-3.33541
-3.33471
-3.33429
-3.33322
-3.33303
-3.33211
-3.33165
-3.33285
-3.3347
-3.33601
-3.33458
-3.33474
-3.33482
-3.3348
-3.33354
-3.33309
-3.33237
-3.33209
-3.33181
-3.33273
-3.33542
-3.33704
-3.33642
-3.33667
-3.33533
-3.33484
-3.33673
-3.33555
-3.33344
-3.33174
-3.33109
-3.33152
-3.33257
-3.33268
-3.33426
-3.33489
-3.33594
-3.33663
-3.3369
-3.33643
-3.33686
-3.33684
-3.33586
-3.33567
-3.33616
-3.33691
-3.33636
-3.33656
-3.33562
-3.33607
-3.33493
-3.33482
-3.33511
-3.33447
-3.33469
-3.33518
-3.33445
-3.33426
-3.3339
-3.33335
-3.33414
-3.33378
-3.33362
-3.33356
-3.33392
-3.33334
-3.33317
-3.33353
-3.33396
-3.335
-3.33503
-3.33479
-3.33428
-3.33305
-3.3331
-3.33272
-3.33314
-3.3355
-3.33689
-3.33841
-3.33934
-3.33955
-3.34053
-3.33987
-3.33826
-3.33808
-3.33731
-3.33665
-3.3357
-3.33612
-3.33554
-3.33585
-3.33562
-3.33694
-3.33871
-3.3396
-3.33958
-3.34013
-3.33971
-3.33922
-3.33939
-3.33984
-3.34
-3.34073
-3.34098
-3.34071
-3.34122
-3.34127
-3.3406
-3.33889
-3.33772
-3.33808
-3.33815
-3.33822
-3.33807
-3.33815
-3.3378
-3.33699
-3.33601
-3.33653
-3.33603
-3.33653
-3.33719
-3.33641
-3.33571
-3.33474
-3.33419
-3.33402
-3.33392
-3.3344
-3.33549
-3.33531
-3.33501
-3.33539
-3.3356
-3.33511
-3.33422
-3.33391
-3.3332
-3.33389
-3.3329
-3.33281
-3.33373
-3.33373
-3.3339
-3.33416
-3.33329
-3.33419
-3.33356
-3.33474
-3.33386
-3.33356
-3.33383
-3.33485
-3.33703
-3.33718
-3.33693
-3.33645
-3.33618
-3.33645
-3.33665
-3.3365
-3.33597
-3.33729
-3.33758
-3.33646
-3.33469
-3.33361
-3.33204
-3.33067
-3.3303
-3.33105
-3.33183
-3.33209
-3.33402
-3.33634
-3.33789
-3.33787
-3.33881
-3.33837
-3.33698
-3.33556
-3.33441
-3.33273
-3.33169
-3.33107
-3.33197
-3.3312
-3.33156
-3.33202
-3.33258
-3.33215
-3.33169
-3.33168
-3.33243
-3.33373
-3.33472
-3.33433
-3.33547
-3.33579
-3.33605
-3.33487
-3.33415
-3.33439
-3.33262
-3.33284
-3.33341
-3.33321
-3.33303
-3.33329
-3.33498
-3.33516
-3.3346
-3.33439
-3.33511
-3.33578
-3.33499
-3.33461
-3.33347
-3.33189
-3.33071
-3.32988
-3.32983
-3.33067
-3.33288
-3.33487
-3.33598
-3.33737
-3.33701
-3.33717
-3.33629
-3.33535
-3.3345
-3.33473
-3.33403
-3.33432
-3.33599
-3.33481
-3.33568
-3.33596
-3.33535
-3.3363
-3.33602
-3.33638
-3.33678
-3.33584
-3.3352
-3.33469
-3.33554
-3.33611
-3.33573
-3.33512
-3.33475
-3.33605
-3.33735
-3.33866
-3.33959
-3.34029
-3.33878
-3.33793
-3.337
-3.33604
-3.33575
-3.33666
-3.33646
-3.3378
-3.33726
-3.33734
-3.33828
-3.33837
-3.33754
-3.33738
-3.33753
-3.33696
-3.3363
-3.33605
-3.33746
-3.33872
-3.33993
-3.3407
-3.34174
-3.34286
-3.34276
-3.34301
-3.34408
-3.34343
-3.34405
-3.34362
-3.34409
-3.3432
-3.34133
-3.34049
-3.34026
-3.33943
-3.33938
-3.33867
-3.33769
-3.3373
-3.33724
-3.33725
-3.33818
-3.33894
-3.33871
-3.339
-3.33942
-3.33913
-3.33672
-3.33711
-3.33674
-3.33594
-3.33682
-3.33507
-3.33679
-3.33676
-3.33663
-3.33609
-3.33589
-3.33615
-3.33639
-3.33648
-3.33525
-3.33485
-3.33312
-3.33265
-3.3325
-3.33357
-3.33508
-3.33685
-3.3372
-3.33735
-3.3373
-3.33743
-3.33718
-3.3364
-3.33711
-3.33735
-3.33653
-3.33496
-3.33414
-3.33367
-3.33345
-3.33309
-3.33366
-3.33512
-3.33559
-3.3351
-3.33502
-3.33518
-3.33494
-3.33358
-3.3332
-3.33301
-3.33314
-3.33319
-3.33354
-3.33535
-3.33584
-3.3354
-3.33447
-3.33332
-3.33345
-3.33413
-3.33366
-3.33367
-3.33412
-3.33449
-3.33392
-3.33419
-3.33492
-3.33498
-3.33601
-3.33603
-3.33606
-3.33498
-3.33457
-3.33358
-3.33286
-3.33265
-3.3328
-3.33323
-3.33287
-3.33383
-3.33255
-3.33177
-3.33298
-3.33134
-3.33142
-3.33121
-3.33192
-3.33289
-3.33292
-3.33369
-3.33482
-3.33476
-3.33533
-3.33482
-3.33486
-3.33533
-3.33462
-3.33417
-3.33473
-3.33673
-3.33754
-3.33804
-3.33857
-3.33867
-3.33894
-3.33901
-3.3386
-3.33806
-3.33747
-3.33752
-3.33662
-3.33562
-3.33461
-3.3343
-3.33372
-3.33287
-3.33423
-3.33476
-3.33502
-3.33489
-3.33407
-3.33341
-3.33324
-3.33415
-3.33485
-3.33518
-3.337
-3.33742
-3.3367
-3.33639
-3.33615
-3.33607
-3.33493
-3.33375
-3.3328
-3.3317
-3.33119
-3.33169
-3.33241
-3.33424
-3.33595
-3.33711
-3.33741
-3.33702
-3.33562
-3.33559
-3.33475
-3.33463
-3.33384
-3.33372
-3.33306
-3.3322
-3.33116
-3.32985
-3.32955
-3.32936
-3.33037
-3.33161
-3.3331
-3.33392
-3.33476
-3.33615
-3.33572
-3.33481
-3.33423
-3.33223
-3.3311
-3.33123
-3.33082
-3.32985
-3.33122
-3.33039
-3.33082
-3.33184
-3.33238
-3.33325
-3.33401
-3.3363
-3.33686
-3.33687
-3.33753
-3.33668
-3.33607
-3.33544
-3.33528
-3.33429
-3.33402
-3.33418
-3.33404
-3.33464
-3.33377
-3.33321
-3.33406
-3.33411
-3.33372
-3.33355
-3.33305
-3.33413
-3.3348
-3.33519
-3.33461
-3.33472
-3.33435
-3.33407
-3.333
-3.3331
-3.33249
-3.33332
-3.33408
-3.33345
-3.3336
-3.33297
-3.33258
-3.33178
-3.33135
-3.33137
-3.33181
-3.33418
-3.33535
-3.33638
-3.33663
-3.33621
-3.33573
-3.33467
-3.33294
-3.33238
-3.33274
-3.33234
-3.33233
-3.33296
-3.33182
-3.33272
-3.33189
-3.3314
-3.33251
-3.33187
-3.33157
-3.33117
-3.33105
-3.33145
-3.33212
-3.33408
-3.33476
-3.3352
-3.33565
-3.33588
-3.33529
-3.33567
-3.33433
-3.33461
-3.33418
-3.3341
-3.33428
-3.33361
-3.33431
-3.33487
-3.33365
-3.33515
-3.3351
-3.33438
-3.3353
-3.33583
-3.33525
-3.33559
-3.33576
-3.33519
-3.33429
-3.33334
-3.33188
-3.33098
-3.32997
-3.32933
-3.3304
-3.32953
-3.33004
-3.33058
-3.33052
-3.33129
-3.3328
-3.33324
-3.334
-3.33504
-3.33506
-3.33604
-3.33628
-3.33598
-3.33584
-3.33569
-3.33576
-3.33531
-3.33392
-3.33356
-3.33412
-3.33413
-3.33282
-3.33342
-3.33342
-3.33407
-3.33384
-3.33544
-3.33539
-3.33452
-3.3358
-3.33558
-3.33468
-3.33402
-3.33288
-3.33283
-3.33322
-3.33316
-3.33433
-3.3359
-3.33715
-3.33798
-3.33799
-3.33647
-3.33394
-3.33341
-3.33226
-3.33277
-3.33328
-3.33476
-3.33559
-3.33677
-3.33858
-3.34028
-3.34041
-3.34207
-3.34091
-3.33936
-3.33755
-3.3358
-3.33441
-3.33405
-3.334
-3.33403
-3.33525
-3.33646
-3.33915
-3.34009
-3.33817
-3.33758
-3.3372
-3.33737
-3.33766
-3.33737
-3.3387
-3.33873
-3.33903
-3.33825
-3.33826
-3.33773
-3.33909
-3.33931
-3.33906
-3.33859
-3.33954
-3.34063
-3.3412
-3.34069
-3.34095
-3.34157
-3.34182
-3.34064
-3.3392
-3.33816
-3.33666
-3.3366
-3.3361
-3.33516
-3.33551
-3.3358
-3.33717
-3.33816
-3.338
-3.33772
-3.33766
-3.33716
-3.33735
-3.3369
-3.33706
-3.3371
-3.3376
-3.33583
-3.33541
-3.33562
-3.3357
-3.33572
-3.33494
-3.33302
-3.33193
-3.33151
-3.33048
-3.32984
-3.33019
-3.33215
-3.3337
-3.335
-3.33608
-3.33722
-3.33687
-3.33687
-3.33523
-3.33438
-3.33447
-3.33413
-3.33504
-3.33567
-3.33503
-3.3338
-3.33391
-3.33326
-3.33219
-3.33194
-3.33284
-3.33159
-3.33259
-3.33405
-3.33454
-3.33357
-3.33441
-3.33373
-3.33306
-3.33071
-3.33059
-3.33111
-3.33165
-3.33436
-3.33585
-3.33694
-3.33796
-3.33886
-3.33959
-3.3393
-3.33872
-3.3381
-3.3379
-3.33769
-3.33681
-3.33666
-3.33745
-3.33705
-3.33629
-3.33657
-3.33554
-3.33572
-3.33669
-3.3358
-3.33525
-3.33497
-3.33619
-3.33638
-3.33585
-3.33551
-3.33481
-3.33399
-3.33509
-3.33516
-3.33376
-3.33505
-3.33562
-3.33564
-3.33504
-3.33395
-3.33488
-3.33447
-3.33462
-3.33423
-3.33392
-3.33319
-3.33306
-3.33209
-3.33147
-3.33084
-3.33118
-3.33026
-3.33013
-3.32904
-3.32911
-3.33002
-3.3305
-3.33203
-3.33405
-3.33615
-3.3383
-3.33916
-3.33947
-3.33867
-3.33689
-3.33547
-3.33437
-3.3343
-3.33328
-3.33335
-3.33309
-3.33216
-3.3327
-3.33369
-3.33408
-3.3346
-3.33533
-3.33556
-3.33435
-3.33496
-3.33511
-3.33414
-3.33392
-3.33308
-3.33376
-3.33415
-3.33519
-3.33541
-3.33531
-3.33542
-3.33599
-3.33455
-3.33544
-3.33549
-3.33527
-3.33639
-3.33701
-3.33685
-3.33628
-3.33533
-3.33491
-3.33401
-3.33373
-3.33396
-3.33391
-3.33283
-3.33337
-3.33168
-3.3314
-3.33185
-3.33272
-3.33501
-3.33637
-3.33684
-3.33721
-3.33763
-3.33813
-3.33767
-3.33756
-3.33751
-3.33668
-3.33534
-3.33443
-3.33423
-3.33374
-3.33259
-3.33314
-3.33361
-3.33405
-3.33514
-3.33565
-3.3355
-3.33433
-3.33297
-3.33186
-3.33146
-3.33112
-3.32976
-3.32895
-3.32888
-3.32958
-3.33018
-3.33044
-3.32991
-3.33063
-3.33127
-3.33244
-3.33295
-3.33301
-3.33161
-3.33132
-3.33042
-3.33
-3.32924
-3.32845
-3.32939
-3.33131
-3.33388
-3.33434
-3.33426
-3.33413
-3.33455
-3.33383
-3.3341
-3.33353
-3.33205
-3.3319
-3.33196
-3.33248
-3.33273
-3.33358
-3.33397
-3.33467
-3.33356
-3.33343
-3.33403
-3.33398
-3.33299
-3.33119
-3.33103
-3.33085
-3.33
-3.331
-3.33201
-3.33404
-3.33524
-3.33608
-3.33599
-3.33563
-3.3346
-3.33431
-3.33438
-3.33355
-3.333
-3.33336
-3.3338
-3.3343
-3.33539
-3.33589
-3.33677
-3.33558
-3.33498
-3.33499
-3.33482
-3.3353
-3.33418
-3.3348
-3.33444
-3.335
-3.33447
-3.3358
-3.3368
-3.33771
-3.33841
-3.33931
-3.33874
-3.33865
-3.33792
-3.33826
-3.33844
-3.33804
-3.33836
-3.33888
-3.34058
-3.34139
-3.34224
-3.34215
-3.34215
-3.34192
-3.34086
-3.34123
-3.34034
-3.33929
-3.33801
-3.33693
-3.33602
-3.33597
-3.33652
-3.33642
-3.33591
-3.33685
-3.33775
-3.33832
-3.33865
-3.33735
-3.33721
-3.33578
-3.33428
-3.33388
-3.33269
-3.33429
-3.33615
-3.33571
-3.33608
-3.33574
-3.3355
-3.33553
-3.33662
-3.33783
-3.33807
-3.33759
-3.33716
-3.33671
-3.33621
-3.33712
-3.3375
-3.33833
-3.3384
-3.33805
-3.33774
-3.33862
-3.33907
-3.33939
-3.33981
-3.33874
-3.33929
-3.33844
-3.33702
-3.33498
-3.3353
-3.33487
-3.33445
-3.33444
-3.33436
-3.33598
-3.33596
-3.33533
-3.33548
-3.33643
-3.33698
-3.33646
-3.33647
-3.33637
-3.33515
-3.33545
-3.33474
-3.33495
-3.33545
-3.33584
-3.33534
-3.3356
-3.33612
-3.33635
-3.33611
-3.3354
-3.33436
-3.33391
-3.33329
-3.33283
-3.33176
-3.33233
-3.33205
-3.33128
-3.33214
-3.3321
-3.33226
-3.33212
-3.33166
-3.33109
-3.33103
-3.33022
-3.32964
-3.32922
-3.33079
-3.33249
