-4.97555
-4.96543
-4.95908
-4.95842
-4.96611
-4.98101
-5.0002
-5.02101
-5.04024
-5.0578
-5.07286
-5.08427
-5.09289
-5.09988
-5.10543
-5.10902
-5.10997
-5.10912
-5.10414
-5.09722
-5.08676
-5.0761
-5.06365
-5.05422
-5.04532
-5.03808
-5.03276
-5.02831
-5.02648
-5.02553
-5.02623
-5.03177
-5.04023
-5.05162
-5.06429
-5.07783
-5.0873
-5.09399
-5.09551
-5.09398
-5.08807
-5.07243
-5.04588
-5.01539
-4.98741
-4.96811
-4.96211
-4.96877
-4.98129
-4.99461
-5.00658
-5.01169
-5.01264
-5.00957
-5.00355
-4.99724
-4.99195
-4.98978
-4.99207
-4.99877
-5.01278
-5.02986
-5.05095
-5.071
-5.0854
-5.09454
-5.09457
-5.08692
-5.07407
-5.05838
-5.04122
-5.03188
-5.03224
-5.04498
-5.06875
-5.09945
-5.13371
-5.16498
-5.1912
-5.20792
-5.21515
-5.21521
-5.20805
-5.1967
-5.18418
-5.17154
-5.16087
-5.15666
-5.16093
-5.17443
-5.19514
-5.21928
-5.24235
-5.26212
-5.27311
-5.27582
-5.268
-5.25377
-5.23247
-5.20763
-5.17946
-5.14764
-5.11325
-5.07787
-5.04082
-5.00286
-4.96629
-4.93522
-4.91739
-4.91534
-4.92853
-4.95524
-4.99043
-5.03074
-5.07082
-5.10664
-5.13591
-5.15386
-5.15957
-5.15329
-5.13513
-5.1094
-5.08087
-5.05142
-5.02771
-5.01161
-5.00196
-4.99571
-4.99362
-4.9925
-4.99294
-4.99623
-5.00297
-5.01265
-5.02381
-5.03439
-5.04523
-5.05403
-5.06132
-5.06685
-5.0713
-5.07361
-5.06993
-5.06249
-5.0502
-5.03672
-5.02203
-5.0109
-5.00385
-5.0015
-5.00282
-5.00921
-5.01682
-5.02189
-5.02178
-5.0142
-4.99624
-4.97158
-4.943
-4.91743
-4.89873
-4.89029
-4.89485
-4.9064
-4.92389
-4.94271
-4.96084
-4.97665
-4.99005
-5.00083
-5.00885
-5.01538
-5.02032
-5.02662
-5.03231
-5.0397
-5.05063
-5.06455
-5.07802
-5.08852
-5.09119
-5.08411
-5.06787
-5.04497
-5.01775
-4.98776
-4.9593
-4.93462
-4.91497
-4.90022
-4.89049
-4.88947
-4.89562
-4.91359
-4.94449
-4.9828
-5.02571
-5.06609
-5.0993
-5.12331
-5.13741
-5.14458
-5.14535
-5.14252
-5.13592
-5.12459
-5.10962
-5.09137
-5.07404
-5.05729
-5.04221
-5.03116
-5.02293
-5.01772
-5.01148
-5.00564
-4.99871
-4.99112
-4.98013
-4.96637
-4.95354
-4.93979
-4.92723
-4.91992
-4.91702
-4.91809
-4.92198
-4.92666
-4.93077
-4.93456
-4.93779
-4.94152
-4.94838
-4.95541
-4.96327
-4.97022
-4.97485
-4.97598
-4.97631
-4.97512
-4.97407
-4.97332
-4.97494
-4.97694
-4.98068
-4.98407
-4.98713
-4.9875
-4.98573
-4.98615
-4.99176
-5.00632
-5.03289
-5.06854
-5.10524
-5.13498
-5.15348
-5.15583
-5.14319
-5.11795
-5.08509
-5.05006
-5.02291
-5.00857
-5.00897
-5.0201
-5.03693
-5.0536
-5.06671
-5.07418
-5.07786
-5.08016
-5.08355
-5.08773
-5.09356
-5.0985
-5.10152
-5.09934
-5.09111
-5.0776
-5.0635
-5.05223
-5.04729
-5.04842
-5.05395
-5.05938
-5.06441
-5.06441
-5.06203
-5.05727
-5.05096
-5.04578
-5.0434
-5.04531
-5.04704
-5.04825
-5.04878
-5.04669
-5.0429
-5.03826
-5.03638
-5.04014
-5.05097
-5.06753
-5.09054
-5.11601
-5.13967
-5.15513
-5.15935
-5.15048
-5.13086
-5.10304
-5.07251
-5.04347
-5.01493
-4.98933
-4.96518
-4.94017
-4.91886
-4.90352
-4.89785
-4.90339
-4.91667
-4.93481
-4.95276
-4.96393
-4.96452
-4.95638
-4.94563
-4.93827
-4.94127
-4.95534
-4.97873
-5.00628
-5.0347
-5.05941
-5.0797
-5.09275
-5.0955
-5.09008
-5.07961
-5.06505
-5.05005
-5.03521
-5.02181
-5.01036
-5.0042
-5.00333
-5.0078
-5.01774
-5.03068
-5.04348
-5.05183
-5.05425
-5.04643
-5.03053
-5.00661
-4.98243
-4.96237
-4.94842
-4.94172
-4.94425
-4.95169
-4.96087
-4.96965
-4.97453
-4.97471
-4.97116
-4.96415
-4.95285
-4.94226
-4.93129
-4.92286
-4.91717
-4.91409
-4.91343
-4.91539
-4.92097
-4.92733
-4.93584
-4.94537
-4.95759
-4.96937
-4.98253
-4.99533
-5.00906
-5.02374
-5.03926
-5.05098
-5.05579
-5.05267
-5.04059
-5.02128
-4.99669
-4.96764
-4.94096
-4.91735
-4.90123
-4.8956
-4.90034
-4.91477
-4.93625
-4.95946
-4.97885
-4.99117
-4.99362
-4.98595
-4.97002
-4.94785
-4.92289
-4.89704
-4.87221
-4.84825
-4.82649
-4.80908
-4.79806
-4.79479
-4.80297
-4.82174
-4.85025
-4.88677
-4.92464
-4.96395
-4.99919
-5.0285
-5.04915
-5.06023
-5.05902
-5.04678
-5.02647
-5.00505
-4.98719
-4.97711
-4.97688
-4.98526
-4.99798
-5.01205
-5.02547
-5.03367
-5.03808
-5.03808
-5.03444
-5.03191
-5.02868
-5.02835
-5.02991
-5.03062
-5.02855
-5.02456
-5.01763
-5.0113
-5.00447
-4.99817
-4.99363
-4.99075
-4.98982
-4.99059
-4.99086
-4.99052
-4.98831
-4.98369
-4.97649
-4.97005
-4.9638
-4.96088
-4.96058
-4.96212
-4.96641
-4.97204
-4.97913
-4.98505
-4.98994
-4.99222
-4.99072
-4.98481
-4.97922
-4.97389
-4.9694
-4.96383
-4.9582
-4.94726
-4.93086
-4.91049
-4.88666
-4.86751
-4.86129
-4.87301
-4.90036
-4.93644
-4.97291
-4.99778
-5.00653
-4.99627
-4.96903
-4.9298
-4.88538
-4.84573
-4.82075
-4.81774
-4.83644
-4.8687
-4.9047
-4.94087
-4.97456
-5.00145
-5.02417
-5.04218
-5.05791
-5.069
-5.07641
-5.07918
-5.07949
-5.07484
-5.06587
-5.05304
-5.03579
-5.01704
-5.00267
-4.99884
-5.00839
-5.03181
-5.0656
-5.10258
-5.13518
-5.15649
-5.16185
-5.15022
-5.12509
-5.09578
-5.06762
-5.0497
-5.04543
-5.04919
-5.05461
-5.05513
-5.048
-5.03148
-5.0082
-4.98244
-4.95917
-4.94186
-4.92921
-4.92075
-4.91676
-4.91802
-4.92193
-4.92993
-4.93973
-4.95052
-4.96355
-4.97778
-4.99406
-5.01244
-5.02998
-5.04657
-5.05962
-5.06928
-5.07185
-5.06698
-5.05569
-5.04443
-5.03653
-5.03885
-5.04927
-5.05948
-5.06886
-5.07414
-5.075
-5.075
-5.07457
-5.07417
-5.07381
-5.07507
-5.0791
-5.08495
-5.0908
-5.09271
-5.09069
-5.08168
-5.06556
-5.04244
-5.01363
-4.9808
-4.94842
-4.92255
-4.91106
-4.91238
-4.9256
-4.94054
-4.95355
-4.96472
-4.97332
-4.98172
-4.98928
-4.99406
-4.99527
-4.99283
-4.98803
-4.98617
-4.98816
-4.99948
-5.01514
-5.03446
-5.05196
-5.06369
-5.06973
-5.07402
-5.07604
-5.07772
-5.07877
-5.07669
-5.07012
-5.05788
-5.04116
-5.02
-4.99824
-4.97742
-4.95804
-4.94349
-4.9347
-4.93215
-4.939
-4.95554
-4.97944
-5.00763
-5.03467
-5.05635
-5.06898
-5.07314
-5.06901
-5.05877
-5.04391
-5.02711
-5.01127
-4.99952
-4.99633
-5.00314
-5.02191
-5.04851
-5.07982
-5.11312
-5.14505
-5.17292
-5.19504
-5.20772
-5.20777
-5.19725
-5.17599
-5.15104
-5.13129
-5.12322
-5.12146
-5.12252
-5.12162
-5.11625
-5.10352
-5.08555
-5.06458
-5.03904
-5.01246
-4.98737
-4.96457
-4.94512
-4.93112
-4.92637
-4.93424
-4.95288
-4.97643
-4.99997
-5.01951
-5.03197
-5.039
-5.0418
-5.04293
-5.04699
-5.05249
-5.06426
-5.08023
-5.09956
-5.11969
-5.13575
-5.14476
-5.14542
-5.13866
-5.12699
-5.11239
-5.09468
-5.07745
-5.05897
-5.04077
-5.0199
-4.99717
-4.97349
-4.9479
-4.92135
-4.89651
-4.87471
-4.8577
-4.84673
-4.84448
-4.84702
-4.85271
-4.85856
-4.86378
-4.86663
-4.86712
-4.86834
-4.87423
-4.8845
-4.90009
-4.92315
-4.94939
-4.97587
-4.99943
-5.01779
-5.02913
-5.0336
-5.0361
-5.03799
-5.04535
-5.05951
-5.07787
-5.09904
-5.11647
-5.12765
-5.13014
-5.1224
-5.10514
-5.07893
-5.04693
-5.00857
-4.96821
-4.92928
-4.89309
-4.86287
-4.84169
-4.83055
-4.83264
-4.84916
-4.87419
-4.90616
-4.93943
-4.97025
-4.99543
-5.01067
-5.01715
-5.01492
-5.00561
-4.99273
-4.9777
-4.96279
-4.95082
-4.94884
-4.95731
-4.97569
-4.99994
-5.0249
-5.04651
-5.06027
-5.06708
-5.06613
-5.06022
-5.05246
-5.04501
-5.03795
-5.0319
-5.0258
-5.01998
-5.01739
-5.01731
-5.02101
-5.02674
-5.03358
-5.04086
-5.04801
-5.05107
-5.04996
-5.04385
-5.03508
-5.02433
-5.01519
-5.0099
-5.0066
-5.00716
-5.01123
-5.01682
-5.02455
-5.02823
-5.03095
-5.03064
-5.02532
-5.01574
-5.0011
-4.9826
-4.96238
-4.94774
-4.93987
-4.9411
-4.95175
-4.96939
-4.99341
-5.01918
-5.04556
-5.06788
-5.08382
-5.09253
-5.09529
-5.093
-5.08686
-5.07888
-5.07029
-5.06353
-5.05541
-5.04458
-5.03064
-5.01648
-5.00341
-4.99502
-4.99441
-4.99913
-5.00899
-5.02113
-5.03034
-5.0336
-5.03149
-5.02142
-5.005
-4.9873
-4.9716
-4.96189
-4.96118
-4.96734
-4.97952
-4.99222
-5.00492
-5.01491
-5.02235
-5.0274
-5.032
-5.03793
-5.04571
-5.0566
-5.07201
-5.09187
-5.11326
-5.13426
-5.15266
-5.16216
-5.15876
-5.14463
-5.11757
-5.08146
-5.04263
-5.00903
-4.98778
-4.97786
-4.98257
-4.99683
-5.01632
-5.03855
-5.0596
-5.07755
-5.09142
-5.09881
-5.10273
-5.10392
-5.10359
-5.10615
-5.10851
-5.11328
-5.11699
-5.11891
-5.11818
-5.11236
-5.09943
-5.07983
-5.05287
-5.022
-4.9861
-4.95423
-4.92867
-4.91154
-4.90329
-4.90284
-4.90434
-4.90909
-4.91396
-4.92171
-4.92931
-4.93484
-4.93784
-4.93532
-4.92714
-4.91692
-4.90675
-4.90047
-4.90176
-4.91279
-4.93321
-4.96041
-4.99297
-5.02514
-5.05164
-5.07006
-5.07917
-5.07919
-5.07167
-5.05793
-5.04245
-5.02693
-5.01355
-5.00356
-4.99922
-4.99558
-4.99163
-4.98486
-4.97573
-4.96208
-4.94538
-4.92502
-4.90766
-4.89343
-4.88443
-4.87889
-4.87678
-4.87929
-4.88706
-4.90067
-4.91931
-4.93952
-4.95702
-4.96756
-4.96701
-4.95333
-4.9266
-4.89065
-4.85055
-4.81609
-4.79328
-4.78884
-4.79997
-4.82248
-4.84958
-4.87412
-4.89442
-4.91344
-4.93085
-4.94971
-4.97357
-4.99861
-5.0266
-5.05124
-5.07241
-5.08712
-5.09737
-5.10411
-5.11177
-5.1252
-5.14413
-5.16712
-5.1885
-5.20419
-5.21013
-5.20667
-5.19222
-5.16946
-5.13885
-5.10537
-5.07533
-5.05429
-5.04874
-5.05896
-5.07631
-5.09349
-5.1046
-5.10713
-5.09888
-5.08326
-5.05915
-5.03361
-5.01179
-4.99616
-4.98891
-4.9913
-5.00178
-5.01577
-5.02561
-5.0278
-5.02401
-5.01279
-4.9979
-4.98259
-4.96805
-4.95527
-4.94588
-4.94104
-4.93929
-4.94007
-4.94137
-4.94162
-4.94169
-4.94194
-4.94725
-4.95874
-4.9754
-4.99407
-5.0124
-5.02395
-5.02799
-5.02299
-5.01252
-4.99784
-4.98346
-4.97168
-4.96453
-4.96065
-4.95812
-4.95527
-4.95205
-4.95156
-4.95531
-4.9618
-4.96905
-4.97433
-4.97674
-4.9774
-4.97676
-4.97501
-4.97517
-4.9766
-4.97825
-4.97967
-4.97774
-4.97104
-4.95802
-4.94153
-4.92547
-4.9135
-4.91156
-4.91893
-4.93322
-4.948
-4.95973
-4.96593
-4.96501
-4.96563
-4.97163
-4.99057
-5.02332
-5.06624
-5.11047
-5.14912
-5.17571
-5.18764
-5.18408
-5.16847
-5.14563
-5.12046
-5.09429
-5.07009
-5.04965
-5.0299
-5.01333
-4.99998
-4.99045
-4.99009
-4.99687
-5.00932
-5.02168
-5.03063
-5.03223
-5.02758
-5.01522
-4.99894
-4.98087
-4.96735
-4.96063
-4.95959
-4.96496
-4.97031
-4.97277
-4.97052
-4.9656
-4.95896
-4.95486
-4.95579
-4.9622
-4.97289
-4.9875
-5.00212
-5.01124
-5.01332
-5.00688
-4.99055
-4.96756
-4.94038
-4.91378
-4.8921
-4.87969
-4.8778
-4.88478
-4.89676
-4.91015
-4.9198
-4.92443
-4.91885
-4.90686
-4.89093
-4.87536
-4.86332
-4.86022
-4.86847
-4.88796
-4.91203
-4.93814
-4.96286
-4.98506
-5.0073
-5.02802
-5.04428
-5.0558
-5.05928
-5.05193
-5.0382
-5.01957
-5.00024
-4.98057
-4.96124
-4.94442
-4.93024
-4.91919
-4.91087
-4.90572
-4.90228
-4.89914
-4.89535
-4.89288
-4.88955
-4.88487
-4.87674
-4.86492
-4.85166
-4.83853
-4.82829
-4.82339
-4.82496
-4.8345
-4.85318
-4.88094
-4.91518
-4.95258
-4.99016
-5.02351
-5.04784
-5.06213
-5.06597
-5.06145
-5.05291
-5.04198
-5.02799
-5.01355
-4.99936
-4.98712
-4.97931
-4.97694
-4.97869
-4.98211
-4.98479
-4.98462
-4.98059
-4.97452
-4.96871
-4.96595
-4.96904
-4.98004
-4.99815
-5.02079
-5.04279
-5.06213
-5.07443
-5.07738
-5.07112
-5.05873
-5.04408
-5.0264
-5.01006
-4.99707
-4.99109
-4.99306
-4.99966
-5.01012
-5.02067
-5.02725
-5.02606
-5.01721
-5.00152
-4.98085
-4.96015
-4.94405
-4.93633
-4.93713
-4.94553
-4.95827
-4.97082
-4.97892
-4.98055
-4.97584
-4.96617
-4.95309
-4.94145
-4.93229
-4.93208
-4.93921
-4.94907
-4.95996
-4.96697
-4.97146
-4.97817
-4.99203
-5.01373
-5.04074
-5.06935
-5.09694
-5.1201
-5.13764
-5.15094
-5.15818
-5.16352
-5.164
-5.16484
-5.16271
-5.15955
-5.15594
-5.15073
-5.14293
-5.13236
-5.11324
-5.085
-5.04766
-5.00293
-4.95954
-4.92539
-4.90769
-4.90665
-4.9161
-4.92897
-4.93935
-4.9464
-4.95002
-4.9477
-4.94228
-4.93644
-4.93204
-4.93254
-4.94203
-4.95664
-4.97404
-4.98883
-4.99886
-5.00376
-5.00427
-5.0024
-4.99817
-4.99176
-4.98414
-4.97524
-4.9677
-4.95945
-4.95007
-4.94124
-4.9287
-4.91462
-4.90105
-4.89011
-4.88721
-4.89057
-4.8996
-4.91238
-4.92652
-4.9413
-4.95733
-4.97345
-4.9886
-5.0036
-5.01748
-5.02819
-5.03571
-5.04138
-5.04174
-5.03716
-5.02846
-5.01664
-5.001
-4.98303
-4.96206
-4.93908
-4.91545
-4.89451
-4.87792
-4.8666
-4.85996
-4.85719
-4.85895
-4.86093
-4.86354
-4.8662
-4.87274
-4.88483
-4.90194
-4.92466
-4.94593
-4.96518
-4.97909
-4.98976
-4.99775
-5.00545
-5.01191
-5.01988
-5.02782
-5.03216
-5.03216
-5.02633
-5.01131
-4.99002
-4.96366
-4.93813
-4.91576
-4.90009
-4.89334
-4.89687
-4.90994
-4.93151
-4.95768
-4.98531
-5.01196
-5.03745
-5.05797
-5.07364
-5.08629
-5.09474
-5.09849
-5.09883
-5.09588
-5.08807
-5.07363
-5.05214
-5.02583
-4.99679
-4.96934
-4.94503
-4.92942
-4.92232
-4.9262
-4.93889
-4.95764
-4.97856
-4.99841
-5.01341
-5.02329
-5.02532
-5.02477
-5.01977
-5.01478
-5.01277
-5.01099
-5.01104
-5.01271
-5.01889
-5.02608
-5.03243
-5.03308
-5.02522
-5.0102
-4.99047
-4.96849
-4.94852
-4.93519
-4.93116
-4.93737
-4.9499
-4.96706
-4.98604
-5.00599
-5.02544
-5.04452
-5.06358
-5.08187
-5.0972
-5.11214
-5.1269
-5.1405
-5.15507
-5.17008
-5.18276
-5.19144
-5.1927
-5.18198
-5.1597
-5.12535
-5.07833
-5.02334
-4.9636
-4.90517
-4.8605
-4.8397
-4.84189
-4.85665
-4.87777
-4.89926
-4.91652
-4.92584
-4.92791
-4.92541
-4.92195
-4.92152
-4.92757
-4.94011
-4.95474
-4.96783
-4.97808
-4.9865
-4.99666
-5.01204
-5.0306
-5.05413
-5.07622
-5.09365
-5.10584
-5.11114
-5.11279
-5.11142
-5.1073
-5.10196
-5.08988
-5.07358
-5.04976
-5.01972
-4.98776
-4.95352
-4.9175
-4.88412
-4.85318
-4.82771
-4.81129
-4.80747
-4.81525
-4.83336
-4.85975
-4.88894
-4.91662
-4.94181
-4.96407
-4.98273
-4.99816
-5.01213
-5.02755
-5.04392
-5.06088
-5.07412
-5.07649
-5.07094
-5.05328
-5.02435
-4.99124
-4.95814
-4.93177
-4.91696
-4.91502
-4.92452
-4.93893
-4.95497
-4.97031
-4.98396
-4.99199
-4.99801
-5.00314
-5.00953
-5.01953
-5.03216
-5.04596
-5.05785
-5.06897
-5.07842
-5.08558
-5.08734
-5.08631
-5.0768
-5.05968
-5.03384
-5.00105
-4.96307
-4.92269
-4.88277
-4.84503
-4.81344
-4.79352
-4.78843
-4.79668
-4.81536
-4.83968
-4.86574
-4.88901
-4.91081
-4.92939
-4.94631
-4.96002
-4.97137
-4.97835
-4.98487
-4.99168
-4.99933
-5.01193
-5.02688
-5.04325
-5.0564
-5.06797
-5.07883
-5.09298
-5.11134
-5.13408
-5.15543
-5.17531
-5.18894
-5.19362
-5.1887
-5.17197
-5.14319
-5.10449
-5.06264
-5.027
-5.00558
-5.00079
-5.00955
-5.02218
-5.03333
-5.03907
-5.03839
-5.0353
-5.03097
-5.02554
-5.02135
-5.01656
-5.01042
-5.00237
-4.99335
-4.98322
-4.97184
-4.95824
-4.94306
-4.92589
-4.90766
-4.8941
-4.88922
-4.89178
-4.90336
-4.92111
-4.94135
-4.96262
-4.98449
-5.00372
-5.01993
-5.0345
-5.04696
-5.05748
-5.06739
-5.07648
-5.08298
-5.0863
-5.08599
-5.08082
-5.06977
-5.05182
-5.02625
-4.99242
-4.95745
-4.93078
-4.92103
-4.92672
-4.93954
-4.95288
-4.96262
-4.96771
-4.97
-4.97084
-4.97639
-4.98709
-5.00343
-5.02408
-5.04557
-5.06534
-5.07881
-5.08508
-5.08403
-5.07919
-5.07041
-5.05996
-5.05144
-5.04462
-5.04287
-5.04763
-5.05804
-5.07375
-5.0905
-5.10612
-5.11737
-5.12221
-5.11671
-5.10312
-5.0841
-5.06097
-5.03858
-5.01653
-4.99685
-4.97975
-4.96233
-4.94761
-4.93965
-4.94085
-4.95426
-4.97933
-5.01257
-5.04727
-5.07699
-5.09648
-5.10013
-5.08524
-5.05173
-5.00522
-4.95646
-4.91701
-4.8913
-4.87774
-4.87645
-4.88559
-4.90542
-4.93332
-4.96555
-4.9967
-5.02615
-5.0508
-5.07062
-5.08537
-5.09708
-5.10643
-5.11479
-5.12054
-5.12599
-5.13073
-5.13611
-5.14246
-5.15145
-5.16282
-5.17677
-5.19156
-5.20383
-5.20826
-5.20422
-5.18491
-5.15087
-5.10663
-5.06155
-5.02343
-4.99816
-4.98207
-4.97244
-4.96776
-4.96711
-4.97213
-4.97913
-4.98528
-4.98901
-4.98898
-4.98575
-4.97974
-4.97076
-4.96213
-4.95333
-4.94524
-4.93872
-4.9345
-4.93313
-4.93882
-4.95063
-4.96881
-4.99119
-5.01187
-5.03032
-5.04361
-5.04961
-5.04871
-5.04133
-5.02789
-5.0095
-4.98975
-4.97182
-4.96014
-4.95914
-4.9698
-4.99087
-5.01785
-5.04771
-5.07321
-5.09037
-5.09758
-5.0951
-5.0834
-5.06357
-5.03825
-5.01007
-4.98075
-4.95211
-4.92827
-4.90875
-4.89798
-4.90004
-4.91261
-4.93711
-4.96681
-4.99687
-5.02372
-5.04476
-5.05878
-5.06661
-5.06953
-5.06969
-5.07109
-5.07406
-5.07676
-5.07641
-5.07266
-5.06254
-5.04631
-5.02595
-5.00295
-4.98404
-4.97254
-4.97169
-4.97977
-4.99313
-5.00604
-5.01296
-5.00874
-4.99174
-4.96326
-4.9279
-4.8922
-4.86425
-4.84865
-4.84428
-4.84976
-4.86116
-4.87535
-4.89167
-4.90697
-4.92116
-4.93254
-4.939
-4.93778
-4.93066
-4.92085
-4.909
-4.89976
-4.89274
-4.89259
-4.89872
-4.90868
-4.91887
-4.92801
-4.93375
-4.94143
-4.9509
-4.96344
-4.98083
-5.00142
-5.02437
-5.04966
-5.07207
-5.09208
-5.10485
-5.11172
-5.11188
-5.10435
-5.09498
-5.08587
-5.07743
-5.07417
-5.07627
-5.08454
-5.09827
-5.11374
-5.12835
-5.13753
-5.14299
-5.14118
-5.13102
-5.11522
-5.09154
-5.06306
-5.02853
-4.99389
-4.96326
-4.93994
-4.9306
-4.93702
-4.95592
-4.98361
-5.01619
-5.04681
-5.07845
-5.1067
-5.13292
-5.15458
-5.17046
-5.17745
-5.17565
-5.16452
-5.14676
-5.12654
-5.10599
-5.08802
-5.07474
-5.06512
-5.05846
-5.05204
-5.04922
-5.04825
-5.04844
-5.04969
-5.05179
-5.05096
-5.04498
-5.03543
-5.02355
-5.00814
-4.99242
-4.97354
-4.9557
-4.94144
-4.93239
-4.93045
-4.93343
-4.94053
-4.94941
-4.96015
-4.97119
-4.98171
-4.99056
-4.99667
-4.9997
-4.999
-4.99909
-5.00022
-5.0025
-5.00615
-5.00793
-5.00492
-4.99615
-4.985
-4.97186
-4.95873
-4.94586
-4.93206
-4.91469
-4.89599
-4.87669
-4.86055
-4.85242
-4.85165
-4.86356
-4.88203
-4.90416
-4.92548
-4.94015
-4.94635
-4.94367
-4.93605
-4.92628
-4.91948
-4.91643
-4.91797
-4.92432
-4.93196
-4.94148
-4.95354
-4.96677
-4.98177
-4.99649
-5.00888
-5.01581
-5.01737
-5.01178
-4.99965
-4.98585
-4.97182
-4.9599
-4.95246
-4.95239
-4.95781
-4.97145
-4.99172
-5.01772
-5.04464
-5.07062
-5.08899
-5.0991
-5.09742
-5.08586
-5.06372
-5.0401
-5.01601
-4.99541
-4.98281
-4.97746
-4.97706
-4.98044
-4.98468
-4.98886
-4.99258
-4.99518
-4.99925
-5.00301
-5.00474
-5.00428
-4.99859
-4.9887
-4.97559
-4.96305
-4.95481
-4.95372
-4.96237
-4.97925
-5.00062
-5.02001
-5.03236
-5.03359
-5.0245
-5.00336
-4.9764
-4.9449
-4.91271
-4.88462
-4.86266
-4.8514
-4.85046
-4.86261
-4.88808
-4.9251
-4.96923
-5.01266
-5.04972
-5.07754
-5.0934
-5.09799
-5.09541
-5.0884
-5.08122
-5.07548
-5.07166
-5.07
-5.06897
-5.06983
-5.07262
-5.08024
-5.09104
-5.10692
-5.12393
-5.13899
-5.14929
-5.1517
-5.14487
-5.12928
-5.10389
-5.06884
-5.02754
-4.9852
-4.94352
-4.9072
-4.88235
-4.86808
-4.86634
-4.87231
-4.88338
-4.89301
-4.90262
-4.91001
-4.9165
-4.92497
-4.93339
-4.94595
-4.95963
-4.97229
-4.98435
-4.99176
-4.99427
-4.98968
-4.97834
-4.96023
-4.93601
-4.91001
-4.88373
-4.86186
-4.84896
-4.84512
-4.85169
-4.86833
-4.89174
-4.91839
-4.94503
-4.9696
-4.98729
-4.99714
-4.99702
-4.9888
-4.97541
-4.95958
-4.94491
-4.93502
-4.93493
-4.94059
-4.95154
-4.96485
-4.97814
-4.98936
-4.99657
-5.0007
-4.99972
-4.99695
-4.99044
-4.98298
-4.9755
-4.97136
-4.97153
-4.97409
-4.97872
-4.9816
-4.98104
-4.97982
-4.97869
-4.9757
-4.97414
-4.97366
-4.96972
-4.9604
-4.94615
-4.92552
-4.90681
-4.89618
-4.90318
-4.92619
-4.96097
-5.00016
-5.03738
-5.07239
-5.10109
-5.12532
-5.14263
-5.1537
-5.15901
-5.15868
-5.15324
-5.14753
-5.14037
-5.1303
-5.11848
-5.10441
-5.08696
-5.06679
-5.04286
-5.01744
-4.9919
-4.96472
-4.94015
-4.92069
-4.90681
-4.89901
-4.89718
-4.90164
-4.90945
-4.91969
-4.93011
-4.93929
-4.94879
-4.95984
-4.9729
-4.98915
-5.00535
-5.01594
-5.01692
-5.00857
-4.99286
-4.97506
-4.96194
-4.96073
-4.97365
-4.99815
-5.02631
-5.0502
-5.06207
-5.05928
-5.0428
-5.01499
-4.98077
-4.94574
-4.91451
-4.89525
-4.8936
-4.90974
-4.94549
-4.99391
-5.04946
-5.10461
-5.15317
-5.19258
-5.21961
-5.23601
-5.24169
-5.23695
-5.2259
-5.20878
-5.18851
-5.16453
-5.14079
-5.116
-5.09113
-5.06798
-5.04561
-5.02705
-5.01684
-5.0163
-5.0249
-5.03806
-5.05157
-5.0621
-5.07022
-5.07594
-5.08108
-5.08485
-5.09061
-5.09626
-5.10054
-5.10395
-5.10178
-5.09437
-5.0844
-5.07417
-5.06813
-5.06819
-5.07198
-5.07914
-5.08721
-5.09553
-5.10242
-5.10609
-5.1054
-5.1001
-5.08987
-5.07532
-5.06072
-5.04753
-5.03864
-5.03607
-5.0385
-5.04043
-5.03849
-5.02962
-5.01664
-5.00049
-4.98488
-4.97144
-4.96284
-4.96084
-4.96508
-4.97647
-4.99381
-5.01277
-5.03315
-5.05005
-5.06236
-5.06637
-5.06311
-5.0578
-5.05222
-5.05274
-5.05796
-5.06944
-5.08198
-5.09135
-5.09568
-5.09314
-5.08598
-5.07683
-5.06904
-5.06487
-5.0612
-5.05368
-5.03875
-5.01368
-4.98222
-4.94663
-4.91327
-4.88713
-4.87394
-4.87241
-4.8812
-4.90004
-4.92411
-4.95034
-4.97463
-4.99341
-5.00637
-5.01429
-5.01497
-5.01184
-5.00537
-4.99746
-4.98589
-4.97082
-4.95222
-4.93356
-4.91529
-4.90264
-4.89651
-4.89917
-4.91047
-4.92869
-4.9517
-4.97741
-5.00244
-5.02431
-5.04254
-5.05442
-5.06168
-5.06371
-5.05911
-5.04938
-5.03361
-5.01481
-4.99409
-4.97236
-4.95341
-4.93918
-4.92885
-4.92597
-4.93012
-4.9413
-4.95543
-4.97018
-4.97954
-4.98405
-4.98189
-4.97314
-4.95833
-4.9417
-4.92344
-4.90814
-4.89574
-4.89138
-4.89673
-4.91214
-4.93295
-4.9547
-4.97281
-4.98471
-4.99572
-5.00701
-5.02116
-5.03925
-5.05811
-5.07424
-5.08419
-5.0868
-5.07906
-5.06334
-5.04213
-5.02147
-5.00207
-4.98768
-4.97878
-4.97301
-4.96838
-4.96445
-4.96117
-4.95854
-4.95658
-4.95299
-4.95004
-4.94774
-4.94982
-4.9567
-4.96855
-4.98529
-5.00221
-5.01719
-5.02935
-5.03803
-5.04302
-5.04628
-5.04768
-5.04568
-5.03929
-5.02574
-5.00752
-4.98586
-4.9663
-4.95591
-4.95596
-4.96566
-4.98133
-4.99811
-5.01141
-5.01934
-5.02008
-5.01491
-5.00759
-4.99961
-4.99441
-4.9935
-4.99386
-4.99512
-4.99436
-4.98951
-4.98183
-4.97164
-4.96304
-4.95969
-4.95868
-4.96173
-4.96494
-4.96412
-4.96086
-4.95471
-4.95315
-4.95326
-4.96042
-4.97262
-4.98677
-4.99961
-5.0118
-5.02137
-5.02813
-5.03188
-5.03216
-5.03252
-5.03181
-5.02937
-5.02565
-5.01906
-5.00941
-4.99649
-4.98159
-4.96791
-4.95652
-4.95477
-4.96669
-4.99089
-5.0223
-5.05481
-5.08406
-5.1067
-5.12339
-5.13405
-5.13711
-5.13684
-5.12929
-5.11676
-5.10019
-5.08023
-5.06179
-5.04594
-5.03666
-5.03219
-5.02866
-5.02374
-5.01206
-4.99503
-4.96778
-4.9381
-4.91106
-4.89478
-4.89264
-4.9039
-4.92719
-4.9543
-4.98278
-5.00871
-5.02763
-5.03876
-5.04096
-5.03177
-5.01491
-4.99007
-4.95931
-4.92675
-4.89771
-4.8815
-4.88142
-4.89399
-4.91428
-4.93244
-4.94569
-4.95534
-4.95799
-4.95463
-4.94964
-4.94375
-4.94044
-4.93864
-4.94058
-4.94493
-4.9528
-4.96131
-4.96895
-4.97356
-4.97424
-4.96937
-4.96096
-4.94866
-4.93731
-4.92749
-4.92327
-4.92298
-4.927
-4.93438
-4.94502
-4.95677
-4.96915
-4.9813
-4.99088
-4.99736
-5.00026
-5.00163
-4.99853
-4.99001
-4.97627
-4.95609
-4.92965
-4.89894
-4.86738
-4.83813
-4.81274
-4.79235
-4.77825
-4.76837
-4.76133
-4.7567
-4.75338
-4.75113
-4.7538
-4.76073
-4.77511
-4.79859
-4.82934
-4.86623
-4.90535
-4.94
-4.9695
-4.9927
-5.00978
-5.02256
-5.03312
-5.04036
-5.04681
-5.05212
-5.0549
-5.05651
-5.05915
-5.06384
-5.06947
-5.07397
-5.07594
-5.07138
-5.06043
-5.04305
-5.02365
-5.00386
-4.98895
-4.98069
-4.97894
-4.98364
-4.99344
-5.00415
-5.01345
-5.01999
-5.02104
-5.01723
-5.00975
-4.99748
-4.98212
-4.96639
-4.95505
-4.94825
-4.94805
-4.95471
-4.9652
-4.97875
-4.99479
-5.00942
-5.0235
-5.03628
-5.04611
-5.05508
-5.05786
-5.0572
-5.05189
-5.04178
-5.02983
-5.01816
-5.00809
-5.00074
-4.99513
-4.99301
-4.9922
-4.99192
-4.99422
-4.99804
-5.00546
-5.01464
-5.02593
-5.03597
-5.04501
-5.05098
-5.05558
-5.05983
-5.0639
-5.06727
-5.06913
-5.06938
-5.06777
-5.06508
-5.06113
-5.05464
-5.04831
-5.04336
-5.04253
-5.04474
-5.05037
-5.05531
-5.05591
-5.05149
-5.04173
-5.02949
-5.01836
-5.01005
-5.007
-5.00714
-5.01025
-5.01302
-5.01499
-5.0164
-5.01715
-5.01809
-5.02088
-5.02579
-5.03252
-5.03813
-5.04008
-5.0424
-5.04107
-5.03799
-5.0324
-5.02719
-5.02282
-5.02026
-5.01804
-5.0172
-5.0147
-5.01095
-5.00688
-5.00264
-4.99894
-4.99888
-4.99744
-4.99923
-5.00138
-5.00439
-5.00714
-5.01139
-5.01788
-5.02991
-5.04464
-5.05985
-5.07144
-5.07944
-5.08038
-5.07538
-5.06631
-5.0545
-5.0421
-5.03173
-5.02351
-5.01752
-5.01494
-5.01474
-5.01724
-5.02114
-5.02492
-5.02877
-5.03236
-5.03767
-5.04774
-5.06251
-5.08081
-5.10017
-5.11686
-5.12921
-5.13849
-5.14357
-5.14688
-5.14653
-5.14546
-5.14166
-5.13607
-5.13166
-5.12795
-5.12634
-5.12703
-5.12785
-5.12738
-5.12358
-5.11233
-5.09254
-5.06523
-5.03152
-4.99407
-4.95505
-4.91621
-4.88256
-4.85398
-4.832
-4.81798
-4.81627
-4.82763
-4.85096
-4.88228
-4.91553
-4.94458
-4.96693
-4.97966
-4.98207
-4.9762
-4.96353
-4.94676
-4.93304
-4.92697
-4.93273
-4.94729
-4.96597
-4.98484
-4.99879
-5.00377
-5.00209
-4.99103
-4.97256
-4.95178
-4.93781
-4.93685
-4.95047
-4.97792
-5.01064
-5.04546
-5.07776
-5.10598
-5.12812
-5.14344
-5.15121
-5.14946
-5.13605
-5.1104
-5.06963
-5.02459
-4.98932
-4.97324
-4.97138
-4.9754
-4.97814
-4.97541
-4.96914
-4.96055
-4.95268
-4.94524
-4.93901
-4.93579
-4.93309
-4.935
-4.9402
-4.95223
-4.97288
-5.00398
-5.04126
-5.07884
-5.11551
-5.1464
-5.16732
-5.17978
-5.18183
-5.17445
-5.15823
-5.13447
-5.10477
-5.07146
-5.03746
-5.00375
-4.97453
-4.95256
-4.93691
-4.92946
-4.9266
-4.92625
-4.93003
-4.9403
-4.95493
-4.97008
-4.98059
-4.98469
-4.98157
-4.97417
-4.96312
-4.94908
-4.93321
-4.91567
-4.8963
-4.87338
-4.85189
-4.83193
-4.81687
-4.80884
-4.80811
-4.81735
-4.83113
-4.85024
-4.87215
-4.89606
-4.92062
-4.94544
-4.96637
-4.98151
-4.99031
-4.99248
-4.98722
-4.97776
-4.96715
-4.95921
-4.95749
-4.96536
-4.97938
-4.99285
-5.00106
-5.00425
-5.00415
-5.00314
-5.00455
-5.0106
-5.0212
-5.03435
-5.04995
-5.0657
-5.07904
-5.09295
-5.10757
-5.12424
-5.14311
-5.16256
-5.1818
-5.1967
-5.20455
-5.20326
-5.19193
-5.16659
-5.1327
-5.09226
-5.04781
-5.00249
-4.96096
-4.92732
-4.90792
-4.90602
-4.92052
-4.94857
-4.98412
-5.01778
-5.04332
-5.05654
-5.05629
-5.04385
-5.02379
-5.00008
-4.97776
-4.95862
-4.94243
-4.93136
-4.92922
-4.93668
-4.95401
-4.97479
-4.99407
-5.00933
-5.02005
-5.02647
-5.03428
-5.04109
-5.04555
-5.04541
-5.03987
-5.02719
-5.01237
-4.99439
-4.97639
-4.96024
-4.94685
-4.93797
-4.9317
-4.92805
-4.92722
-4.92648
-4.92522
-4.91774
-4.90659
-4.89276
-4.87696
-4.86612
-4.86195
-4.86435
-4.87705
-4.89994
-4.92913
-4.96154
-4.99499
-5.0267
-5.05391
-5.07743
-5.09917
-5.11593
-5.12722
-5.13147
-5.12747
-5.11266
-5.08876
-5.05942
-5.02393
-4.99018
-4.96084
-4.93889
-4.92767
-4.92789
-4.93898
-4.9591
-4.98449
-5.00922
-5.02785
-5.03986
-5.04277
-5.03879
-5.026
-5.0107
-4.99477
-4.97967
-4.96647
-4.95577
-4.94524
-4.93557
-4.9301
-4.92727
-4.9262
-4.92391
-4.91849
-4.90718
-4.89161
-4.87748
-4.86795
-4.86669
-4.87637
-4.89733
-4.92556
-4.95948
-4.99026
-5.01419
-5.02666
-5.02589
-5.01078
-4.98217
-4.94587
-4.90809
-4.87245
-4.84309
-4.82353
-4.81502
-4.81879
-4.83262
-4.85273
-4.8712
-4.88529
-4.89293
-4.89627
-4.89593
-4.89387
-4.8976
-4.90964
-4.92944
-4.95836
-4.99284
-5.02766
-5.0584
-5.08281
-5.09439
-5.09359
-5.07968
-5.05675
-5.02266
-4.98453
-4.94761
-4.91724
-4.89764
-4.89203
-4.89848
-4.91154
-4.92523
-4.93965
-4.9531
-4.9672
-4.98112
-4.99459
-5.00699
-5.01749
-5.02176
-5.02371
-5.02252
-5.01921
-5.01455
-5.01015
-5.00724
-5.00465
-5.00313
-5.00039
-4.99685
-4.99166
-4.98495
-4.98132
-4.98108
-4.98708
-4.99997
-5.01552
-5.03373
-5.05209
-5.07153
-5.09181
-5.11015
-5.1279
-5.14085
-5.14907
-5.15101
-5.14667
-5.13869
-5.12706
-5.11059
-5.08707
-5.05765
-5.02626
-4.99782
-4.9769
-4.96559
-4.96028
-4.96105
-4.96674
-4.97531
-4.98881
-5.00373
-5.01849
-5.0313
-5.04104
-5.0493
-5.05682
-5.06263
-5.06717
-5.07033
-5.07197
-5.07219
-5.06959
-5.06642
-5.06191
-5.05834
-5.05589
-5.05526
-5.05583
-5.05217
-5.04384
-5.03067
-5.01087
-4.98702
-4.96171
-4.93667
-4.91696
-4.90264
-4.8975
-4.90047
-4.91285
-4.93213
-4.95409
-4.97523
-4.99165
-5.00539
-5.01528
-5.02364
-5.03179
-5.04271
-5.05818
-5.07707
-5.09792
-5.11616
-5.12667
-5.12782
-5.11843
-5.10026
-5.07692
-5.0498
-5.02363
-4.99838
-4.97532
-4.95366
-4.93335
-4.91655
-4.90559
-4.90358
-4.90973
-4.92518
-4.95175
-4.98146
-5.01207
-5.03731
-5.05399
-5.05739
-5.04788
-5.02487
-4.99322
-4.95685
-4.91888
-4.88433
-4.85871
-4.84262
-4.83402
-4.83631
-4.84896
-4.86833
-4.8912
-4.91245
-4.92893
-4.93627
-4.93567
-4.9255
-4.91036
-4.89277
-4.87565
-4.86134
-4.85099
-4.84614
-4.84347
-4.84316
-4.84522
-4.85162
-4.86593
-4.88863
-4.91874
-4.95492
-4.99513
-5.03788
-5.07945
-5.11877
-5.15133
-5.17324
-5.18259
-5.18066
-5.16895
-5.14936
-5.12733
-5.10816
-5.09173
-5.07565
-5.06023
-5.04419
-5.02459
-5.00308
-4.97775
-4.94816
-4.91913
-4.89359
-4.87746
-4.87385
-4.88235
-4.90109
-4.92802
-4.95968
-4.99207
-5.01823
-5.03736
-5.05004
-5.05729
-5.0621
-5.06353
-5.05874
-5.04457
-5.01998
-4.98551
-4.94501
-4.90318
-4.86908
-4.84607
-4.83973
-4.84974
-4.86941
-4.89136
-4.91251
-4.93009
-4.94818
-4.96667
-4.98788
-5.00811
-5.02499
-5.0384
-5.04679
-5.0575
-5.06965
-5.08175
-5.08935
-5.09188
-5.08827
-5.08025
-5.07172
-5.0648
-5.06338
-5.06666
-5.07334
-5.08343
-5.09187
-5.09646
-5.09749
-5.09173
-5.08493
-5.07831
-5.0745
-5.07305
-5.0723
-5.06976
-5.0668
-5.06057
-5.05293
-5.04333
-5.02857
-5.0114
-4.99218
-4.96901
-4.9472
-4.92759
-4.91457
-4.91096
-4.91375
-4.91725
-4.9229
-4.92391
-4.92135
-4.91303
-4.89819
-4.87902
-4.86079
-4.85131
-4.85653
-4.88218
-4.92515
-4.97516
-5.0196
-5.05668
-5.08047
-5.09272
-5.09523
-5.09056
-5.07918
-5.06328
-5.043
-5.01902
-4.99664
-4.97625
-4.95965
-4.94837
-4.9397
-4.93152
-4.92387
-4.91858
-4.91404
-4.91378
-4.91755
-4.92732
-4.94051
-4.95734
-4.9757
-4.9898
-4.9996
-5.00571
-5.00804
-5.00915
-5.0103
-5.01398
-5.02238
-5.03502
-5.04845
-5.06511
-5.08027
-5.09222
-5.10067
-5.10471
-5.10708
-5.10893
-5.1127
-5.11802
-5.12357
-5.1275
-5.13101
-5.13311
-5.13448
-5.13541
-5.13788
-5.14029
-5.14096
-5.13592
-5.12587
-5.10854
-5.08316
-5.04987
-5.00977
-4.96698
-4.92667
-4.89362
-4.87058
-4.85904
-4.85861
-4.86392
-4.87378
-4.88296
-4.8902
-4.89406
-4.89342
-4.88487
-4.86779
-4.84257
-4.81723
-4.79595
-4.78572
-4.79084
-4.80971
-4.83881
-4.86988
-4.89567
-4.91317
-4.92226
-4.9261
-4.92963
-4.93535
-4.9478
-4.96478
-4.98345
-4.99862
-5.00689
-5.00818
-5.00535
-5.00003
-4.99666
-4.99573
-5.00382
-5.01606
-5.03474
-5.05625
-5.08024
-5.10326
-5.12599
-5.14768
-5.16867
-5.18704
-5.20053
-5.20244
-5.19393
-5.1731
-5.14438
-5.11491
-5.08421
-5.05825
-5.03634
-5.02153
-5.01369
-5.01235
-5.01512
-5.01874
-5.01874
-5.01213
-4.99939
-4.98184
-4.95941
-4.93501
-4.91175
-4.89509
-4.88345
-4.88098
-4.88499
-4.89339
-4.90343
-4.91339
-4.92275
-4.93359
-4.94704
-4.96585
-4.98915
-5.01556
-5.04397
-5.06876
-5.09144
-5.10808
-5.11687
-5.11541
-5.10506
-5.08823
-5.06935
-5.05072
-5.03153
-5.015
-4.99933
-4.98454
-4.97109
-4.96033
-4.95851
-4.96718
-4.98789
-5.01712
-5.04794
-5.07518
-5.09194
-5.09476
-5.08769
-5.07427
-5.06078
-5.05106
-5.04657
-5.04559
-5.04496
-5.04292
-5.03672
-5.02531
-5.01232
-5.00038
-4.99383
-4.99226
-4.99617
-5.00204
-5.00996
-5.01787
-5.02805
-5.04233
-5.05984
-5.0786
-5.09464
-5.10837
-5.11659
-5.12127
-5.1204
-5.11666
-5.10991
-5.09962
-5.08397
-5.06087
-5.0284
-4.98902
-4.94471
-4.89954
-4.85796
-4.82514
-4.80499
-4.80155
-4.81732
-4.84973
-4.89509
-4.94641
-4.99758
-5.04352
-5.08277
-5.11448
-5.13671
-5.14849
-5.15017
-5.14283
-5.12801
-5.10521
-5.07664
-5.04775
-5.01836
-4.99336
-4.97552
-4.968
-4.96877
-4.97806
-4.99237
-5.0082
-5.02256
-5.03453
-5.04365
-5.05131
-5.05887
-5.0661
-5.07445
-5.08604
-5.09911
-5.11
-5.114
-5.10918
-5.09091
-5.06048
-5.02028
-4.97392
-4.92235
-4.87254
-4.8266
-4.7877
-4.76114
-4.74893
-4.75478
-4.77814
-4.81556
-4.85909
-4.90052
-4.93535
-4.95675
-4.96769
-4.96699
-4.95533
-4.93871
-4.91702
-4.89537
-4.87556
-4.85924
-4.84829
-4.83951
-4.83422
-4.83354
-4.84214
-4.86075
-4.88304
-4.90644
-4.92293
-4.92971
-4.92854
-4.92071
-4.90704
-4.89078
-4.87408
-4.86166
-4.85356
-4.85432
-4.86477
-4.88672
-4.92002
-4.96193
-5.00552
-5.0452
-5.07799
-5.1023
-5.12071
-5.13248
-5.1402
-5.14558
-5.14842
-5.15075
-5.15032
-5.14751
-5.13931
-5.12405
-5.10295
-5.07536
-5.04434
-5.01381
-4.98659
-4.96372
-4.94779
-4.93862
-4.93509
-4.93348
-4.93295
-4.93347
-4.9363
-4.9395
-4.94578
-4.95408
-4.96418
-4.97257
-4.97826
-4.98043
-4.97925
-4.97824
-4.97918
-4.98362
-4.98892
-4.9919
-4.99442
-4.99234
-4.98252
-4.96849
-4.94915
-4.92731
-4.9072
-4.8951
-4.89522
-4.90703
-4.93081
-4.96246
-4.99558
-5.02806
-5.05564
-5.07797
-5.09382
-5.10329
-5.10527
-5.09945
-5.08708
-5.07096
-5.05258
-5.03532
-5.01831
-5.00315
-4.99067
-4.9805
-4.97481
-4.9712
-4.96847
-4.96196
-4.95137
-4.936
-4.92049
-4.91186
-4.91292
-4.92368
-4.94185
-4.96026
-4.9749
-4.98497
-4.98925
-4.98741
-4.98435
-4.97929
-4.97357
-4.96999
-4.9698
-4.97403
-4.98109
-4.98999
-5.00131
-5.01225
-5.02011
-5.02608
-5.02871
-5.02838
-5.02579
-5.02042
-5.01475
-5.00962
-5.00452
-4.99919
-4.99611
-4.99176
-4.98981
-4.99062
-4.99436
-5.00126
-5.01233
-5.02397
-5.03456
-5.04251
-5.04866
-5.05355
-5.05771
-5.0648
-5.07309
-5.07981
-5.08334
-5.08049
-5.06917
-5.04824
-5.02029
-4.98902
-4.95753
-4.9316
-4.91574
-4.90809
-4.90478
-4.90286
-4.89812
-4.89066
-4.88216
-4.8798
-4.88649
-4.90409
-4.93152
-4.96355
-4.9907
-5.01213
-5.02426
-5.02931
-5.02673
-5.01903
-5.01092
-5.00672
-5.01163
-5.02565
-5.04691
-5.0681
-5.0863
-5.09667
-5.09704
-5.08429
-5.06056
-5.02885
-4.9945
-4.96142
-4.93495
-4.91869
-4.91571
-4.92813
-4.95062
-4.98208
-5.01588
-5.04896
-5.07651
-5.10038
-5.11831
-5.13128
-5.14084
-5.14932
-5.15621
-5.16128
-5.16624
-5.17037
-5.17024
-5.16909
-5.163
-5.15171
-5.13714
-5.1219
-5.10354
-5.08399
-5.0623
-5.04134
-5.02329
-5.01126
-5.00819
-5.01279
-5.02424
-5.03847
-5.05076
-5.05779
-5.06019
-5.05856
-5.05463
-5.04969
-5.0448
-5.03932
-5.03385
-5.02743
-5.02037
-5.01476
-5.00752
-4.99641
-4.98306
-4.96522
-4.94788
-4.92926
-4.90957
-4.88924
-4.87298
-4.86369
-4.86684
-4.88122
-4.90393
-4.93055
-4.95447
-4.97156
-4.98267
-4.98874
-4.99091
-4.99174
-4.99153
-4.99062
-4.99139
-4.99259
-4.99489
-4.99446
-4.99062
-4.98116
-4.96683
-4.94615
-4.91942
-4.89148
-4.86864
-4.85587
-4.85455
-4.86315
-4.87658
-4.89195
-4.90772
-4.92169
-4.93184
-4.93814
-4.93848
-4.93534
-4.93362
-4.93647
-4.9464
-4.96245
-4.98141
-4.99778
-5.00995
-5.01401
-5.0114
-4.99995
-4.98314
-4.96534
-4.95035
-4.94112
-4.93872
-4.94275
-4.95301
-4.96732
-4.98533
-5.0047
-5.02376
-5.03844
-5.04849
-5.0533
-5.05462
-5.05055
-5.04184
-5.0284
-5.0143
-4.99988
-4.98973
-4.98575
-4.99104
-5.00248
-5.017
-5.0316
-5.04511
-5.0549
-5.05799
-5.0545
-5.04639
-5.03303
-5.01781
-5.00587
-5.00009
-5.00245
-5.01205
-5.02842
-5.04739
-5.06564
-5.08037
-5.08842
-5.08881
-5.08199
-5.07013
-5.05553
-5.04402
-5.0393
-5.03845
-5.041
-5.04449
-5.04384
-5.037
-5.02397
-5.00468
-4.98051
-4.95551
-4.93308
-4.91879
-4.91298
-4.91465
-4.92166
-4.93412
-4.95282
-4.97893
-5.0075
-5.03954
-5.06731
-5.08918
-5.10344
-5.10764
-5.10402
-5.09307
-5.0758
-5.05643
-5.04001
-5.02662
-5.01607
-5.00801
-5.0032
-4.99985
-5.00142
-5.00713
-5.01684
-5.03137
-5.04909
-5.07066
-5.09522
-5.12008
-5.14525
-5.16683
-5.18205
-5.18855
-5.18513
-5.17059
-5.14432
-5.10737
-5.06406
-5.02146
-4.98757
-4.96957
-4.97202
-4.98943
-5.01312
-5.03345
-5.04783
-5.05434
-5.05382
-5.04679
-5.03835
-5.02901
-5.02497
-5.02722
-5.03587
-5.05003
-5.06601
-5.08198
-5.09685
-5.10697
-5.11598
-5.11859
-5.11927
-5.11518
-5.10373
-5.08944
-5.07092
-5.04829
-5.02287
-4.99452
-4.96563
-4.93838
-4.91485
-4.899
-4.88966
-4.88722
-4.88938
-4.89414
-4.90023
-4.90794
-4.92183
-4.94308
-4.96956
-5.00042
-5.03088
-5.05792
-5.08052
-5.09524
-5.10421
-5.10573
-5.10082
-5.09312
-5.08346
-5.07264
-5.06548
-5.0608
-5.05803
-5.05797
-5.05704
-5.0536
-5.04518
-5.03111
-5.0116
-4.98855
-4.96539
-4.94496
-4.93343
-4.931
-4.93931
-4.95322
-4.9681
-4.9804
-4.98935
-4.99636
-5.00069
-5.0058
-5.01143
-5.01632
-5.02193
-5.02606
-5.02889
-5.03273
-5.03565
-5.03861
-5.03912
-5.036
-5.02958
-5.02012
-5.00947
-5.00113
-4.99474
-4.99003
-4.98763
-4.98746
-4.98845
-4.99301
-5.00046
-5.01185
-5.02661
-5.03948
-5.04599
-5.04541
-5.03717
-5.02388
-5.01117
-5.00141
-4.99652
-4.9923
-4.99187
-4.99312
-4.9972
-5.00048
-5.00148
-5.00345
-5.00268
-4.99856
-4.98989
-4.97575
-4.95902
-4.93891
-4.91921
-4.90054
-4.88478
-4.87374
-4.8645
-4.85897
-4.85288
-4.8481
-4.84709
-4.85601
-4.8772
-4.91031
-4.95175
-4.99645
-5.03998
-5.0775
-5.10852
-5.13271
-5.14883
-5.15802
-5.15858
-5.15251
-5.14322
-5.13304
-5.12389
-5.11469
-5.10845
-5.10106
-5.09081
-5.07595
-5.05801
-5.0347
-5.00634
-4.97651
-4.95656
-4.95771
-4.97891
-5.01093
-5.04728
-5.0795
-5.10723
-5.13013
-5.14077
-5.13933
-5.12596
-5.10166
-5.06871
-5.03066
-4.99115
-4.95832
-4.93481
-4.92492
-4.92754
-4.93933
-4.95552
-4.97395
-4.99089
-5.00482
-5.01741
-5.02911
-5.04043
-5.0507
-5.06232
-5.07296
-5.08414
-5.09175
-5.09787
-5.10213
-5.10442
-5.10776
-5.112
-5.11474
-5.11576
-5.11231
-5.10331
-5.09064
-5.0735
-5.05546
-5.03804
-5.02187
-5.00512
-4.98935
-4.9764
-4.96823
-4.96673
-4.96915
-4.97281
-4.9733
-4.96653
-4.95325
-4.93432
-4.91744
-4.91181
-4.91979
-4.94219
-4.97361
-5.00789
-5.04141
-5.0681
-5.08628
-5.09691
-5.09759
-5.08965
-5.074
-5.05395
-5.02895
-5.00328
-4.97877
-4.96119
-4.95211
-4.95046
-4.95398
-4.96081
-4.96651
-4.97053
-4.97354
-4.97605
-4.97894
-4.98465
-4.99267
-5.00176
-5.01065
-5.0158
-5.0162
-5.01257
-5.0086
-5.0074
-5.00818
-5.01062
-5.01256
-5.01217
-5.00696
-4.99609
-4.98045
-4.96375
-4.94671
-4.93451
-4.92777
-4.92378
-4.92097
-4.91557
-4.90653
-4.89475
-4.88298
-4.87516
-4.87359
-4.87755
-4.88885
-4.90821
-4.93298
-4.95833
-4.97878
-4.99068
-4.99145
-4.98487
-4.97189
-4.95901
-4.94839
-4.93847
-4.93027
-4.9242
-4.91998
-4.92083
-4.92244
-4.92634
-4.92792
-4.93146
-4.93993
-4.95523
-4.97602
-4.99456
-5.00764
-5.01281
-5.01112
-5.00595
-5.00067
-4.99838
-5.00079
-5.00992
-5.02098
-5.03041
-5.03547
-5.03452
-5.02492
-5.00811
-4.98781
-4.96872
-4.95492
-4.95029
-4.95994
-4.98319
-5.01699
-5.05642
-5.09865
-5.13605
-5.16489
-5.18339
-5.19071
-5.18625
-5.17246
-5.15135
-5.12695
-5.09918
-5.07356
-5.05066
-5.03079
-5.01213
-4.99495
-4.98018
-4.9704
-4.96844
-4.97489
-4.98707
-5.00395
-5.01903
-5.03012
-5.03435
-5.03325
-5.02763
-5.01527
-5.00159
-4.98687
-4.97172
-4.95775
-4.94536
-4.93577
-4.92712
-4.92183
-4.92218
-4.92849
-4.93806
-4.94718
-4.95545
-4.95988
-4.95935
-4.95369
-4.94272
-4.92801
-4.91191
-4.8979
-4.88784
-4.88477
-4.89242
-4.90848
-4.93124
-4.9533
-4.97065
-4.98122
-4.98655
-4.98689
-4.9869
-4.98903
-4.9901
-4.99483
-4.99951
-5.00241
-5.00478
-5.00319
-4.99959
-4.99376
-4.98467
-4.97404
-4.96158
-4.94837
-4.93288
-4.91498
-4.89691
-4.88221
-4.87672
-4.88283
-4.9017
-4.92964
-4.96049
-4.98583
-5.00442
-5.01452
-5.01791
-5.01859
-5.02055
-5.02357
-5.03024
-5.0354
-5.0396
-5.04214
-5.04139
-5.03759
-5.03191
-5.02277
-5.00777
-4.98707
-4.96269
-4.93945
-4.92017
-4.9088
-4.90635
-4.91259
-4.92529
-4.94116
-4.96038
-4.98252
-5.00432
-5.02807
-5.05031
-5.07144
-5.08764
-5.09815
-5.10441
-5.10588
-5.10141
-5.09256
-5.07842
-5.06065
-5.04246
-5.02675
-5.01624
-5.01304
-5.01526
-5.02001
-5.0264
-5.03196
-5.03444
-5.03178
-5.02926
-5.02444
-5.01932
-5.01778
-5.01685
-5.0231
-5.03084
-5.04074
-5.05142
-5.06259
-5.07309
-5.08091
-5.08427
-5.08059
-5.07108
-5.05326
-5.03068
-5.00562
-4.98462
-4.97256
-4.97152
-4.97766
-4.98843
-5.00098
-5.01413
-5.02629
-5.03656
-5.04645
-5.05385
-5.05808
-5.0594
-5.05931
-5.05757
-5.05478
-5.0519
-5.05172
-5.05577
-5.06318
-5.0742
-5.08907
-5.1048
-5.11681
-5.12113
-5.11896
-5.11156
-5.10318
-5.09788
-5.09883
-5.10709
-5.11682
-5.12374
-5.12403
-5.11576
-5.1011
-5.0825
-5.06222
-5.04475
-5.0309
-5.01958
-5.00923
-5.00191
-4.99848
-4.99915
-5.00568
-5.01438
-5.02347
-5.02923
-5.03191
-5.02989
-5.02479
-5.01842
-5.01282
-5.00971
-5.00858
-5.01043
-5.00931
-5.0052
-4.99762
-4.98116
-4.96145
-4.93905
-4.91844
-4.90197
-4.89035
-4.88578
-4.88743
-4.89261
-4.90118
-4.90838
-4.91294
-4.91349
-4.90919
-4.90375
-4.90057
-4.90249
-4.90893
-4.92238
-4.94413
-4.97329
-5.00848
-5.04613
-5.08245
-5.1147
-5.14055
-5.15908
-5.16783
-5.1676
-5.15939
-5.14589
-5.12898
-5.11209
-5.10073
-5.0936
-5.09111
-5.09132
-5.0914
-5.09022
-5.08749
-5.08483
-5.0831
-5.08462
-5.09314
-5.10633
-5.12315
-5.14225
-5.15956
-5.17172
-5.17512
-5.16982
-5.1563
-5.13526
-5.1095
-5.08345
-5.06321
-5.0577
-5.06908
-5.09198
-5.11687
-5.13732
-5.15134
-5.16259
-5.17024
-5.17616
-5.17846
-5.17763
-5.17162
-5.16006
-5.14258
-5.11904
-5.09136
-5.06035
-5.03053
-5.00586
-4.99131
-4.98868
-4.99783
-5.01524
-5.03285
-5.04642
-5.05279
-5.04844
-5.03595
-5.01734
-4.99292
-4.96475
-4.93781
-4.90977
-4.88621
-4.8682
-4.85593
-4.85162
-4.85683
-4.87457
-4.89995
-4.92939
-4.95907
-4.98394
-5.00474
-5.02083
-5.03265
-5.03933
-5.04337
-5.04572
-5.04707
-5.04992
-5.05306
-5.05786
-5.06339
-5.06505
-5.06215
-5.05643
-5.04994
-5.04721
-5.04762
-5.05098
-5.05483
-5.05857
-5.05901
-5.05547
-5.04722
-5.03808
-5.02934
-5.02622
-5.02825
-5.03217
-5.03614
-5.03461
-5.02654
-5.01181
-4.994
-4.97741
-4.96646
-4.96626
-4.97524
-4.99318
-5.01557
-5.03737
-5.0546
-5.06413
-5.06566
-5.06271
-5.058
-5.05305
-5.05115
-5.05246
-5.05262
-5.0529
-5.04789
-5.03957
-5.02991
-5.01634
-5.0014
-4.98504
-4.96847
-4.95368
-4.94291
-4.93975
-4.94331
-4.9547
-4.97231
-4.99255
-5.01103
-5.02638
-5.0343
-5.03838
-5.0379
-5.03591
-5.03394
-5.0317
-5.03174
-5.03269
-5.0331
-5.03765
-5.04191
-5.0462
-5.05232
-5.05843
-5.06465
-5.07369
-5.08384
-5.0922
-5.09598
-5.09267
-5.08047
-5.06068
-5.03411
-5.00334
-4.97182
-4.93777
-4.90626
-4.87769
-4.85316
-4.83531
-4.82439
-4.81838
-4.81861
-4.82518
-4.83621
-4.8519
-4.86778
-4.88129
-4.89122
-4.8966
-4.89793
-4.89529
-4.88925
-4.88294
-4.87769
-4.87389
-4.87279
-4.8792
-4.89109
-4.90921
-4.9309
-4.95758
-4.98439
-5.01044
-5.03633
-5.05557
-5.06633
-5.06788
-5.0597
-5.0456
-5.02885
-5.01318
-5.0043
-5.00368
-5.01032
-5.02123
-5.03122
-5.03445
-5.02767
-5.01263
-4.98825
-4.96057
-4.93252
-4.90927
-4.89239
-4.88512
-4.88959
-4.90635
-4.93334
-4.96987
-5.00433
-5.03035
-5.04075
-5.03228
-5.00643
-4.96932
-4.92852
-4.89279
-4.87055
-4.86456
-4.87557
-4.89514
-4.91473
-4.93206
-4.94291
-4.94843
-4.95166
-4.95582
-4.96545
-4.97769
-4.99268
-5.00729
-5.0219
-5.03417
-5.04571
-5.0527
-5.05519
-5.05371
-5.05136
-5.04939
-5.04986
-5.05414
-5.06485
-5.08124
-5.10106
-5.12034
-5.13624
-5.14545
-5.14441
-5.13452
-5.11576
-5.0921
-5.07037
-5.05405
-5.04727
-5.04905
-5.05702
-5.06957
-5.08451
-5.09926
-5.11385
-5.12647
-5.13825
-5.14866
-5.15846
-5.16493
-5.17161
-5.17785
-5.18316
-5.18745
-5.18886
-5.18482
-5.17487
-5.15719
-5.13065
-5.09881
-5.06694
-5.04124
-5.02443
-5.01886
-5.02375
-5.03629
-5.05069
-5.06453
-5.07234
-5.07444
-5.07056
-5.06033
-5.04732
-5.0319
-5.0144
-4.99603
-4.97874
-4.96028
-4.94107
-4.9228
-4.90658
-4.89014
-4.87917
-4.8734
-4.87267
-4.8766
-4.88649
-4.89515
-4.89948
-4.89381
-4.87999
-4.85772
-4.83185
-4.81336
-4.80788
-4.82143
-4.85356
-4.89864
-4.94895
-4.99669
-5.03814
-5.07192
-5.09888
-5.11998
-5.13577
-5.14797
-5.15613
-5.15678
-5.14965
-5.13641
-5.11706
-5.09818
-5.08361
-5.07307
-5.06869
-5.06879
-5.07285
-5.07691
-5.08009
-5.08221
-5.0818
-5.07882
-5.07599
-5.07185
-5.06786
-5.06983
-5.07512
-5.08366
-5.09412
-5.10477
-5.11661
-5.12578
-5.13488
-5.14383
-5.15332
-5.1612
-5.16551
-5.16197
-5.15001
-5.12872
-5.09931
-5.06037
-5.0153
-4.9645
-4.91324
-4.86584
-4.82692
-4.80422
-4.80219
-4.82204
-4.86075
-4.90991
-4.96162
-5.00759
-5.04261
-5.06563
-5.0769
-5.07937
-5.07389
-5.06477
-5.05206
-5.03645
-5.02108
-5.00618
-4.99224
-4.98148
-4.97492
-4.972
-4.97111
-4.97442
-4.97816
-4.97979
-4.97926
-4.97419
-4.96739
-4.95935
-4.95441
-4.95425
-4.96067
-4.97288
-4.98833
-5.00191
-5.01651
-5.02883
-5.04062
-5.05527
-5.07161
-5.08748
-5.09938
-5.10392
-5.10116
-5.09187
-5.0802
-5.06883
-5.05823
-5.04712
-5.03651
-5.02088
-5.00339
-4.98493
-4.96876
-4.95996
-4.95881
-4.96539
-4.97854
-4.99575
-5.0147
-5.03223
-5.04741
-5.05743
-5.05919
-5.05176
-5.03638
-5.01516
-4.98998
-4.96402
-4.94403
-4.93343
-4.93666
-4.95483
-4.98176
-5.00931
-5.02994
-5.0406
-5.04117
-5.03394
-5.0214
-5.00599
-4.99234
-4.98266
-4.97776
-4.97633
-4.97674
-4.97661
-4.97635
-4.9743
-4.97256
-4.97248
-4.9758
-4.98033
-4.98526
-4.98517
-4.97882
-4.96521
-4.94716
-4.93189
-4.9258
-4.93343
-4.95095
-4.9739
-4.99646
-5.01564
-5.02838
-5.03611
-5.0362
-5.0281
-5.01451
-4.99598
-4.97537
-4.95519
-4.9395
-4.92963
-4.92715
-4.92929
-4.93696
-4.94714
-4.95506
-4.95693
-4.95005
-4.93555
-4.91292
-4.88556
-4.86203
-4.84636
-4.84264
-4.84846
-4.86134
-4.87713
-4.89347
-4.90754
-4.91883
-4.92556
-4.92594
-4.9218
-4.91586
-4.91079
-4.91041
-4.91796
-4.93242
-4.95221
-4.97079
-4.98707
-4.99865
-5.00389
-5.00373
-4.9965
-4.98622
-4.97091
-4.95357
-4.9343
-4.91922
-4.90943
-4.90704
-4.91126
-4.91941
-4.92562
-4.92821
-4.92434
-4.9163
-4.90527
-4.89394
-4.88661
-4.88521
-4.89237
-4.90671
-4.92874
-4.95605
-4.98766
-5.02104
-5.05327
-5.08433
-5.10931
-5.12745
-5.13743
-5.13948
-5.13457
-5.12561
-5.1151
-5.1046
-5.09666
-5.09463
-5.09735
-5.10349
-5.11104
-5.11599
-5.11866
-5.11514
-5.10655
-5.09543
-5.08225
-5.07313
-5.06726
-5.06252
-5.06133
-5.06112
-5.06188
-5.06336
-5.06621
-5.06936
-5.07132
-5.07145
-5.06938
-5.06432
-5.05655
-5.04905
-5.04215
-5.0388
-5.0385
-5.04098
-5.04554
-5.05255
-5.06043
-5.0698
-5.08081
-5.09099
-5.10183
-5.10836
-5.10971
-5.10512
-5.09795
-5.08641
-5.07285
-5.05904
-5.04547
-5.03452
-5.02311
-5.01236
-5.00373
-4.99762
-4.99333
-4.99046
-4.99017
-4.99085
-4.99059
-4.9917
-4.99198
-4.99372
-4.99629
-4.99934
-5.00303
-5.01087
-5.02312
-5.03755
-5.05077
-5.06026
-5.06514
-5.06618
-5.06245
-5.05421
-5.04133
-5.02807
-5.01522
-5.00653
-5.0055
-5.00797
-5.01137
-5.01161
-5.00624
-4.99409
-4.9748
-4.94651
-4.91114
-4.87259
-4.84047
-4.82242
