                   1            0.060624            0.060624                   0
                   2            0.114256             0.08744           0.0189618
                   3            0.508336            0.227739            0.115249
                   4           -0.202836            0.120095            0.127128
                   5           -0.080724           0.0799312            0.107861
                   6            0.147532            0.091198           0.0904706
                   7            0.007412           0.0792286            0.078334
                   8           -0.186964           0.0459545           0.0752782
                   9           -0.278512          0.00990267            0.075052
                  10            0.520688           0.0609812           0.0831305
                  11            0.369184           0.0889996           0.0801559
                  12            0.267112            0.103842           0.0748379
                  13           -0.004076           0.0955409             0.06954
                  14            0.036752           0.0913417           0.0646995
                  15           -0.358004           0.0613853           0.0669631
                  16            0.357536           0.0798947           0.0652859
                  17             0.41758           0.0997586           0.0643966
                  18            -0.36628           0.0738676           0.0658183
                  19            0.234132           0.0823025           0.0628924
                  20            0.547212            0.105548           0.0638994
                  21             0.17142            0.108685           0.0609335
                  22            0.626424            0.132218           0.0625434
                  23              0.3091            0.139909           0.0602951
                  24           -0.084788            0.130546           0.0585052
                  25           -0.063468            0.122786           0.0566774
                  26            0.007252            0.118342           0.0546714
                  27           -0.118976            0.109553           0.0533484
                  28            0.328148             0.11736           0.0520112
                  29             0.35566            0.125577           0.0508627
                  30            -0.43994            0.106726           0.0525444
                  31            0.314928            0.113443           0.0512769
                  32           -0.688672           0.0883765           0.0554638
                  33            -0.61654           0.0670154           0.0577502
                  34            0.297576           0.0737966           0.0564484
                  35            0.610236           0.0891234           0.0568783
                  36           -0.452532           0.0740774           0.0572538
                  37            0.469608           0.0847675           0.0566956
                  38            0.370804           0.0922947           0.0557011
                  39            0.077788           0.0919228           0.0542741
                  40           -0.284456           0.0825133           0.0537267
                  41            0.312428            0.088121           0.0527081
                  42            0.531616           0.0986804           0.0525002
                  43            0.476152            0.107459            0.052008
                  44            0.209016            0.109767           0.0508772
                  45           -0.042756            0.106378           0.0498594
                  46           -0.232932           0.0990012           0.0493181
                  47            0.356372            0.104477           0.0485718
                  48           -0.117544           0.0998518           0.0477797
                  49            0.796712            0.114073           0.0488753
                  50              0.4497            0.120786           0.0483565
                  51            0.419388            0.126641           0.0477615
                  52            -0.44064            0.115732           0.0480728
                  53            0.158152            0.116532           0.0471724
                  54             0.25572             0.11911           0.0463692
                  55           -0.348776            0.110603           0.0462999
                  56           -0.490992           0.0998598           0.0467028
                  57            0.002828           0.0981575           0.0459145
                  58            0.138248           0.0988487            0.045128
                  59           -0.354888           0.0911582           0.0450137
                  60            0.122544           0.0916813           0.0442665
                  61            0.176584           0.0930732           0.0435627
                  62            0.371656           0.0975665           0.0430912
                  63           -0.104704           0.0943558           0.0425266
                  64            0.446396           0.0998564           0.0422164
                  65           -0.537716           0.0900476           0.0426912
                  66             0.44798           0.0954708           0.0423874
                  67            0.336384           0.0990666            0.041907
                  68            0.712916            0.108094           0.0422518
                  69            0.072592            0.107579           0.0416426
                  70            0.543908            0.113813           0.0415116
                  71            0.455668            0.118627           0.0412052
                  72             0.24124             0.12033           0.0406681
                  73            0.336472            0.123291           0.0402187
                  74            0.274064            0.125329           0.0397267
                  75           -0.175908            0.121312           0.0393996
                  76           -0.337044            0.115281             0.03934
                  77            0.491524            0.120167           0.0391314
                  78           -0.138016            0.116857           0.0387695
                  79             0.14524            0.117217           0.0382804
                  80            0.347072             0.12009           0.0379095
                  81            -0.29584            0.114955           0.0377877
                  82           -0.093704             0.11241           0.0374124
                  83            0.449004            0.116466           0.0371808
                  84           -0.407076            0.110233           0.0372569
                  85            0.316088            0.112655           0.0368972
                  86            -0.14296            0.109683           0.0365877
                  87             0.10968            0.109683           0.0361672
                  88              -0.753           0.0998793            0.037061
                  89             0.44698            0.103779           0.0368492
                  90           -0.014352            0.102467           0.0364631
                  91            0.473816            0.106548           0.0362901
                  92           -0.289732             0.10224           0.0361503
                  93            0.431928            0.105785            0.035935
                  94            -0.03902            0.104245           0.0355857
                  95            0.461596            0.108006           0.0354094
                  96            -0.08558             0.10599           0.0350979
                  97           -0.200784            0.102827           0.0348783
                  98           -0.278628           0.0989347           0.0347389
                  99           -0.858292           0.0892658           0.0357082
                 100            0.303092            0.091404           0.0354151
                 101           -0.286328           0.0876641           0.0352614
                 102            0.357676           0.0903113           0.0350149
                 103            0.166296            0.091049           0.0346827
                 104            0.519916           0.0951727           0.0345935
                 105           -0.294152           0.0914649           0.0344622
                 106             0.65968           0.0968254           0.0345515
                 107            -0.12048           0.0947945           0.0342882
                 108            0.394308           0.0975678           0.0340827
                 109            -0.25764            0.094309           0.0339254
                 110             0.17752           0.0950655           0.0336255
                 111           -0.031956           0.0939211            0.033342
                 112               0.451           0.0971093           0.0331964
                 113            0.375288           0.0995711           0.0329938
                 114           -0.472672           0.0945514            0.033084
                 115           -0.128904           0.0926083           0.0328533
                 116            0.506644           0.0961776           0.0327634
                 117           -0.043656           0.0949824           0.0325052
                 118            0.139468           0.0953594           0.0322319
                 119           -0.686664           0.0887878           0.0326241
                 120           -0.412524           0.0846102           0.0326186
                 121            0.284248           0.0862601           0.0323907
                 122           -0.305556           0.0830485           0.0322841
                 123           -0.323752           0.0797412           0.0321905
                 124           -0.376764           0.0760597           0.0321408
                 125           -0.058232           0.0749853           0.0319016
                 126            0.004172           0.0744233           0.0316534
                 127           -0.437268           0.0703943           0.0316595
                 128           -0.451472           0.0663172           0.0316736
                 129           -0.433996           0.0624388           0.0316646
                 130             0.57374           0.0663719           0.0316644
                 131            -0.69774            0.060539           0.0319554
                 132             -0.1594           0.0588728           0.0317567
                 133           -0.073964            0.057874           0.0315336
                 134           -0.165304           0.0562085           0.0313423
                 135            0.409976            0.058829           0.0312195
                 136            0.146592           0.0594743           0.0309966
                 137            0.256328           0.0609112           0.0308036
                 138            -0.11176           0.0596599           0.0306058
                 139             0.45242           0.0624856           0.0305158
                 140           -0.012688           0.0619486           0.0303025
                 141            0.432992           0.0645801           0.0302017
                 142            0.562632           0.0680875           0.0301919
                 143           -0.857808           0.0616127           0.0306672
                 144            0.091972           0.0618236            0.030455
                 145           -0.271872           0.0595222           0.0303318
                 146            0.057388           0.0595076            0.030124
                 147           -0.045992           0.0587899           0.0299277
                 148            0.015124           0.0584949           0.0297269
                 149           -0.098592           0.0574406           0.0295461
                 150           -0.394284           0.0544291           0.0295022
                 151            0.443276           0.0570042            0.029419
                 152            0.010784           0.0567002            0.029227
                 153           -0.014004            0.056238           0.0290396
                 154           -0.008032           0.0558207           0.0288541
                 155           -0.630724           0.0513914           0.0290059
                 156           -0.233596           0.0495645           0.0288774
                 157           -0.040396           0.0489915           0.0286992
                 158            0.102604           0.0493309           0.0285195
                 159            0.380424           0.0514132           0.0284161
                 160            0.126744            0.051884           0.0282424
                 161           -0.261984           0.0499345           0.0281342
                 162           -0.484888           0.0466332           0.0281535
                 163            0.366048           0.0485928           0.0280489
                 164           -0.186408           0.0471598           0.0279145
                 165             0.54206           0.0501592            0.027906
                 166           -0.158852           0.0489001           0.0277662
                 167            0.546272           0.0518784           0.0277593
                 168            0.348516           0.0536441           0.0276501
                 169              0.4203           0.0558137           0.0275715
                 170            0.163604           0.0564477           0.0274166
                 171           -0.361192           0.0540054           0.0273648
                 172             0.09602           0.0542497           0.0272068
                 173             0.57646           0.0572682           0.0272165
                 174            0.247084           0.0583591           0.0270819
                 175            0.183872           0.0590763           0.0269367
                 176            0.716588           0.0628122           0.0270415
                 177           -0.131668           0.0617134            0.026911
                 178           -0.565376           0.0581904           0.0269894
                 179           -0.072352           0.0574612           0.0268485
                 180            0.277608           0.0586842           0.0267272
                 181            0.164632           0.0592695           0.0265859
                 182            -0.17908           0.0579599           0.0264721
                 183            0.015512            0.057728           0.0263284
                 184           -0.137052           0.0566694           0.0262066
                 185            0.525312           0.0592026           0.0261871
                 186           -0.113356           0.0582749           0.0260628
                 187             0.43094           0.0602677           0.0259995
                 188            0.514996           0.0626865           0.0259734
                 189           -0.180224           0.0614012           0.0258678
                 190           -0.182568           0.0601172           0.0257635
                 191             0.12746           0.0604698            0.025631
                 192           -0.180936           0.0592125           0.0255283
                 193            0.183992            0.059859           0.0254043
                 194           -0.822756           0.0553094           0.0256775
                 195           -0.569484           0.0521054           0.0257449
                 196           -0.528512            0.049143           0.0257834
                 197           -0.012908            0.048828           0.0256545
                 198            0.053552           0.0488519           0.0255249
                 199           -0.417176           0.0465101           0.0255038
                 200            -0.15164           0.0455193           0.0253956
