                   1             70.4999             70.4999                   0
                   2             86.2668             78.3834             5.57446
                   3             81.6693             79.4787              3.8224
                   4             76.7657             78.8004             2.92635
                   5             75.2859             78.0975             2.42403
                   6             75.0034             77.5818             2.07416
                   7             72.0379             76.7898             1.92312
                   8             79.6407             77.1462             1.71543
                   9             82.8254             77.7772             1.63678
                  10             77.4174             77.7412              1.4735
                  11             76.3777             77.6173             1.34474
                  12             77.7076             77.6248              1.2327
                  13             77.4595             77.6121             1.13795
                  14              69.051             77.0006             1.20986
                  15             81.7539             77.3175             1.16997
                  16              80.384             77.5091             1.11243
                  17              76.822             77.4687             1.04773
                  18             85.0286             77.8887              1.0704
                  19             81.3276             78.0697             1.02925
                  20             85.0987             78.4212             1.03605
                  21             84.2787             78.7001             1.02358
                  22             83.3068             78.9095            0.998238
                  23             84.8718             79.1687            0.987923
                  24             73.0955             78.9157            0.978631
                  25             76.6004              78.823            0.943858
                  26             78.4025             78.8069            0.907694
                  27             81.1711             78.8944            0.878289
                  28             68.9174             78.5381            0.916357
                  29             78.8622             78.5493            0.884826
                  30             89.0264             78.8985            0.921679
                  31             80.1069             78.9375            0.892772
                  32             86.9985             79.1894             0.89971
                  33             87.4086             79.4385            0.906265
                  34             82.2046             79.5198            0.883254
                  35             68.6447             79.2091            0.911034
                  36             74.9421             79.0906            0.893405
                  37             83.5941             79.2123            0.877511
                  38             77.0698             79.1559            0.856228
                  39             76.2182             79.0806            0.837581
                  40             76.6583               79.02            0.818827
                  41             81.0055             79.0685            0.800287
                  42             78.9334             79.0653            0.781239
                  43             78.8054             79.0592            0.763094
                  44             77.9139             79.0332            0.746194
                  45             84.1765             79.1475            0.738314
                  46             73.3805             79.0221             0.73283
                  47             84.2226             79.1328            0.725543
                  48             82.2062             79.1968            0.713248
                  49             79.4591             79.2021            0.698712
                  50             68.3215             78.9845            0.717826
                  51             79.0772             78.9863            0.703753
                  52             81.4682             79.0341            0.691836
                  53                80.4             79.0598            0.679262
                  54             78.5709             79.0508            0.666744
                  55             80.1362             79.0705            0.654913
                  56             73.5579             78.9721            0.650574
                  57              77.856             78.9525            0.639455
                  58             76.6542             78.9129            0.629657
                  59             81.1495             78.9508            0.620125
                  60             75.6188             78.8953            0.612271
                  61             74.9736              78.831            0.605599
                  62             69.7893             78.6851            0.613139
                  63             75.9821             78.6422            0.604906
                  64             83.6966             78.7212            0.600587
                  65             75.8347             78.6768            0.592987
                  66             78.9488             78.6809            0.584017
                  67             84.5615             78.7687            0.581858
                  68             80.6466             78.7963            0.573956
                  69             88.9339             78.9432             0.58414
                  70             77.6599             78.9249            0.576083
                  71             78.7432             78.9223            0.567975
                  72             74.5089              78.861            0.563384
                  73             80.7879             78.8874            0.556285
                  74             80.7851             78.9131            0.549358
                  75             85.7837             79.0047            0.549618
                  76             77.0506              78.979            0.542988
                  77             75.6851             78.9362            0.537618
                  78             75.5438             78.8927            0.532482
                  79             77.7641             78.8784            0.525933
                  80               78.81             78.8776             0.51936
                  81             84.2023             78.9433            0.517091
                  82             80.5577              78.963             0.51116
                  83             74.1247             78.9047            0.508315
                  84             77.5742             78.8889             0.50251
                  85             81.1374             78.9153            0.497294
                  86             90.3467             79.0482            0.508966
                  87             81.6179             79.0778            0.503972
                  88             80.8093             79.0974            0.498629
                  89             75.7023             79.0593            0.494484
                  90             75.2289             79.0167            0.490818
                  91              79.281             79.0196            0.485433
                  92             76.0598             78.9875            0.481221
                  93             87.0706             79.0744            0.483832
                  94             71.9989             78.9991            0.484505
                  95             83.5216             79.0467            0.481738
                  96             87.4854             79.1346            0.484673
                  97             79.6449             79.1399            0.479705
                  98             70.5627             79.0524            0.482728
                  99             84.4172             79.1065            0.480884
                 100             77.7431             79.0929            0.476269
                 101             83.6007             79.1375             0.47364
                 102              84.901              79.194            0.472355
                 103             79.6426             79.1984            0.467789
                 104             83.8802             79.2434            0.465452
                 105             74.9324             79.2024            0.462826
                 106             81.9498             79.2283            0.459185
                 107             79.4516             79.2304            0.454899
                 108             82.7251             79.2627            0.451836
                 109             84.2565             79.3085            0.450007
                 110             79.3809             79.3092            0.445917
                 111             76.2238             79.2814            0.442765
                 112             79.7263             79.2854             0.43883
                 113             82.1686             79.3109            0.435687
                 114             74.3491             79.2674            0.434034
                 115              82.484             79.2953             0.43116
                 116             78.9276             79.2922            0.427455
                 117             74.5945              79.252            0.425683
                 118             74.7738             79.2141            0.423764
                 119              80.294             79.2231              0.4203
                 120             79.1655             79.2227            0.416798
                 121             76.6796             79.2016            0.413883
                 122             82.9961             79.2327            0.411657
                 123             85.2178             79.2814            0.411176
                 124             75.6919             79.2525            0.408878
                 125             69.3335             79.1731            0.413235
                 126             87.6545             79.2404            0.415402
                 127             83.2554              79.272            0.413332
                 128             86.7719             79.3306            0.414235
                 129             87.7414             79.3958            0.416123
                 130             78.4363             79.3884            0.412988
                 131             85.7396             79.4369            0.412671
                 132             81.0901             79.4494            0.409735
                 133             85.1426             79.4923            0.408884
                 134             83.5092             79.5222             0.40693
                 135             77.9364             79.5105            0.404085
                 136             82.8223             79.5348            0.401847
                 137              79.247             79.5327             0.39892
                 138             83.8383             79.5639            0.397247
                 139             75.5453              79.535             0.39544
                 140             83.3772             79.5625            0.393566
                 141             80.1634             79.5667            0.390798
                 142              82.938             79.5905            0.388767
                 143             87.5577             79.6462             0.39002
                 144              82.008             79.6626            0.387656
                 145             75.3949             79.6332            0.386098
                 146             71.7265              79.579            0.387233
                 147             81.5729             79.5926            0.384836
                 148             83.1127             79.6163             0.38297
                 149             66.1187             79.5258            0.390967
                 150             86.5238             79.5724            0.391134
                 151               76.06             79.5492            0.389235
                 152             78.7505             79.5439             0.38671
                 153             78.6024             79.5377            0.384231
                 154             76.1204             79.5156            0.382376
                 155             82.6368             79.5357            0.380439
                 156             84.2012             79.5656            0.379174
                 157             73.0805             79.5243            0.379002
                 158             75.4487             79.4985             0.37748
                 159             76.9947             79.4828            0.375435
                 160             77.1656             79.4683            0.373367
                 161             75.8013             79.4455            0.371742
                 162              86.371             79.4882            0.371898
                 163             77.3778             79.4753            0.369841
                 164             77.8043             79.4651            0.367727
                 165             88.0518             79.5171            0.369162
                 166              82.819              79.537            0.367474
                 167             79.6444             79.5377            0.365274
                 168              83.501             79.5613            0.363861
                 169             76.1079             79.5408            0.362281
                 170             77.4794             79.5287            0.360353
                 171             75.5944             79.5057            0.358979
                 172             84.0335              79.532            0.357856
                 173             81.1392             79.5413            0.355908
                 174             79.1236             79.5389            0.353871
                 175             77.9815               79.53             0.35196
                 176             75.5329             79.5073            0.350692
                 177              81.337             79.5176            0.348863
                 178             86.8436             79.5588            0.349323
                 179             70.0586             79.5057             0.35138
                 180             81.4966             79.5168            0.349602
                 181             80.9367             79.5246            0.347758
                 182             76.1785             79.5062            0.346333
                 183             79.9223             79.5085            0.344448
                 184             85.7335             79.5424            0.344234
                 185             79.6016             79.5427            0.342373
                 186             77.6023             79.5322            0.340691
                 187             75.9859             79.5133            0.339397
                 188              71.688             79.4717            0.340134
                 189              77.193             79.4596            0.338548
                 190             83.1472              79.479            0.337322
                 191             80.6562             79.4852            0.335613
                 192             69.8682             79.4351            0.337582
                 193             72.7719             79.4006            0.337593
                 194             81.6688             79.4122            0.336056
                 195              83.403             79.4327            0.334955
                 196             79.3455             79.4323            0.333246
                 197             87.7742             79.4746            0.334234
                 198             79.0294             79.4724            0.332554
                 199             77.3429             79.4617            0.331055
                 200             77.3778             79.4512            0.329563
