                   1             0.39143             0.39143                   0
                   2            0.255418            0.323424           0.0480872
                   3            0.321014            0.322621           0.0320649
                   4            0.328978             0.32421            0.024088
                   5            0.352164            0.329801           0.0199086
                   6             0.38336            0.338727           0.0184837
                   7            0.366177            0.342649           0.0162538
                   8            0.327878            0.340802           0.0143266
                   9            0.302481            0.336544           0.0133525
                  10            0.342129            0.337103           0.0120289
                  11            0.322557            0.335781           0.0110078
                  12            0.356289             0.33749           0.0102223
                  13            0.350127            0.338462          0.00948211
                  14            0.384819            0.341773          0.00936513
                  15            0.302796            0.339175          0.00909413
                  16            0.319739             0.33796          0.00860649
                  17            0.372129             0.33997          0.00833162
                  18            0.278208            0.336539          0.00854614
                  19            0.292375            0.334214           0.0084065
                  20            0.276344            0.331321          0.00846952
                  21            0.289797            0.329343          0.00829381
                  22            0.282016            0.327192          0.00819106
                  23            0.288635            0.325516          0.00800464
                  24             0.35844            0.326888          0.00778778
                  25            0.343239            0.327542          0.00750368
                  26            0.338153             0.32795          0.00722617
                  27            0.275225            0.325997          0.00721757
                  28            0.379207            0.327897          0.00720563
                  29            0.373465            0.329469          0.00712642
                  30            0.213014            0.325587          0.00787545
                  31            0.300428            0.324775          0.00766311
                  32            0.251501            0.322485          0.00775821
                  33            0.254633            0.320429          0.00779081
                  34            0.274788            0.319087          0.00767645
                  35            0.387004            0.321027          0.00769848
                  36            0.340731            0.321575          0.00750407
                  37            0.289516            0.320708           0.0073511
                  38             0.33985            0.321212          0.00717489
                  39            0.370903            0.322486          0.00710315
                  40            0.366851            0.323595          0.00701163
                  41            0.321792            0.323551          0.00684075
                  42            0.312299            0.323283          0.00668312
                  43            0.316114            0.323117          0.00652978
                  44            0.356439            0.323874          0.00642514
                  45            0.286005            0.323032          0.00633723
                  46            0.387053            0.324424          0.00635045
                  47            0.288901            0.323668          0.00626015
                  48            0.298247            0.323139          0.00615209
                  49            0.368412            0.324063          0.00609553
                  50             0.39468            0.325475          0.00613506
                  51            0.336686            0.325695           0.0060187
                  52            0.354271            0.326244          0.00592799
                  53            0.320201             0.32613          0.00581724
                  54            0.358021            0.326721          0.00573941
                  55            0.332578            0.326827          0.00563604
                  56             0.38592            0.327883          0.00563332
                  57            0.328244            0.327889          0.00553449
                  58            0.315834            0.327681          0.00544297
                  59            0.291327            0.327065          0.00538548
                  60            0.369754            0.327776          0.00534251
                  61            0.351884            0.328172          0.00526953
                  62            0.382698            0.329051          0.00525741
                  63            0.350432            0.329391          0.00518491
                  64             0.29918            0.328918          0.00512533
                  65            0.332411            0.328972          0.00504676
                  66            0.335903            0.329077          0.00497139
                  67            0.287436            0.328456          0.00493589
                  68            0.324825            0.328402          0.00486359
                  69            0.256874            0.327366          0.00490233
                  70            0.361144            0.327848          0.00485599
                  71              0.3217            0.327762          0.00478837
                  72            0.346719            0.328025           0.0047291
                  73            0.319276            0.327905          0.00466583
                  74            0.320053            0.327799          0.00460399
                  75            0.265097            0.326963          0.00461788
                  76            0.364116            0.327452          0.00458292
                  77            0.334159            0.327539          0.00452423
                  78              0.3708            0.328094           0.0045001
                  79            0.332857            0.328154          0.00444354
                  80             0.33911            0.328291           0.0043901
                  81            0.268777            0.327556          0.00439696
                  82            0.318254            0.327443           0.0043448
                  83            0.356879            0.327797           0.0043069
                  84             0.32738            0.327792          0.00425563
                  85            0.328757            0.327804          0.00420558
                  86            0.200607            0.326325          0.00440909
                  87            0.288337            0.325888          0.00437998
                  88            0.293938            0.325525          0.00434523
                  89            0.358287            0.325893          0.00431197
                  90            0.373482            0.326422          0.00429636
                  91             0.30364            0.326171          0.00425643
                  92            0.327212            0.326183          0.00421018
                  93             0.26277            0.325501          0.00421977
                  94            0.390131            0.326188          0.00423052
                  95             0.27647            0.325665          0.00421823
                  96            0.245964            0.324835          0.00425521
                  97            0.310944            0.324692          0.00421375
                  98            0.379602            0.325252          0.00420784
                  99            0.258679             0.32458          0.00421873
                 100            0.342626             0.32476           0.0041804
                 101            0.329261            0.324805          0.00413925
                 102            0.273462            0.324301          0.00412916
                 103             0.34088            0.324462          0.00409221
                 104            0.277247            0.324008          0.00407796
                 105            0.375507            0.324499          0.00406851
                 106             0.29957            0.324263          0.00403692
                 107            0.326488            0.324284          0.00399925
                 108            0.279212            0.323867          0.00398393
                 109            0.271607            0.323387          0.00397613
                 110            0.319093            0.323348          0.00394017
                 111            0.342422             0.32352          0.00390842
                 112            0.303196            0.323339          0.00387774
                 113            0.305224            0.323178          0.00384673
                 114            0.363478            0.323532           0.0038292
                 115            0.286183            0.323207          0.00380965
                 116            0.369481            0.323606          0.00379763
                 117            0.365484            0.323964            0.003782
                 118            0.365981             0.32432          0.00376668
                 119            0.393785            0.324904          0.00377999
                 120            0.334933            0.324987          0.00374941
                 121            0.345073            0.325153           0.0037221
                 122            0.272554            0.324722          0.00371647
                 123            0.263472            0.324224          0.00371947
                 124            0.340723            0.324357          0.00369185
                 125            0.391308            0.324893          0.00370097
                 126            0.235488            0.324183            0.003739
                 127            0.265198            0.323719          0.00373829
                 128            0.259838             0.32322          0.00374225
                 129            0.252992            0.322675          0.00375263
                 130            0.372755            0.323061          0.00374349
                 131            0.280837            0.322738          0.00372876
                 132            0.303543            0.322593          0.00370335
                 133            0.244183            0.322003          0.00372213
                 134            0.296902            0.321816          0.00369906
                 135            0.367243            0.322153          0.00368694
                 136            0.290767            0.321922          0.00366704
                 137             0.31464            0.321869          0.00364066
                 138            0.270655            0.321498          0.00363315
                 139            0.357295            0.321755          0.00361612
                 140            0.333888            0.321842          0.00359133
                 141            0.297211            0.321667          0.00357011
                 142            0.299518            0.321511          0.00354837
                 143            0.251114            0.321019          0.00355754
                 144             0.29372            0.320829          0.00353789
                 145            0.420341            0.321516          0.00357943
                 146            0.373348            0.321871          0.00357248
                 147            0.275543            0.321555          0.00356205
                 148            0.315066            0.321512          0.00353825
                 149            0.425209            0.322207           0.0035823
                 150            0.238852            0.321652          0.00360126
                 151            0.323774            0.321666          0.00357744
                 152            0.307514            0.321573          0.00355511
                 153            0.302736             0.32145          0.00353401
                 154             0.35466            0.321665          0.00351763
                 155            0.273376            0.321354          0.00350871
                 156            0.301911            0.321229          0.00348843
                 157            0.371268            0.321548          0.00348074
                 158            0.376648            0.321897          0.00347613
                 159            0.334544            0.321976          0.00345518
                 160            0.336038            0.322064           0.0034347
                 161             0.34821            0.322226          0.00341721
                 162            0.269465            0.321901           0.0034116
                 163            0.379979            0.322257          0.00340922
                 164            0.325346            0.322276          0.00338849
                 165            0.233906             0.32174          0.00341002
                 166            0.291834             0.32156          0.00339423
                 167            0.310869            0.321496          0.00337451
                 168             0.28079            0.321254          0.00336311
                 169            0.371749            0.321553          0.00335646
                 170            0.320982            0.321549          0.00333671
                 171            0.394918            0.321978          0.00334467
                 172            0.253972            0.321583          0.00334851
                 173            0.291941            0.321412          0.00333354
                 174             0.29597            0.321265          0.00331759
                 175            0.346253            0.321408           0.0033017
                 176            0.390444              0.3218          0.00330616
                 177            0.307443            0.321719          0.00328848
                 178            0.273452            0.321448          0.00328116
                 179            0.374809            0.321746          0.00327635
                 180            0.328076            0.321781          0.00325833
                 181            0.302125            0.321673          0.00324214
                 182            0.365969            0.321916          0.00323345
                 183            0.325477            0.321936          0.00321584
                 184            0.254671             0.32157          0.00321907
                 185            0.302111            0.321465          0.00320339
                 186            0.331133            0.321517          0.00318659
                 187            0.350981            0.321674          0.00317344
                 188            0.396416            0.322072          0.00318137
                 189            0.367005             0.32231           0.0031734
                 190            0.267952            0.322024          0.00316957
                 191            0.293784            0.321876          0.00315642
                 192            0.384908            0.322204          0.00315701
                 193            0.374474            0.322475          0.00315225
                 194            0.264929            0.322178          0.00314992
                 195            0.322752            0.322181          0.00313377
                 196            0.307532            0.322106          0.00311867
                 197            0.260812            0.321795          0.00311833
                 198             0.33475            0.321861          0.00310326
                 199            0.335581             0.32193          0.00308844
                 200            0.336954            0.322005          0.00307391
