           1 -0.00211354 -0.00211354           0
           2 -0.00179678 -0.00195516 0.000158383
           3 -0.00182299  -0.0019111 0.000101503
           4 -0.00223867 -0.00199299 0.000108894
           5  -0.0022884 -0.00205208 0.000102982
           6 -0.00227529 -0.00208928 9.19471e-05
           7  -0.0019339 -0.00206708 8.08174e-05
           8 -0.00206399  -0.0020667  6.9991e-05
           9 -0.00170534 -0.00202654 7.36355e-05
          10 -0.00210185 -0.00203408 6.62908e-05
          11 -0.00193836 -0.00202537 6.05903e-05
          12  -0.0017598 -0.00200324 5.95745e-05
          13 -0.00209763  -0.0020105 5.52794e-05
          14 -0.00210709  -0.0020174 5.16417e-05
          15 -0.00189114 -0.00200898 4.88071e-05
          16 -0.00210595 -0.00201505 4.60553e-05
          17 -0.00183198 -0.00200428 4.45816e-05
          18 -0.00160353 -0.00198201 4.75642e-05
          19 -0.00180489 -0.00197269 4.59469e-05
          20 -0.00181281  -0.0019647  4.4316e-05
          21 -0.00208252 -0.00197031 4.25247e-05
          22 -0.00219536 -0.00198054 4.18163e-05
          23 -0.00227186  -0.0019932 4.19165e-05
          24 -0.00194257 -0.00199109 4.01874e-05
          25 -0.00221358 -0.00199999 3.95604e-05
          26 -0.00229725 -0.00201143 3.96907e-05
          27 -0.00243944 -0.00202728 4.13517e-05
          28 -0.00192981  -0.0020238 3.99992e-05
          29 -0.00194184 -0.00202097 3.86986e-05
          30 -0.00212699 -0.00202451 3.75531e-05
          31 -0.00204818 -0.00202527 3.63295e-05
          32 -0.00201558 -0.00202497 3.51772e-05
          33 -0.00216675 -0.00202926 3.43642e-05
          34 -0.00181726 -0.00202303 3.39163e-05
          35 -0.00198891 -0.00202205 3.29474e-05
          36 -0.00198885 -0.00202113 3.20324e-05
          37 -0.00194952 -0.00201919 3.12147e-05
          38 -0.00197836 -0.00201812 3.04012e-05
          39 -0.00201389 -0.00201801 2.96116e-05
          40 -0.00225892 -0.00202403 2.94835e-05
          41 -0.00213838 -0.00202682 2.88903e-05
          42 -0.00185084 -0.00202263 2.85037e-05
          43 -0.00203856   -0.002023 2.78354e-05
          44 -0.00215241 -0.00202594  2.7354e-05
          45 -0.00234307 -0.00203299 2.76523e-05
          46 -0.00198881 -0.00203203 2.70616e-05
          47 -0.00183343 -0.00202781 2.68146e-05
          48 -0.00201706 -0.00202758  2.6251e-05
          49 -0.00200333 -0.00202709 2.57144e-05
          50 -0.00194977 -0.00202554 2.52423e-05
          51 -0.00199668 -0.00202497 2.47488e-05
          52 -0.00188869 -0.00202235 2.44093e-05
          53 -0.00192173 -0.00202046 2.40195e-05
          54 -0.00193595 -0.00201889 2.36224e-05
          55  -0.0017676 -0.00201432 2.36348e-05
          56 -0.00203422 -0.00201468 2.32116e-05
          57 -0.00171103 -0.00200935 2.34148e-05
          58  -0.0022896 -0.00201418 2.35094e-05
          59 -0.00249336  -0.0020223 2.44932e-05
          60 -0.00204931 -0.00202275 2.40858e-05
          61 -0.00220871  -0.0020258  2.3883e-05
          62 -0.00166896 -0.00202005 2.41893e-05
          63 -0.00176903 -0.00201606 2.41335e-05
          64 -0.00171172 -0.00201131 2.42247e-05
          65 -0.00173013 -0.00200698 2.42382e-05
          66 -0.00187072 -0.00200492 2.39573e-05
          67  -0.0020051 -0.00200492  2.3597e-05
          68 -0.00198567 -0.00200464 2.32491e-05
          69 -0.00215354 -0.00200679 2.30111e-05
          70 -0.00189918 -0.00200526  2.2732e-05
          71 -0.00173531 -0.00200145 2.27298e-05
          72 -0.00183347 -0.00199912  2.2533e-05
          73 -0.00190946 -0.00199789 2.22561e-05
          74 -0.00197594  -0.0019976 2.19553e-05
          75 -0.00207812 -0.00199867 2.16872e-05
          76 -0.00232147 -0.00200292 2.18174e-05
          77 -0.00190507 -0.00200165 2.15696e-05
          78   -0.002055 -0.00200233 2.13023e-05
          79 -0.00203122  -0.0020027 2.10341e-05
          80 -0.00191531  -0.0020016 2.07982e-05
          81 -0.00223586  -0.0020045 2.07424e-05
          82 -0.00193781 -0.00200368  2.0504e-05
          83 -0.00215276 -0.00200548  2.0335e-05
          84  -0.0019797 -0.00200517 2.00938e-05
          85  -0.0020301 -0.00200547 1.98581e-05
          86 -0.00244233 -0.00201055 2.02726e-05
          87 -0.00232131 -0.00201412 2.03542e-05
          88 -0.00257523 -0.00202049 2.11076e-05
          89 -0.00226034 -0.00202319 2.10424e-05
          90 -0.00251615 -0.00202867 2.15162e-05
          91 -0.00207233 -0.00202915 2.12838e-05
          92 -0.00185291 -0.00202723 2.11382e-05
          93 -0.00196144 -0.00202652 2.09216e-05
          94 -0.00201002 -0.00202635 2.06986e-05
          95 -0.00188865  -0.0020249 2.05308e-05
          96 -0.00208318  -0.0020255 2.03249e-05
          97 -0.00175838 -0.00202275 2.03019e-05
          98 -0.00191634 -0.00202167 2.01229e-05
          99 -0.00200433 -0.00202149 1.99194e-05
         100 -0.00224859 -0.00202376 1.98496e-05
