           0 -0.00202376 1.98496e-05
    0.064633           0           0
    0.129266           0           0
    0.193899           0           0
    0.258532           0           0
    0.323165           0           0
    0.387798           0           0
    0.452431           0           0
    0.517064           0           0
    0.581697           0           0
     0.64633           0           0
    0.710963           0           0
    0.775596           0           0
     0.84023  0.00119736 0.000378162
    0.904863    0.129487  0.00488309
    0.969496     1.02091   0.0185831
     1.03413     2.02612   0.0303386
     1.09876     2.21323   0.0337329
     1.16339     2.05784   0.0332305
     1.22803     1.78585   0.0259415
     1.29266     1.56847   0.0227556
     1.35729       1.409   0.0228904
     1.42193     1.29408   0.0196255
     1.48656     1.19026   0.0183801
     1.55119     1.15837   0.0167493
     1.61583     1.13575   0.0160493
     1.68046     1.09129   0.0149483
     1.74509     1.05799   0.0137972
     1.80973     1.06053   0.0139335
     1.87436     1.04605   0.0133541
     1.93899     1.04367   0.0136091
     2.00362     1.04052   0.0120587
     2.06826      1.0394   0.0109057
     2.13289     1.04698   0.0114616
     2.19752     1.03307   0.0128777
     2.26216     1.01775     0.01071
     2.32679     1.01053  0.00991577
     2.39142     1.02492   0.0104929
     2.45606      1.0292   0.0099362
     2.52069     1.01465   0.0102095
     2.58532     1.01418  0.00854166
     2.64995      1.0002   0.0090899
     2.71459     1.00206     0.00928
     2.77922    0.995253  0.00957633
     2.84385    0.987173  0.00837652
     2.90849    0.988483  0.00794546
     2.97312     1.00313  0.00815197
     3.03775    0.994683  0.00789829
     3.10239     1.00004  0.00803649
     3.16702    0.994065  0.00749122
     3.23165    0.999045  0.00755351
     3.29629    0.994947  0.00736459
     3.36092     1.00045  0.00691777
     3.42555     1.00375  0.00670587
     3.49018     1.00441  0.00631721
     3.55482     1.00292  0.00647079
     3.61945    0.996675  0.00612212
     3.68408    0.991705  0.00599893
     3.74872    0.990265  0.00694129
     3.81335    0.987425  0.00618536
     3.87798    0.991707  0.00625672
     3.94262    0.995092  0.00559062
     4.00725    0.989877  0.00599876
     4.07188    0.982986  0.00616789
     4.13651     0.98898  0.00637064
     4.20115    0.985033   0.0057129
     4.26578    0.980948  0.00527831
     4.33041    0.985381  0.00558325
     4.39505    0.992178  0.00603989
     4.45968    0.992057  0.00515499
     4.52431    0.998922  0.00493504
     4.58895    0.992067  0.00503179
     4.65358    0.995164  0.00484033
     4.71821    0.984743  0.00447054
     4.78285    0.983785  0.00448744
     4.84748    0.988095  0.00489931
     4.91211      0.9918  0.00440567
     4.97674    0.989668  0.00399773
     5.04138    0.987157  0.00458641
     5.10601    0.981638  0.00402442
     5.17064     0.98712  0.00463155
     5.23528    0.992561  0.00465988
     5.29991    0.989647  0.00441931
     5.36454    0.982942  0.00422996
     5.42918    0.987112   0.0039928
     5.49381    0.989152  0.00383714
     5.55844     0.99227  0.00396469
     5.62307    0.995546  0.00352507
     5.68771    0.992357  0.00388635
     5.75234    0.989541  0.00393671
     5.81697    0.988415  0.00422861
     5.88161    0.988547  0.00400019
     5.94624    0.993093  0.00393419
     6.01087    0.990851  0.00333639
     6.07551     0.98534  0.00344099
     6.14014    0.980757  0.00325801
     6.20477    0.979012  0.00355798
      6.2694    0.985837  0.00355404
     6.33404    0.985768  0.00347505
     6.39867    0.986349  0.00361313
