                   1            0.396782            0.396782                   0
                   2            0.365976            0.381379           0.0108915
                   3            0.417971            0.393576           0.0123251
                   4            0.380082            0.390203          0.00969451
                   5            0.290913            0.370345           0.0193809
                   6            0.490574            0.390383            0.024402
                   7             0.37099            0.387613           0.0210726
                   8            0.340842            0.381766           0.0192325
                   9            0.439813            0.388216           0.0181448
                  10            0.416398            0.391034           0.0165477
                  11            0.354764            0.387737           0.0153684
                  12             0.42469            0.390816           0.0143929
                  13            0.304083            0.384145           0.0147512
                  14            0.327573            0.380104           0.0142403
                  15            0.376557            0.379867           0.0132929
                  16            0.519536            0.388597           0.0150579
                  17            0.377634            0.387952            0.014186
                  18            0.392766            0.388219           0.0134004
                  19            0.343958             0.38589            0.012896
                  20            0.428822            0.388036           0.0124286
                  21            0.544529            0.395488           0.0138923
                  22            0.401584            0.395765           0.0132636
                  23            0.341739            0.393416           0.0128933
                  24            0.280342            0.388705           0.0131888
                  25            0.309529            0.385538           0.0130359
                  26             0.42379            0.387009           0.0126173
                  27            0.438133            0.388903           0.0122913
                  28            0.327888            0.386724           0.0120439
                  29            0.382808            0.386589           0.0116294
                  30            0.428704            0.387992           0.0113261
                  31            0.265931            0.384055            0.011625
                  32            0.355379            0.383159           0.0112963
                  33            0.401645            0.383719           0.0109678
                  34             0.45734            0.385884           0.0108569
                  35            0.303712            0.383537           0.0107975
                  36            0.448758            0.385348           0.0106485
                  37              0.4464            0.386998           0.0104878
                  38            0.381765            0.386861           0.0102127
                  39            0.309526            0.384878           0.0101415
                  40            0.348186             0.38396          0.00992937
                  41            0.478435            0.386265          0.00995097
                  42            0.306607            0.384368          0.00989313
                  43            0.241172            0.381038           0.0102082
                  44            0.444347            0.382477           0.0100771
                  45            0.503824            0.385173           0.0102075
                  46            0.266119            0.382585           0.0103085
                  47            0.349964            0.381891           0.0101125
                  48            0.447921            0.383267          0.00999499
                  49            0.298273            0.381532          0.00994038
                  50            0.335327            0.380608          0.00978444
                  51            0.315165            0.379325          0.00967636
                  52            0.464512            0.380963          0.00962795
                  53            0.381348             0.38097           0.0094463
                  54            0.343148             0.38027           0.0092973
                  55            0.335728             0.37946          0.00916346
                  56            0.314775            0.378305          0.00907233
                  57            0.330914            0.377474          0.00895119
                  58            0.389635            0.377683          0.00879931
                  59            0.485145            0.379505          0.00883667
                  60            0.430532            0.380355          0.00873022
                  61             0.43294            0.381217          0.00862956
                  62            0.481415            0.382833          0.00864037
                  63            0.370345            0.382635           0.0085055
                  64            0.339172            0.381956          0.00839967
                  65             0.36491            0.381694          0.00827453
                  66            0.324803            0.380832          0.00819394
                  67            0.380988            0.380834          0.00807164
                  68            0.395808            0.381054          0.00795594
                  69            0.414932            0.381545          0.00785577
                  70            0.375688            0.381462          0.00774399
                  71            0.415449             0.38194           0.0076497
                  72            0.319046            0.381067          0.00759317
                  73            0.448212            0.381987          0.00754466
                  74            0.423597            0.382549          0.00746363
                  75            0.214981            0.380315          0.00769126
                  76            0.429222            0.380958          0.00761693
                  77            0.393618            0.381123          0.00751978
                  78            0.338803             0.38058          0.00744292
                  79            0.293626            0.379479          0.00742965
                  80            0.313086            0.378649          0.00738299
                  81            0.450851            0.379541          0.00734545
                  82            0.386647            0.379627          0.00725638
                  83            0.383914            0.379679          0.00716914
                  84            0.383847            0.379729          0.00708397
                  85            0.477308            0.380877          0.00709303
                  86             0.41319            0.381252           0.0070205
                  87            0.392198            0.381378          0.00694093
                  88            0.415023            0.381761          0.00687258
                  89             0.48363            0.382905          0.00689002
                  90            0.381494            0.382889          0.00681348
                  91            0.380505            0.382863          0.00673865
                  92            0.414701            0.383209          0.00667429
                  93            0.546366            0.384964           0.0068292
                  94            0.368354            0.384787          0.00675884
                  95            0.309548            0.383995          0.00673393
                  96            0.389736            0.384055          0.00666405
                  97            0.404637            0.384267          0.00659873
                  98            0.469627            0.385138          0.00658863
                  99            0.302961            0.384308          0.00657416
                 100            0.482402            0.385289           0.0065812
                 101             0.38565            0.385292          0.00651604
                 102            0.385274            0.385292          0.00645216
                 103            0.470111            0.386116          0.00644185
                 104            0.444876            0.386681          0.00640464
                 105            0.462353            0.387401          0.00638406
                 106            0.362448            0.387166          0.00632817
                 107             0.31174            0.386461          0.00630817
                 108            0.448812            0.387038          0.00627612
                 109            0.452848            0.387642          0.00624752
                 110            0.397274             0.38773          0.00619134
                 111            0.487573            0.388629          0.00620055
                 112             0.43702            0.389061          0.00616023
                 113            0.423202            0.389363          0.00611311
                 114            0.313581            0.388699          0.00609553
                 115            0.416179            0.388938          0.00604721
                 116            0.335875             0.38848          0.00601235
                 117             0.43281            0.388859          0.00597289
                 118            0.225438            0.387474          0.00608071
                 119            0.343021            0.387101          0.00604108
                 120            0.368134            0.386943           0.0059928
                 121            0.351606            0.386651          0.00595039
                 122            0.462238             0.38727          0.00593378
                 123            0.391764            0.387307          0.00588565
                 124            0.380608            0.387253          0.00583843
                 125             0.53248            0.388414          0.00590619
                 126            0.479427            0.389137          0.00590332
                 127            0.480166            0.389853          0.00590019
                 128            0.416978            0.390065           0.0058579
                 129            0.592067            0.391631          0.00601815
                 130            0.373823            0.391494          0.00597341
                 131            0.460115            0.392018          0.00595074
                 132             0.36928            0.391846          0.00590815
                 133            0.299536            0.391152          0.00590435
                 134            0.332885            0.390717          0.00587628
                 135            0.353041            0.390438          0.00583938
                 136            0.228472            0.389247          0.00591664
                 137             0.45044            0.389694          0.00589029
                 138            0.388981            0.389688          0.00584761
                 139            0.348769            0.389394          0.00581294
                 140            0.444385            0.389787          0.00578468
                 141            0.257962            0.388852          0.00581871
                 142            0.407653            0.388984          0.00577924
                 143            0.394581            0.389024          0.00573896
                 144            0.475358            0.389623          0.00573034
                 145            0.403662             0.38972          0.00569164
                 146            0.496534            0.390451          0.00569948
                 147            0.442292            0.390804          0.00567161
                 148            0.362521            0.390613           0.0056365
                 149            0.452965            0.391032          0.00561419
                 150             0.38464            0.390989          0.00557692
                 151            0.425717            0.391219          0.00554473
                 152             0.40926            0.391338          0.00550952
                 153            0.419417            0.391521          0.00547657
                 154            0.398624            0.391567           0.0054412
                 155            0.426564            0.391793          0.00541078
                 156            0.378477            0.391708          0.00537677
                 157            0.383362            0.391654          0.00534278
                 158            0.497301            0.392323          0.00535064
                 159            0.309297            0.391801          0.00534241
                 160            0.505985            0.392515          0.00535647
                 161            0.458592            0.392925           0.0053389
                 162            0.441815            0.393227          0.00531447
                 163            0.336069            0.392876          0.00529342
                 164            0.357304            0.392659          0.00526559
                 165            0.529987            0.393492          0.00529904
                 166            0.411786            0.393602          0.00526827
                 167             0.31357            0.393123          0.00525847
                 168             0.47067            0.393584          0.00524739
                 169            0.374009            0.393468          0.00521762
                 170            0.425085            0.393654          0.00519024
                 171            0.500509            0.394279          0.00519737
                 172            0.366273            0.394116           0.0051697
                 173            0.377021            0.394018          0.00514077
                 174            0.256416            0.393227          0.00517169
                 175            0.431477            0.393445          0.00514675
                 176            0.438767            0.393703          0.00512395
                 177            0.358425            0.393503          0.00509887
                 178            0.344736            0.393229          0.00507758
                 179            0.385375            0.393186          0.00504941
                 180            0.349599            0.392943          0.00502716
                 181            0.401688            0.392992          0.00499962
                 182            0.407312             0.39307          0.00497276
                 183            0.422035            0.393229          0.00494811
                 184            0.332693              0.3929          0.00493214
                 185            0.389906            0.392884          0.00490551
                 186            0.271903            0.392233          0.00492207
                 187             0.39532             0.39225          0.00489577
                 188            0.348332            0.392016           0.0048753
                 189            0.473256            0.392446          0.00486842
                 190            0.300194             0.39196          0.00486695
                 191            0.378136            0.391888            0.004842
                 192            0.334357            0.391588          0.00482605
                 193            0.297804            0.391102          0.00482544
                 194            0.399045            0.391143          0.00480074
                 195             0.34927            0.390929          0.00478093
                 196            0.404859               0.391          0.00475706
                 197            0.265098            0.390361          0.00477565
                 198            0.367736            0.390246           0.0047529
                 199            0.360449            0.390097          0.00473137
                 200            0.389146            0.390092          0.00470772
