                   1            -0.98709            -0.98709                   0
                   2           -0.986616           -0.986853         0.000167669
                   3           -0.983597           -0.985768         0.000893236
                   4           -0.989506           -0.986702          0.00105064
                   5           -0.996009           -0.988564            0.001865
                   6           -0.981681           -0.987417          0.00187399
                   7           -0.989648           -0.987735          0.00163318
                   8           -0.995733           -0.988735          0.00170783
                   9           -0.975691           -0.987286          0.00204247
                  10           -0.987774           -0.987335           0.0018388
                  11           -0.993148           -0.987863          0.00174593
                  12           -0.980905           -0.987283            0.001694
                  13           -0.995146           -0.987888          0.00166816
                  14           -0.993117           -0.988262          0.00159027
                  15           -0.988132           -0.988253          0.00148428
                  16           -0.975172           -0.987435           0.0016009
                  17            -0.98598            -0.98735          0.00150902
                  18           -0.985229           -0.987232          0.00142977
                  19           -0.990261           -0.987391          0.00136338
                  20           -0.982055           -0.987125          0.00132106
                  21            -0.97084           -0.986349           0.0014682
                  22           -0.986604           -0.986361          0.00140151
                  23           -0.993996           -0.986693          0.00137933
                  24           -0.998789           -0.987197          0.00141094
                  25           -0.995826           -0.987542          0.00139608
                  26           -0.984312           -0.987418           0.0013479
                  27           -0.981995           -0.987217          0.00131286
                  28           -0.993626           -0.987446          0.00128577
                  29           -0.991562           -0.987588          0.00124925
                  30           -0.965948           -0.986866          0.00140045
                  31           -0.997425           -0.987207          0.00139608
                  32           -0.991574           -0.987343          0.00135911
                  33           -0.990714           -0.987446          0.00132176
                  34           -0.983436           -0.987328          0.00128813
                  35           -0.994837           -0.987542          0.00126907
                  36             -0.9738            -0.98716          0.00128995
                  37           -0.979788           -0.986961          0.00127038
                  38           -0.986156            -0.98694          0.00123713
                  39           -0.996238           -0.987178          0.00122816
                  40           -0.989505           -0.987237          0.00119884
                  41             -0.9759            -0.98696          0.00120106
                  42           -0.993634           -0.987119          0.00118293
                  43            -1.00082           -0.987438          0.00119754
                  44           -0.982564           -0.987327          0.00117543
                  45           -0.979795           -0.987159          0.00116117
                  46            -1.00181           -0.987478           0.0011788
                  47            -0.99093           -0.987551            0.001156
                  48           -0.982206            -0.98744          0.00113727
                  49           -0.996277            -0.98762          0.00112827
                  50           -0.992411           -0.987716          0.00110977
                  51           -0.994039            -0.98784          0.00109491
                  52           -0.981949           -0.987727           0.0010797
                  53           -0.989006           -0.987751           0.0010596
                  54            -0.98827           -0.987761          0.00104002
                  55           -0.991957           -0.987837           0.0010239
                  56           -0.995232           -0.987969           0.0010141
                  57           -0.993283           -0.988062          0.00100058
                  58           -0.992679           -0.988142         0.000986493
                  59           -0.980821           -0.988018         0.000977544
                  60           -0.984946           -0.987966         0.000962591
                  61           -0.981898           -0.987867         0.000951938
                  62           -0.970743           -0.987591         0.000975829
                  63           -0.990372           -0.987635         0.000961338
                  64           -0.991243           -0.987691         0.000947969
                  65           -0.990773           -0.987739         0.000934569
                  66           -0.992388           -0.987809          0.00092306
                  67           -0.984108           -0.987754         0.000910935
                  68           -0.985543           -0.987721         0.000898118
                  69           -0.983424           -0.987659          0.00088726
                  70           -0.989565           -0.987686         0.000875002
                  71            -0.98533           -0.987653         0.000863307
                  72           -0.995766           -0.987766         0.000858638
                  73           -0.976291           -0.987609         0.000861143
                  74           -0.986989             -0.9876         0.000849546
                  75            -1.00303           -0.987806         0.000862785
                  76           -0.980376           -0.987708         0.000856953
                  77           -0.985926           -0.987685         0.000846137
                  78            -0.99282           -0.987751         0.000837846
                  79           -0.995866           -0.987854         0.000833513
                  80           -0.996091           -0.987957         0.000829429
                  81           -0.981724            -0.98788          0.00082275
                  82           -0.988714            -0.98789          0.00081278
                  83            -0.99296           -0.987951          0.00080528
                  84           -0.988289           -0.987955         0.000795703
                  85           -0.975312           -0.987806         0.000800124
                  86           -0.985044           -0.987774         0.000791464
                  87            -0.98687           -0.987764         0.000782435
                  88           -0.983567           -0.987716         0.000774996
                  89           -0.979057           -0.987619         0.000772371
                  90           -0.990679           -0.987653         0.000764537
                  91             -0.9831           -0.987603          0.00075777
                  92           -0.980652           -0.987527         0.000753291
                  93            -0.96848           -0.987322         0.000772533
                  94           -0.989743           -0.987348         0.000764743
                  95           -0.995064           -0.987429         0.000760994
                  96           -0.989913           -0.987455         0.000753506
                  97           -0.988103           -0.987462         0.000745768
                  98           -0.972181           -0.987306         0.000754282
                  99           -0.997275           -0.987407         0.000753355
                 100           -0.980351           -0.987336         0.000749119
                 101           -0.987942           -0.987342         0.000741726
                 102           -0.992897           -0.987397         0.000736451
                 103           -0.974752           -0.987274         0.000739463
                 104           -0.980831           -0.987212         0.000734943
                 105           -0.976652           -0.987111         0.000734792
                 106           -0.992213           -0.987159         0.000729434
                 107           -0.995926           -0.987241         0.000727204
                 108           -0.974217           -0.987121         0.000730402
                 109           -0.980693           -0.987062         0.000726078
                 110           -0.985728            -0.98705         0.000719579
                 111           -0.975123           -0.986942         0.000721073
                 112           -0.982185             -0.9869         0.000715885
                 113           -0.976521           -0.986808         0.000715417
                 114           -0.996844           -0.986896         0.000714538
                 115           -0.980419            -0.98684         0.000710541
                 116           -0.990595           -0.986872         0.000705153
                 117           -0.979279           -0.986807         0.000702106
                 118            -1.00217           -0.986937         0.000708124
                 119           -0.988514           -0.986951         0.000702297
                 120           -0.994394           -0.987013         0.000699178
                 121           -0.991754           -0.987052         0.000694497
                 122            -0.97796           -0.986977         0.000692791
                 123           -0.986468           -0.986973         0.000687171
                 124           -0.988303           -0.986984         0.000681713
                 125           -0.963592           -0.986797         0.000701474
                 126           -0.977848           -0.986726         0.000699493
                 127           -0.973731           -0.986623         0.000701429
                 128           -0.985011           -0.986611         0.000696062
                 129           -0.974762           -0.986519           0.0006967
                 130           -0.987132           -0.986524         0.000691357
                 131           -0.976298           -0.986446         0.000690471
                 132           -0.985425           -0.986438         0.000685284
                 133           -0.997273           -0.986519         0.000684956
                 134            -0.99227           -0.986562         0.000681188
                 135           -0.990858           -0.986594         0.000676885
                 136            -1.00271           -0.986713           0.0006822
                 137           -0.975995           -0.986634         0.000681691
                 138           -0.985563           -0.986627         0.000676796
                 139           -0.991161           -0.986659         0.000672713
                 140           -0.976885           -0.986589          0.00067152
                 141           -0.998753           -0.986676         0.000672276
                 142           -0.990546           -0.986703         0.000668094
                 143           -0.986155           -0.986699         0.000663433
                 144           -0.972539           -0.986601         0.000666074
                 145           -0.985195           -0.986591          0.00066155
                 146           -0.973362             -0.9865         0.000663195
                 147           -0.981107           -0.986464         0.000659698
                 148           -0.991242           -0.986496          0.00065603
                 149           -0.979559           -0.986449         0.000653278
                 150           -0.987457           -0.986456         0.000648957
                 151           -0.985382           -0.986449         0.000644698
                 152            -0.98247           -0.986423         0.000640988
                 153           -0.984817           -0.986412         0.000636884
                 154           -0.985083           -0.986404         0.000632807
                 155           -0.983354           -0.986384          0.00062903
                 156           -0.984207            -0.98637         0.000625153
                 157            -0.98523           -0.986363         0.000621213
                 158           -0.980873           -0.986328         0.000618252
                 159           -0.995494           -0.986386         0.000617046
                 160           -0.971504           -0.986293          0.00062016
                 161           -0.982008           -0.986266         0.000616879
                 162           -0.982316           -0.986242         0.000613552
                 163            -0.99238           -0.986279         0.000610943
                 164           -0.985898           -0.986277         0.000607222
                 165           -0.965667           -0.986152         0.000616256
                 166           -0.990991           -0.986181         0.000613232
                 167           -0.996624           -0.986244          0.00061274
                 168           -0.979532           -0.986204         0.000610394
                 169           -0.990135           -0.986227         0.000607225
                 170           -0.986635            -0.98623         0.000603658
                 171           -0.977784            -0.98618         0.000602145
                 172           -0.986298           -0.986181         0.000598644
                 173           -0.991456           -0.986211          0.00059596
                 174           -0.999965            -0.98629         0.000597754
                 175           -0.983623           -0.986275         0.000594533
                 176           -0.980752           -0.986244         0.000591982
                 177           -0.991478           -0.986273         0.000589376
                 178           -0.990569           -0.986297         0.000586558
                 179           -0.988181           -0.986308         0.000583376
                 180           -0.991948           -0.986339         0.000580976
                 181             -0.9812           -0.986311          0.00057846
                 182           -0.987022           -0.986315         0.000575295
                 183           -0.988019           -0.986324         0.000572226
                 184           -0.992922            -0.98636         0.000570239
                 185           -0.986573           -0.986361         0.000567158
                 186           -0.997932           -0.986423          0.00056751
                 187           -0.986143           -0.986422         0.000564477
                 188           -0.993269           -0.986458         0.000562648
                 189           -0.979165            -0.98642         0.000560993
                 190           -0.997675           -0.986479         0.000561159
                 191           -0.988705           -0.986491         0.000558342
                 192           -0.990604           -0.986512         0.000555845
                 193           -0.996961           -0.986566         0.000555596
                 194           -0.983878           -0.986552         0.000552905
                 195           -0.993479           -0.986588         0.000551209
                 196           -0.988592           -0.986598         0.000548491
                 197           -0.998909           -0.986661         0.000549256
                 198           -0.989266           -0.986674         0.000546639
                 199           -0.991631           -0.986699          0.00054446
                 200            -0.98866           -0.986708         0.000541826
