                   1            0.844912            0.844912                   0
                   2               0.834            0.839456          0.00385797
                   3            0.826648            0.835187          0.00433204
                   4            0.820496            0.831514          0.00454671
                   5            0.894456            0.844102           0.0118324
                   6            0.702068             0.82043           0.0237531
                   7             0.85482            0.825343           0.0208617
                   8            0.896268            0.834209           0.0200495
                   9            0.624164             0.81087           0.0283156
                  10            0.865888            0.816372            0.026013
                  11            0.868596             0.82112           0.0240776
                  12            0.698836            0.810929           0.0241313
                  13            0.900076            0.817787            0.023229
                  14            0.881856            0.822363            0.022016
                  15            0.836624            0.823314           0.0205688
                  16            0.674624            0.814021           0.0212793
                  17            0.830204            0.814973           0.0200488
                  18            0.841472            0.816445            0.018989
                  19            0.848632            0.818139            0.018065
                  20            0.813972            0.817931           0.0171629
                  21            0.641616            0.809535           0.0182843
                  22             0.83658            0.810764           0.0174944
                  23            0.907788            0.814982           0.0172349
                  24            0.926648            0.819635           0.0171333
                  25            0.884496             0.82223           0.0166432
                  26            0.731988            0.818759            0.016361
                  27            0.805736            0.818276           0.0157622
                  28            0.904096            0.821341           0.0154944
                  29            0.829712             0.82163           0.0149628
                  30            0.298196            0.804182           0.0224385
                  31             0.92606            0.808114           0.0220564
                  32            0.864696            0.809882           0.0214379
                  33              0.8777            0.811937           0.0208865
                  34            0.821008            0.812204           0.0202739
                  35            0.911028            0.815027           0.0198903
                  36            0.649596            0.810432           0.0198616
                  37            0.803816            0.810253           0.0193256
                  38             0.77818            0.809409           0.0188354
                  39            0.885508            0.811361           0.0184533
                  40            0.871252            0.812858           0.0180526
                  41            0.774224            0.811916           0.0176368
                  42            0.894916            0.813892           0.0173273
                  43            0.944404            0.816927           0.0171881
                  44            0.776208            0.816001           0.0168223
                  45            0.679344            0.812965           0.0167204
                  46             0.92736            0.815451           0.0165408
                  47             0.88528            0.816937           0.0162554
                  48            0.709924            0.814708            0.016069
                  49            0.899844            0.816445           0.0158347
                  50            0.898128            0.818079            0.015602
                  51            0.878764            0.819269           0.0153414
                  52            0.777072            0.818457           0.0150678
                  53            0.853884            0.819126           0.0147983
                  54            0.665108            0.816274           0.0147966
                  55            0.877052            0.817379           0.0145688
                  56            0.917576            0.819168           0.0144181
                  57             0.87496            0.820147           0.0141983
                  58            0.855952            0.820764           0.0139669
                  59            0.758264            0.819705           0.0137703
                  60            0.834512            0.819951            0.013543
                  61            0.781304            0.819318           0.0133358
                  62            0.723948             0.81778           0.0132091
                  63            0.855012            0.818371           0.0130127
                  64            0.890952            0.819505           0.0128587
                  65            0.801432            0.819227           0.0126639
                  66            0.882204            0.820181           0.0125079
                  67            0.787788            0.819697           0.0123305
                  68            0.619172            0.816749           0.0124969
                  69            0.809976             0.81665           0.0123161
                  70            0.841436            0.817004           0.0121453
                  71            0.844104            0.817386           0.0119802
                  72            0.891084             0.81841           0.0118575
                  73            0.599772            0.815415           0.0120674
                  74            0.742636            0.814431           0.0119443
                  75             0.94974            0.816235           0.0119205
                  76            0.777208            0.815722           0.0117747
                  77            0.829876            0.815906           0.0116232
                  78            0.871396            0.816617            0.011496
                  79            0.929708            0.818049           0.0114392
                  80            0.908132            0.819175           0.0113515
                  81             0.78142            0.818708            0.011221
                  82            0.825284            0.818789           0.0110844
                  83            0.876812            0.819488           0.0109729
                  84            0.784844            0.819075             0.01085
                  85            0.580792            0.816272           0.0110786
                  86            0.773788            0.815778           0.0109608
                  87            0.767084            0.815218           0.0108491
                  88            0.811148            0.815172           0.0107259
                  89            0.731672            0.814234           0.0106463
                  90             0.81874            0.814284           0.0105281
                  91            0.768612            0.813782           0.0104244
                  92            0.786184            0.813482           0.0103154
                  93            0.549584            0.810644           0.0105876
                  94            0.841556            0.810973           0.0104801
                  95             0.88558            0.811759           0.0103991
                  96            0.853256            0.812191           0.0102998
                  97             0.85114            0.812592           0.0102014
                  98             0.64026            0.810834           0.0102478
                  99             0.91456            0.811882           0.0101977
                 100            0.797936            0.811742           0.0100967
                 101              0.8731             0.81235           0.0100149
                 102            0.864464            0.812861          0.00992979
                 103            0.611976             0.81091           0.0100231
                 104            0.616348            0.809039           0.0100998
                 105            0.664604            0.807664           0.0100968
                 106             0.80864            0.807673           0.0100016
                 107             0.82072            0.807795          0.00990887
                 108             0.42284            0.804231           0.0104385
                 109            0.697044            0.803247            0.010389
                 110            0.821208            0.803411           0.0102958
                 111            0.721372            0.802671           0.0102296
                 112             0.75004            0.802202            0.010149
                 113            0.668444            0.801018            0.010128
                 114             0.91342            0.802004            0.010087
                 115            0.591728            0.800175           0.0101637
                 116            0.879328            0.800858            0.010099
                 117            0.513968            0.798406            0.010306
                 118            0.949684            0.799688           0.0102981
                 119            0.582484            0.797862           0.0103721
                 120              0.8685            0.798451           0.0103023
                 121            0.869692             0.79904            0.010234
                 122            0.560388            0.797084           0.0103354
                 123            0.829412            0.797347           0.0102547
                 124            0.854768             0.79781           0.0101824
                 125            0.562812             0.79593           0.0102731
                 126            0.707192            0.795225           0.0102156
                 127             0.64054            0.794007           0.0102076
                 128             0.80334             0.79408           0.0101281
                 129            0.674908            0.793156           0.0100916
                 130            0.878992            0.793817           0.0100355
                 131            0.615324            0.792454            0.010051
                 132            0.772864            0.792306          0.00997596
                 133            0.900844            0.793122          0.00993428
                 134            0.825484            0.793363          0.00986308
                 135            0.864924            0.793893          0.00980425
                 136            0.952652            0.795061          0.00980141
                 137            0.623756             0.79381           0.0098093
                 138            0.825768            0.794042          0.00974095
                 139             0.86686            0.794566          0.00968495
                 140            0.653852            0.793561          0.00966779
                 141             0.92406            0.794486          0.00964342
                 142            0.847684            0.794861          0.00958278
                 143            0.823736            0.795063           0.0095179
                 144             0.58376            0.793595          0.00956425
                 145             0.78214            0.793516          0.00949861
                 146            0.682504            0.792756          0.00946394
                 147            0.640528            0.791721          0.00945604
                 148             0.86212            0.792196          0.00940411
                 149            0.800728            0.792253          0.00934117
                 150            0.711228            0.791713           0.0092945
                 151            0.769508            0.791566          0.00923411
                 152            0.705924            0.791003          0.00919053
                 153            0.808468            0.791117          0.00913117
                 154            0.720556            0.790659          0.00908337
                 155            0.632912            0.789641           0.0090816
                 156            0.675568             0.78891          0.00905277
                 157             0.80868            0.789036          0.00899599
                 158            0.690432            0.788412          0.00896067
                 159            0.888716            0.789042           0.0089265
                 160            0.613992            0.787948           0.0089375
                 161            0.810424            0.788088          0.00888308
                 162             0.74902            0.787847          0.00883152
                 163            0.891016             0.78848          0.00879999
                 164            0.701296            0.787948          0.00876237
                 165            0.592536            0.786764          0.00878894
                 166            0.883132            0.787344          0.00875514
                 167            0.902388            0.788033          0.00872978
                 168            0.708204            0.787558          0.00869074
                 169            0.864748            0.788015          0.00865131
                 170            0.805756            0.788119          0.00860105
                 171              0.7648            0.787983          0.00855183
                 172            0.804084            0.788076          0.00850262
                 173            0.870404            0.788552          0.00846678
                 174            0.931052            0.789371          0.00845763
                 175            0.656332            0.788611           0.0084434
                 176             0.60602            0.787574          0.00845893
                 177            0.880692              0.7881          0.00842748
                 178             0.88286            0.788632          0.00839693
                 179            0.791472            0.788648          0.00835004
                 180            0.861424            0.789052          0.00831343
                 181            0.742788            0.788797          0.00827143
                 182            0.695492            0.788284          0.00824185
                 183            0.798556             0.78834          0.00819701
                 184            0.888112            0.788882          0.00817037
                 185             0.82104            0.789056          0.00812806
                 186            0.927396              0.7898          0.00811832
                 187            0.823528             0.78998           0.0080769
                 188            0.856628            0.790335          0.00804172
                 189            0.753864            0.790142          0.00800149
                 190            0.889372            0.790664           0.0079764
                 191             0.85166            0.790983          0.00794103
                 192             0.88542            0.791475          0.00791489
                 193             0.86326            0.791847          0.00788261
                 194            0.794684            0.791862          0.00784199
                 195            0.881144             0.79232          0.00781513
                 196            0.872376            0.792728          0.00778592
                 197            0.924244            0.793396          0.00777497
                 198            0.801712            0.793438          0.00773582
                 199            0.774328            0.793342          0.00769754
                 200            0.853012             0.79364          0.00766483
