                   1             73.2882             73.2882                   0
                   2             71.2508             72.2695            0.720334
                   3             70.2836             71.6076            0.723016
                   4             74.9373               72.44            0.902084
                   5             78.3309             73.6182             1.27723
                   6             70.6374             73.1214             1.15695
                   7               74.43             73.3083             1.00666
                   8             78.4479             73.9508              1.0663
                   9             67.1692             73.1973             1.18451
                  10             74.8927             73.3668             1.07812
                  11             77.5199             73.7444             1.04413
                  12             68.5436              73.311             1.04319
                  13             78.1933             73.6865             1.02833
                  14             76.9991             73.9231            0.981721
                  15               73.81             73.9156            0.916302
                  16              68.202             73.5585            0.926006
                  17              71.556             73.4407            0.878995
                  18             71.4845              73.332            0.836854
                  19             73.3391             73.3324            0.792809
                  20             69.3945             73.1355            0.777233
                  21             61.8486              72.598            0.907219
                  22             72.5726             72.5969            0.865983
                  23             78.9019              72.871            0.870639
                  24             80.9917             73.2094            0.897709
                  25             78.3889             73.4166            0.885386
                  26             72.3648             73.3761            0.852256
                  27             69.0107             73.2144            0.835886
                  28             78.0318             73.3865            0.823549
                  29             77.5237             73.5291            0.807413
                  30             63.8889             73.2078            0.842019
                  31             80.3752              73.439            0.846005
                  32             75.5611             73.5053            0.822162
                  33              75.926             73.5787            0.800514
                  34             71.4796             73.5169            0.779346
                  35             78.7182             73.6655            0.771118
                  36             64.7846             73.4188            0.788171
                  37             67.8388              73.268            0.781165
                  38             72.2199             73.2405            0.761094
                  39             78.6885             73.3801             0.75429
                  40             75.4484             73.4319            0.737203
                  41             64.5947             73.2163             0.75007
                  42             77.3952             73.3158            0.738781
                  43             82.7395              73.535            0.753405
                  44             70.2812              73.461            0.739902
                  45             70.1813             73.3881            0.727041
                  46              82.118             73.5779            0.735587
                  47             75.7656             73.6245            0.721408
                  48              69.905              73.547            0.710528
                  49             78.2188             73.6423            0.702395
                  50             77.1443             73.7124            0.691831
                  51             76.9355             73.7756            0.681146
                  52             69.8161             73.6994            0.672289
                  53             74.9645             73.7233            0.660028
                  54             77.5663             73.7944            0.651631
                  55             76.1625             73.8375            0.641204
                  56             79.4787             73.9382            0.637618
                  57             75.9622             73.9737            0.627419
                  58             75.5253             74.0005            0.617172
                  59             70.0655             73.9338            0.610304
                  60             71.0839             73.8863            0.601978
                  61             68.8581             73.8039            0.597726
                  62             60.4678             73.5888            0.625592
                  63             74.2655             73.5995            0.615754
                  64             76.4679             73.6443            0.607762
                  65             75.9353             73.6796            0.599433
                  66             76.1239             73.7166            0.591494
                  67             71.6042             73.6851            0.583505
                  68             75.8477             73.7169             0.57579
                  69             70.5638             73.6712            0.569256
                  70             74.1346             73.6778            0.561162
                  71             72.2261             73.6574            0.553631
                  72             79.4066             73.7372             0.55167
                  73             68.4542             73.6649            0.548839
                  74             74.7314             73.6793            0.541612
                  75             83.8967             73.8155            0.551257
                  76             68.3757             73.7439            0.548631
                  77             71.8866             73.7198            0.542036
                  78             75.8543             73.7472            0.535777
                  79             80.6004             73.8339            0.535972
                  80             78.8478             73.8966            0.532924
                  81             67.5524             73.8183            0.532069
                  82             72.1365             73.7978            0.525976
                  83             77.2798             73.8397            0.521309
                  84             73.7495             73.8386            0.515104
                  85             68.8003             73.7794            0.512443
                  86             72.0185             73.7589            0.506893
                  87             73.9135             73.7607             0.50107
                  88             70.5998             73.7247            0.496662
                  89             67.4783             73.6546            0.496016
                  90             76.1559             73.6823            0.491283
                  91             69.2301             73.6334            0.488314
                  92             69.2525             73.5858            0.485322
                  93             59.8513             73.4381            0.502071
                  94             73.8843             73.4429            0.496752
                  95             77.3368             73.4839            0.493211
                  96             76.1598             73.5117            0.488861
                  97             73.6334              73.513            0.483823
                  98             62.6301             73.4019            0.491465
                  99             80.4313             73.4729            0.491603
                 100             68.2707             73.4209            0.489432
                 101             74.6146             73.4327            0.484729
                 102             77.5774             73.4734            0.481676
                 103             64.3151             73.3845            0.485137
                 104             70.0092              73.352            0.481557
                 105             66.4579             73.2863            0.481426
                 106             75.2342             73.3047            0.477235
                 107             78.4675              73.353            0.475207
                 108             69.4584             73.3169            0.472174
                 109             72.0076             73.3049            0.467994
                 110             71.9304             73.2924            0.463907
                 111               64.22             73.2107            0.466872
                 112             68.2575             73.1664            0.464793
                 113             65.3407             73.0972            0.465811
                 114             79.6739             73.1549            0.465284
                 115             71.2296             73.1381            0.461539
                 116             75.8151             73.1612            0.458137
                 117             71.9856             73.1512            0.454331
                 118             83.6721             73.2403            0.459146
                 119             78.7536             73.2867            0.457619
                 120             78.0193             73.3261            0.455502
                 121             75.3492             73.3428            0.452045
                 122             67.7279             73.2968            0.450676
                 123             71.0835             73.2788            0.447371
                 124             73.9437             73.2842            0.443795
                 125             55.9636             73.1456             0.46137
                 126             65.4911             73.0848            0.461691
                 127             64.8647             73.0201             0.46257
                 128             71.2328             73.0062            0.459167
                 129             66.1339             72.9529            0.458687
                 130             74.4504             72.9644            0.455304
                 131             68.1399             72.9276            0.453315
                 132             73.0011             72.9281            0.449881
                 133             79.9495             72.9809            0.449586
                 134             77.7502             73.0165            0.447637
                 135             75.6094             73.0357            0.444733
                 136             83.8427             73.1152            0.448506
                 137             67.5387             73.0745            0.447075
                 138             72.7612             73.0722            0.443841
                 139              75.076             73.0866            0.440882
                 140             67.0511             73.0435            0.439836
                 141             81.0638             73.1004            0.440379
                 142             75.4211             73.1167            0.437581
                 143             71.5082             73.1055            0.434666
                 144             63.8305             73.0411            0.436393
                 145             69.7857             73.0186            0.433961
                 146             65.1926              72.965            0.434286
                 147             69.5618             72.9419            0.431949
                 148             76.5977             72.9666            0.429736
                 149             68.0714             72.9337            0.428106
                 150             73.2665             72.9359            0.425257
                 151             72.3096             72.9318            0.422461
                 152             72.7063             72.9303            0.419684
                 153             70.9117             72.9171            0.417149
                 154             72.8867             72.9169             0.41444
                 155             73.6065             72.9214             0.41179
                 156             72.2607             72.9171            0.409172
                 157             69.8755             72.8978            0.407024
                 158             70.8359             72.8847            0.404657
                 159             79.6656             72.9274            0.404354
                 160               63.72             72.8698            0.405901
                 161             69.0973             72.8464            0.404055
                 162              71.555             72.8384             0.40164
                 163             77.3758             72.8662            0.400139
                 164             74.4111             72.8757             0.39781
                 165             58.5146             72.7886            0.404808
                 166             76.6622              72.812            0.403042
                 167             79.4567             72.8518            0.402588
                 168             69.8223             72.8337            0.400595
                 169             75.5452             72.8498            0.398546
                 170             73.8034             72.8554            0.396241
                 171             65.6624             72.8133             0.39615
                 172             71.3471             72.8048            0.393939
                 173             76.2402             72.8246            0.392162
                 174              81.524             72.8746            0.393082
                 175             73.2975             72.8771            0.390843
                 176             70.7408             72.8649            0.388811
                 177             75.5861             72.8803            0.386918
                 178             75.6831              72.896            0.385065
                 179             74.8872             72.9072            0.383074
                 180             76.0022             72.9244            0.381332
                 181             69.4363             72.9051            0.379711
                 182             75.6053             72.9199            0.377915
                 183             72.3097             72.9166            0.375864
                 184             77.6675             72.9424            0.374707
                 185              72.808             72.9417            0.372683
                 186             81.1429             72.9858            0.373278
                 187             71.9203             72.9801            0.371326
                 188             78.9392             73.0118            0.370701
                 189             67.5391             72.9828            0.369869
                 190             80.1333             73.0204            0.369832
                 191             73.0389             73.0205            0.367895
                 192             75.7519             73.0348            0.366254
                 193             81.5664              73.079            0.367015
                 194              70.755              73.067            0.365318
                 195             76.8429             73.0864            0.363958
                 196             74.8871             73.0955            0.362217
                 197             80.5678             73.1335            0.362358
                 198             76.4938             73.1505            0.360926
                 199             74.9906             73.1597             0.35923
                 200             74.3778             73.1658            0.357486
