-6.36316
-6.3584
-6.35032
-6.33861
-6.32178
-6.29926
-6.27035
-6.23474
-6.19326
-6.14491
-6.08851
-6.02384
-5.95457
-5.87895
-5.80075
-5.72311
-5.65173
-5.58913
-5.53817
-5.50086
-5.47654
-5.46616
-5.46643
-5.47311
-5.48784
-5.50501
-5.52289
-5.54083
-5.5565
-5.56993
-5.58051
-5.58867
-5.59499
-5.59911
-5.60171
-5.60304
-5.60323
-5.60216
-5.60056
-5.59854
-5.59304
-5.58644
-5.5758
-5.56345
-5.54968
-5.53459
-5.5204
-5.50596
-5.49395
-5.48506
-5.48004
-5.47761
-5.47865
-5.48287
-5.49005
-5.49877
-5.50838
-5.51818
-5.52752
-5.53504
-5.53962
-5.54309
-5.54486
-5.54479
-5.54258
-5.53992
-5.53633
-5.5334
-5.53142
-5.53048
-5.53135
-5.53347
-5.53866
-5.54465
-5.55153
-5.55896
-5.56585
-5.57116
-5.57679
-5.58019
-5.58294
-5.58536
-5.58779
-5.58944
-5.59243
-5.59422
-5.59741
-5.60027
-5.60298
-5.60494
-5.60573
-5.60573
-5.60437
-5.60168
-5.59922
-5.5975
-5.59367
-5.59015
-5.58719
-5.58529
-5.57994
-5.56965
-5.55211
-5.52815
-5.50001
-5.46516
-5.42865
-5.39114
-5.35491
-5.32047
-5.28598
-5.25298
-5.22005
-5.1883
-5.15798
-5.13269
-5.11425
-5.10526
-5.10315
-5.10669
-5.11174
-5.11708
-5.11985
-5.11872
-5.11632
-5.11391
-5.11359
-5.11734
-5.12602
-5.13958
-5.15844
-5.18048
-5.20257
-5.22365
-5.2414
-5.25265
-5.25789
-5.25785
-5.25389
-5.24737
-5.24249
-5.23788
-5.23412
-5.23166
-5.22998
-5.2312
-5.23458
-5.24141
-5.25256
-5.26693
-5.28235
-5.29992
-5.31716
-5.33109
-5.34284
-5.35099
-5.3543
-5.35455
-5.35119
-5.34516
-5.33693
-5.32599
-5.3135
-5.29902
-5.28281
-5.26491
-5.24735
-5.23288
-5.22154
-5.21305
-5.20741
-5.2046
-5.20211
-5.20154
-5.19914
-5.19684
-5.19283
-5.18929
-5.18595
-5.18222
-5.1819
-5.18579
-5.19644
-5.21315
-5.23451
-5.25638
-5.278
-5.29725
-5.31214
-5.32358
-5.33098
-5.33543
-5.33561
-5.33225
-5.32577
-5.31598
-5.30379
-5.28788
-5.2711
-5.25141
-5.22157
-5.18949
-5.15453
-5.11927
-5.08602
-5.05819
-5.03496
-5.01961
-5.01324
-5.01427
-5.02155
-5.03211
-5.04423
-5.0567
-5.07069
-5.08612
-5.10164
-5.11744
-5.13394
-5.14979
-5.16201
-5.16939
-5.17057
-5.16285
-5.14615
-5.1189
-5.08394
-5.04533
-5.00904
-4.97963
-4.96148
-4.9566
-4.96322
-4.97922
-5.00078
-5.02702
-5.05457
-5.08074
-5.10439
-5.1249
-5.14038
-5.15094
-5.15667
-5.1581
-5.15721
-5.15375
-5.15052
-5.14547
-5.14221
-5.1409
-5.14137
-5.14247
-5.14326
-5.1451
-5.14769
-5.15039
-5.15395
-5.15624
-5.15899
-5.1578
-5.15493
-5.14857
-5.13911
-5.12565
-5.11158
-5.10021
-5.09457
-5.099
-5.11324
-5.13526
-5.1594
-5.18072
-5.19568
-5.2023
-5.19967
-5.19089
-5.17727
-5.1617
-5.14479
-5.128
-5.1134
-5.10359
-5.1007
-5.1052
-5.11459
-5.12382
-5.13208
-5.13457
-5.13253
-5.12894
-5.12594
-5.12744
-5.13258
-5.13736
-5.14054
-5.13917
-5.13518
-5.12947
-5.12253
-5.11706
-5.11236
-5.10843
-5.1099
-5.11754
-5.12892
-5.14359
-5.15797
-5.1703
-5.18127
-5.18721
-5.1927
-5.19547
-5.19705
-5.19437
-5.18823
-5.17491
-5.15656
-5.12951
-5.09742
-5.0603
-5.02329
-4.98774
-4.96026
-4.94721
-4.95194
-4.96931
-4.99851
-5.03165
-5.06377
-5.09062
-5.10946
-5.12038
-5.12345
-5.1216
-5.11271
-5.10127
-5.08725
-5.07368
-5.05718
-5.03986
-5.02164
-5.00421
-4.99133
-4.98636
-4.99028
-5.00101
-5.01934
-5.04066
-5.06244
-5.08141
-5.0971
-5.10969
-5.1193
-5.12596
-5.13109
-5.13242
-5.12865
-5.12098
-5.10863
-5.09383
-5.07827
-5.06564
-5.05733
-5.0564
-5.06182
-5.07077
-5.08111
-5.09001
-5.094
-5.09356
-5.08934
-5.08284
-5.07443
-5.06738
-5.06108
-5.05621
-5.05526
-5.05756
-5.06317
-5.07185
-5.08382
-5.0968
-5.10852
-5.1173
-5.1229
-5.12362
-5.11806
-5.10764
-5.09919
-5.09521
-5.09787
-5.10499
-5.11231
-5.11397
-5.1096
-5.09875
-5.08373
-5.06749
-5.05152
-5.03797
-5.02807
-5.02391
-5.02248
-5.02029
-5.0159
-5.00427
-4.98704
-4.96331
-4.93844
-4.91575
-4.90121
-4.89977
-4.91095
-4.93261
-4.95988
-4.984
-5.00035
-5.0075
-5.00406
-4.99243
-4.97448
-4.95256
-4.93189
-4.91352
-4.90152
-4.89818
-4.90022
-4.90626
-4.9139
-4.91983
-4.92518
-4.92852
-4.92851
-4.92666
-4.92182
-4.91224
-4.89976
-4.8858
-4.87122
-4.86005
-4.8547
-4.85982
-4.87368
-4.8896
-4.90476
-4.91748
-4.92485
-4.92903
-4.93283
-4.93454
-4.93747
-4.9405
-4.94554
-4.95391
-4.96579
-4.9803
-4.99659
-5.01153
-5.02537
-5.03812
-5.05057
-5.06387
-5.07628
-5.09068
-5.10635
-5.12404
-5.14415
-5.16401
-5.18137
-5.19128
-5.19044
-5.17842
-5.15513
-5.12157
-5.08305
-5.04551
-5.01537
-4.99894
-4.99903
-5.01697
-5.04878
-5.08538
-5.11963
-5.1506
-5.17237
-5.18595
-5.19236
-5.19667
-5.19709
-5.19646
-5.19603
-5.19374
-5.18706
-5.17663
-5.1612
-5.14077
-5.1123
-5.08118
-5.04906
-5.01987
-4.99393
-4.97925
-4.97222
-4.97236
-4.97876
-4.99102
-5.00541
-5.0207
-5.03242
-5.03924
-5.03807
-5.03158
-5.0221
-5.01537
-5.0142
-5.01906
-5.02996
-5.04471
-5.06017
-5.07618
-5.0927
-5.11267
-5.13677
-5.16208
-5.18621
-5.20386
-5.21264
-5.20889
-5.19524
-5.17228
-5.14505
-5.11919
-5.09905
-5.08509
-5.07686
-5.07419
-5.07373
-5.07411
-5.07391
-5.0715
-5.06854
-5.06579
-5.0637
-5.06483
-5.07158
-5.08292
-5.09486
-5.10591
-5.11212
-5.11107
-5.1009
-5.08344
-5.06241
-5.04632
-5.03928
-5.04574
-5.06146
-5.08274
-5.10553
-5.12708
-5.14445
-5.15324
-5.15292
-5.14151
-5.12219
-5.0948
-5.06527
-5.03549
-5.00956
-4.99044
-4.98052
-4.98233
-4.99548
-5.0187
-5.04944
-5.08348
-5.11513
-5.14382
-5.16861
-5.18968
-5.20362
-5.21169
-5.20916
-5.19918
-5.18018
-5.15503
-5.12542
-5.09995
-5.08237
-5.07517
-5.08024
-5.09477
-5.11253
-5.1286
-5.14045
-5.14379
-5.13884
-5.12875
-5.1148
-5.10167
-5.08978
-5.08382
-5.08443
-5.0878
-5.09531
-5.1037
-5.11347
-5.12127
-5.1264
-5.12849
-5.1277
-5.12405
-5.11877
-5.11303
-5.10721
-5.1032
-5.09761
-5.09273
-5.08553
-5.07482
-5.06141
-5.04474
-5.02665
-5.00784
-4.98803
-4.96948
-4.94913
-4.93058
-4.91208
-4.89542
-4.88495
-4.88301
-4.88987
-4.90634
-4.9283
-4.95301
-4.97757
-5.00037
-5.02322
-5.04689
-5.07165
-5.09532
-5.11651
-5.12987
-5.13339
-5.12864
-5.11848
-5.10848
-5.10589
-5.10825
-5.11551
-5.12451
-5.13143
-5.13502
-5.13318
-5.12581
-5.11386
-5.09771
-5.0815
-5.06814
-5.06144
-5.06221
-5.07122
-5.08486
-5.09813
-5.10792
-5.11371
-5.11145
-5.10569
-5.09326
-5.07715
-5.06032
-5.04398
-5.03031
-5.0194
-5.01189
-5.00713
-5.00769
-5.01161
-5.01977
-5.03459
-5.05268
-5.07293
-5.09003
-5.10044
-5.10414
-5.10196
-5.09698
-5.09077
-5.08908
-5.08969
-5.09462
-5.09966
-5.10442
-5.10631
-5.10492
-5.09794
-5.08644
-5.07192
-5.06124
-5.05775
-5.06489
-5.08155
-5.10467
-5.1289
-5.14835
-5.16165
-5.16456
-5.15661
-5.13779
-5.11192
-5.07689
-5.03858
-4.9969
-4.95787
-4.92465
-4.90257
-4.89642
-4.90448
-4.92299
-4.94609
-4.96662
-4.98056
-4.98515
-4.98284
-4.97716
-4.97548
-4.97967
-4.99398
-5.01285
-5.03394
-5.05134
-5.06365
-5.06997
-5.07213
-5.07172
-5.07065
-5.06614
-5.05682
-5.04364
-5.02846
-5.01136
-4.99836
-4.99241
-4.99589
-5.01116
-5.03374
-5.05968
-5.08525
-5.10841
-5.12801
-5.14244
-5.15434
-5.16458
-5.17058
-5.17208
-5.16651
-5.15454
-5.13363
-5.10495
-5.06697
-5.02308
-4.974
-4.92363
-4.87522
-4.83498
-4.80465
-4.78816
-4.78367
-4.79177
-4.80913
-4.83395
-4.86587
-4.90021
-4.93533
-4.96511
-4.9909
-5.00854
-5.01983
-5.02761
-5.03323
-5.03928
-5.04806
-5.06027
-5.07539
-5.08863
-5.0972
-5.09861
-5.09209
-5.07726
-5.05168
-5.02019
-4.98436
-4.94703
-4.91261
-4.88427
-4.86654
-4.8608
-4.86606
-4.88081
-4.90203
-4.92199
-4.9389
-4.95053
-4.95905
-4.96395
-4.96531
-4.96724
-4.97234
-4.97768
-4.98224
-4.98442
-4.98266
-4.97317
-4.95933
-4.94236
-4.92368
-4.90665
-4.88994
-4.87726
-4.86981
-4.86985
-4.87605
-4.88863
-4.90225
-4.91493
-4.92106
-4.92095
-4.91159
-4.8949
-4.87407
-4.85182
-4.83386
-4.82178
-4.81624
-4.81825
-4.82819
-4.84781
-4.87337
-4.90145
-4.92926
-4.95173
-4.96919
-4.98147
-4.99322
-5.00245
-5.01194
-5.02285
-5.03556
-5.05056
-5.06707
-5.08528
-5.10037
-5.11057
-5.11284
-5.10457
-5.08667
-5.05821
-5.02392
-4.98664
-4.9502
-4.92112
-4.90395
-4.89958
-4.9046
-4.91675
-4.93537
-4.95704
-4.98072
-5.0044
-5.02703
-5.04849
-5.0644
-5.07702
-5.0844
-5.08585
-5.08074
-5.07003
-5.05661
-5.04217
-5.02893
-5.02048
-5.01611
-5.01566
-5.01803
-5.02003
-5.02238
-5.02365
-5.02456
-5.0258
-5.02323
-5.016
-5.00304
-4.98764
-4.97091
-4.95421
-4.93927
-4.92696
-4.91581
-4.90925
-4.90777
-4.91261
-4.92702
-4.94825
-4.97812
-5.01209
-5.04577
-5.07534
-5.09766
-5.10976
-5.11187
-5.10289
-5.08731
-5.0676
-5.05013
-5.037
-5.02721
-5.02257
-5.01917
-5.01276
-5.00365
-4.99227
-4.97876
-4.96024
-4.93903
-4.9137
-4.88895
-4.86668
-4.84966
-4.84011
-4.84016
-4.84727
-4.85776
-4.86497
-4.86283
-4.85303
-4.83859
-4.82959
-4.82816
-4.83391
-4.8438
-4.85691
-4.87223
-4.89005
-4.90762
-4.92568
-4.94062
-4.95201
-4.95898
-4.96045
-4.95968
-4.95639
-4.95338
-4.94967
-4.94369
-4.93385
-4.92095
-4.90627
-4.89339
-4.88411
-4.87895
-4.87822
-4.88183
-4.8876
-4.88937
-4.88852
-4.884
-4.8756
-4.86371
-4.85403
-4.85079
-4.85724
-4.87296
-4.89617
-4.92232
-4.94482
-4.95939
-4.96585
-4.96503
-4.96103
-4.95559
-4.95126
-4.94738
-4.94254
-4.93647
-4.92986
-4.92611
-4.92835
-4.93712
-4.95075
-4.96367
-4.97015
-4.96897
-4.9609
-4.94935
-4.93853
-4.9334
-4.93497
-4.94548
-4.96362
-4.98681
-5.01071
-5.03285
-5.05408
-5.06986
-5.08205
-5.09037
-5.0963
-5.10048
-5.10282
-5.10583
-5.10781
-5.10908
-5.10762
-5.10344
-5.09261
-5.07612
-5.05575
-5.03445
-5.01497
-4.99745
-4.98387
-4.97247
-4.96292
-4.95487
-4.94722
-4.93675
-4.92613
-4.91337
-4.90285
-4.89279
-4.88483
-4.878
-4.87079
-4.86146
-4.85165
-4.8422
-4.83616
-4.83741
-4.84655
-4.8605
-4.87913
-4.8985
-4.91729
-4.93675
-4.95763
-4.98365
-5.01625
-5.05246
-5.08898
-5.12028
-5.13993
-5.14517
-5.13492
-5.11035
-5.07988
-5.0536
-5.03578
-5.02706
-5.02578
-5.0246
-5.01845
-5.00475
-4.98596
-4.96596
-4.95159
-4.94405
-4.94431
-4.95185
-4.96195
-4.97174
-4.98111
-4.9904
-4.99787
-5.0067
-5.01627
-5.02565
-5.03251
-5.03539
-5.03815
-5.04053
-5.04513
-5.05256
-5.06309
-5.07571
-5.0842
-5.08704
-5.08428
-5.07638
-5.0672
-5.05956
-5.0534
-5.05291
-5.05656
-5.06136
-5.06313
-5.05842
-5.04725
-5.02987
-5.00772
-4.97982
-4.95588
-4.93385
-4.91299
-4.89376
-4.8769
-4.86416
-4.85776
-4.85892
-4.86583
-4.87463
-4.88249
-4.88683
-4.88643
-4.88669
-4.89045
-4.89992
-4.91683
-4.94373
-4.98222
-5.03217
-5.0854
-5.13371
-5.17033
-5.19355
-5.20042
-5.19702
-5.18334
-5.16653
-5.14788
-5.12827
-5.10582
-5.07942
-5.04943
-5.01857
-4.98858
-4.96343
-4.94509
-4.9339
-4.93037
-4.92878
-4.9275
-4.9271
-4.92923
-4.93671
-4.94985
-4.96661
-4.98592
-5.00316
-5.01881
-5.03029
-5.0367
-5.03588
-5.02682
-5.01086
-4.98862
-4.9632
-4.93671
-4.91169
-4.89217
-4.87997
-4.87657
-4.88302
-4.89909
-4.92085
-4.94571
-4.974
-5.00359
-5.03439
-5.0623
-5.08686
-5.10564
-5.11744
-5.12239
-5.12146
-5.11592
-5.10718
-5.09678
-5.08596
-5.07599
-5.06897
-5.06371
-5.0628
-5.06483
-5.07061
-5.08242
-5.09931
-5.11926
-5.1397
-5.15936
-5.17676
-5.19352
-5.20535
-5.21302
-5.21625
-5.2157
-5.21007
-5.1997
-5.18391
-5.1606
-5.12993
-5.0974
-5.06219
-5.0282
-4.99888
-4.97443
-4.95812
-4.94951
-4.94515
-4.94412
-4.94675
-4.95083
-4.9545
-4.96079
-4.96964
-4.97874
-4.98936
-4.9974
-5.00072
-5.00032
-4.99656
-4.99087
-4.98387
-4.97915
-4.97492
-4.97355
-4.97602
-4.97799
-4.98117
-4.98433
-4.98772
-4.99091
-4.9928
-4.99293
-4.99431
-4.99376
-4.99455
-4.99514
-5.00037
-5.01383
-5.03478
-5.06283
-5.09497
-5.13055
-5.16776
-5.202
-5.23333
-5.25814
-5.27442
-5.28216
-5.27639
-5.25783
-5.22761
-5.18609
-5.13761
-5.08746
-5.04372
-5.01227
-4.99659
-4.99763
-5.00822
-5.02331
-5.04109
-5.06053
-5.0808
-5.10135
-5.12241
-5.1423
-5.15896
-5.17135
-5.17815
-5.17585
-5.16526
-5.14793
-5.12565
-5.10385
-5.08747
-5.07938
-5.07757
-5.07965
-5.08255
-5.08043
-5.07313
-5.06028
-5.04115
-5.02089
-5.0019
-4.98656
-4.97644
-4.97247
-4.97523
-4.98144
-4.98778
-4.99617
-5.0048
-5.01553
-5.02839
-5.04222
-5.05698
-5.06956
-5.07644
-5.07832
-5.07413
-5.06515
-5.05359
-5.04119
-5.02843
-5.01935
-5.01542
-5.0198
-5.03124
-5.05223
-5.07591
-5.09736
-5.10992
-5.11115
-5.10058
-5.08242
-5.06453
-5.05222
-5.05047
-5.05848
-5.07176
-5.08765
-5.09983
-5.10655
-5.10654
-5.09728
-5.0804
-5.05708
-5.02678
-4.99353
-4.96012
-4.92848
-4.90256
-4.88803
-4.88595
-4.89415
-4.91081
-4.93472
-4.96369
-4.99489
-5.02985
-5.06303
-5.09303
-5.11332
-5.12362
-5.12364
-5.11678
-5.1055
-5.09329
-5.0793
-5.0649
-5.05012
-5.03163
-5.01199
-4.99412
-4.98277
-4.98125
-4.99048
-5.007
-5.02939
-5.05207
-5.07371
-5.09153
-5.10276
-5.10719
-5.104
-5.09384
-5.07757
-5.05943
-5.04117
-5.02772
-5.0194
-5.01847
-5.02148
-5.02631
-5.03219
-5.03719
-5.04037
-5.04125
-5.03955
-5.0357
-5.0296
-5.01978
-5.00731
-4.99436
-4.98332
-4.97392
-4.97032
-4.97378
-4.98325
-5.00085
-5.02616
-5.05742
-5.09111
-5.1185
-5.13723
-5.14148
-5.13387
-5.11222
-5.08977
-5.07055
-5.056
-5.04727
-5.03937
-5.03041
-5.02057
-5.00785
-4.99408
-4.97687
-4.95291
-4.92622
-4.89568
-4.86463
-4.83748
-4.81475
-4.79796
-4.78776
-4.78397
-4.79138
-4.81087
-4.84311
-4.88379
-4.92692
-4.96806
-5.00447
-5.03442
-5.05632
-5.07211
-5.08337
-5.09064
-5.09553
-5.09793
-5.10079
-5.10293
-5.1031
-5.09936
-5.08822
-5.07193
-5.04786
-5.02145
-4.9921
-4.96488
-4.94021
-4.9232
-4.91609
-4.92016
-4.93413
-4.95419
-4.97663
-4.99704
-5.01216
-5.02337
-5.03066
-5.03708
-5.04632
-5.05735
-5.07059
-5.08356
-5.09533
-5.10004
-5.09881
-5.08993
-5.07579
-5.05751
-5.0389
-5.02473
-5.01672
-5.01355
-5.01466
-5.017
-5.01812
-5.01595
-5.01139
-5.00617
-5.00194
-5.00185
-5.00586
-5.01488
-5.02537
-5.03423
-5.03946
-5.04077
-5.03558
-5.02621
-5.0145
-5.00591
-5.00308
-5.00623
-5.0158
-5.02861
-5.043
-5.0546
-5.06123
-5.06446
-5.0615
-5.05489
-5.04584
-5.0356
-5.02272
-5.00917
-4.99441
-4.97922
-4.96224
-4.94486
-4.93061
-4.92188
-4.91823
-4.9229
-4.93203
-4.94362
-4.95265
-4.96031
-4.96685
-4.97319
-4.97863
-4.98452
-4.99126
-4.99818
-5.00647
-5.01587
-5.02746
-5.0395
-5.05368
-5.0669
-5.08089
-5.09405
-5.10691
-5.1154
-5.12298
-5.12602
-5.12364
-5.11767
-5.11047
-5.10178
-5.09534
-5.09109
-5.09047
-5.08953
-5.08881
-5.08881
-5.0838
-5.07227
-5.053
-5.02655
-4.99236
-4.95775
-4.92662
-4.90436
-4.89375
-4.8957
-4.90685
-4.92031
-4.92954
-4.93108
-4.92438
-4.91299
-4.90185
-4.89377
-4.88924
-4.88648
-4.88535
-4.88611
-4.88922
-4.89588
-4.90703
-4.9255
-4.9497
-4.97453
-4.99998
-5.02223
-5.03541
-5.04205
-5.04054
-5.0278
-5.00971
-4.98651
-4.96271
-4.94406
-4.9285
-4.91816
-4.91118
-4.90625
-4.90232
-4.89782
-4.89013
-4.87896
-4.86467
-4.85118
-4.84522
-4.85038
-4.86796
-4.89361
-4.92251
-4.9497
-4.97094
-4.98332
-4.98761
-4.9854
