-4.71445
-4.71412
-4.71378
-4.7134
-4.71192
-4.70931
-4.70557
-4.70115
-4.6977
-4.69495
-4.69217
-4.68913
-4.68878
-4.68773
-4.68716
-4.68666
-4.68794
-4.68957
-4.6913
-4.69329
-4.69449
-4.69675
-4.69863
-4.69829
-4.69997
-4.7005
-4.70038
-4.70072
-4.7005
-4.70052
-4.70054
-4.70089
-4.70174
-4.70219
-4.7024
-4.70217
-4.7015
-4.70035
-4.69976
-4.70033
-4.6995
-4.7
-4.69899
-4.69863
-4.69865
-4.6983
-4.69881
-4.69806
-4.69784
-4.69813
-4.69921
-4.69955
-4.70002
-4.70061
-4.70159
-4.70219
-4.70256
-4.70284
-4.7032
-4.70303
-4.70177
-4.70155
-4.7018
-4.70208
-4.70167
-4.70162
-4.70087
-4.70048
-4.70027
-4.69996
-4.69997
-4.69954
-4.70045
-4.70073
-4.70094
-4.70139
-4.70163
-4.70108
-4.70188
-4.70148
-4.70126
-4.70123
-4.70138
-4.70065
-4.70098
-4.6998
-4.69981
-4.69949
-4.6993
-4.69893
-4.69822
-4.69781
-4.69723
-4.69651
-4.69703
-4.69896
-4.69896
-4.69901
-4.69895
-4.69904
-3.93465
-3.93496
-3.93404
-3.93284
-3.93321
-3.93161
-3.93129
-3.93072
-3.93042
-3.93027
-3.92897
-3.92896
-3.92912
-3.92986
-3.92975
-3.93018
-3.93079
-3.93282
-3.93384
-3.93444
-3.93364
-3.93346
-3.93329
-3.93239
-3.93256
-3.93309
-3.93385
-3.93478
-3.93548
-3.93569
-3.93653
-3.93736
-3.93705
-3.93694
-3.93708
-3.93616
-3.93553
-3.93548
-3.93564
-3.93511
-3.93624
-3.93666
-3.93677
-3.93704
-3.93675
-3.93744
-3.9376
-3.93781
-3.93863
-3.93924
-3.93836
-3.93854
-3.93886
-3.93784
-3.93777
-3.93797
-3.93742
-3.93766
-3.93766
-3.93772
-3.93782
-3.93717
-3.93683
-3.93636
-3.93577
-3.93451
-3.93353
-3.9342
-3.93528
-3.93578
-3.93591
-3.93653
-3.9363
-3.93766
-3.93733
-3.93744
-3.93632
-3.93627
-3.93673
-3.93613
-3.93649
-3.93658
-3.9375
-3.9385
-3.93959
-3.93905
-3.93873
-3.93855
-3.9377
-3.93745
-3.93707
-3.93733
-3.93669
-3.9359
-3.93541
-3.93494
-3.93511
-3.93425
-3.93493
-3.93488
-3.59727
-3.59716
-3.59716
-3.59725
-3.59741
-3.59898
-3.59909
-3.59919
-3.59959
-3.59952
-3.59996
-3.60034
-3.6006
-3.60024
-3.60036
-3.60064
-3.59983
-3.59864
-3.59841
-3.59895
-3.59872
-3.5983
-3.59829
-3.59782
-3.59804
-3.5973
-3.59656
-3.59599
-3.59629
-3.59662
-3.59751
-3.59948
-3.60131
-3.60276
-3.60257
-3.60283
-3.60299
-3.60265
-3.60233
-3.60252
-3.60205
-3.60142
-3.60067
-3.59984
-3.60002
-3.59985
-3.60102
-3.60032
-3.60045
-3.60106
-3.60195
-3.60234
-3.60178
-3.60196
-3.60259
-3.60294
-3.60373
-3.60323
-3.604
-3.6027
-3.60266
-3.60274
-3.60332
-3.60267
-3.60228
-3.6024
-3.60229
-3.60314
-3.6039
-3.60488
-3.60504
-3.60458
-3.60396
-3.60325
-3.60158
-3.60056
-3.59944
-3.59923
-3.59916
-3.59925
-3.59958
-3.60017
-3.60092
-3.60174
-3.60209
-3.60067
-3.60057
-3.59944
-3.5986
-3.59869
-3.59836
-3.59892
-3.59961
-3.59906
-3.59917
-3.59862
-3.59894
-3.59959
-3.59946
-3.59993
-3.46741
-3.46626
-3.46616
-3.46698
-3.46691
-3.46736
-3.46712
-3.46643
-3.46705
-3.46544
-3.46568
-3.46518
-3.46568
-3.465
-3.46525
-3.46389
-3.46383
-3.46167
-3.46065
-3.45952
-3.46073
-3.46111
-3.46148
-3.46275
-3.46545
-3.46556
-3.46676
-3.46721
-3.46749
-3.46731
-3.4661
-3.46472
-3.46309
-3.46337
-3.46215
-3.46217
-3.46173
-3.46297
-3.46265
-3.46325
-3.46399
-3.46442
-3.46516
-3.46674
-3.46841
-3.46802
-3.46825
-3.46781
-3.46767
-3.46705
-3.46655
-3.46638
-3.46625
-3.46584
-3.46661
-3.46671
-3.46554
-3.46479
-3.46365
-3.46328
-3.46317
-3.46413
-3.46459
-3.46575
-3.46663
-3.46647
-3.46628
-3.46629
-3.46509
-3.46403
-3.4635
-3.46387
-3.46395
-3.46539
-3.46619
-3.46602
-3.46666
-3.46702
-3.46707
-3.46691
-3.46755
-3.46804
-3.46774
-3.4668
-3.46677
-3.46725
-3.46704
-3.46592
-3.46679
-3.46746
-3.46767
-3.46732
-3.46706
-3.46554
-3.46469
-3.46396
-3.46391
-3.46477
-3.46501
-3.46425
-3.38688
-3.388
-3.38906
-3.38908
-3.3897
-3.38846
-3.38813
-3.38681
-3.38679
-3.38684
-3.38769
-3.38992
-3.39136
-3.39206
-3.39284
-3.3919
-3.39024
-3.3892
-3.38765
-3.38659
-3.38577
-3.3848
-3.38556
-3.38545
-3.38557
-3.38691
-3.387
-3.38695
-3.38724
-3.38665
-3.38708
-3.38721
-3.38593
-3.38533
-3.38498
-3.38355
-3.38278
-3.38307
-3.38306
-3.38342
-3.38302
-3.38436
-3.3865
-3.38664
-3.38654
-3.38723
-3.38603
-3.38416
-3.38357
-3.38211
-3.38267
-3.38322
-3.38408
-3.38506
-3.38573
-3.38595
-3.38659
-3.38619
-3.3859
-3.3858
-3.3862
-3.38772
-3.38795
-3.38889
-3.38885
-3.38819
-3.388
-3.38755
-3.38765
-3.38695
-3.38537
-3.38445
-3.38411
-3.38318
-3.38291
-3.38357
-3.38491
-3.38681
-3.38788
-3.38931
-3.39134
-3.39174
-3.39031
-3.39123
-3.391
-3.39057
-3.38931
-3.39006
-3.38916
-3.38832
-3.38865
-3.38886
-3.38785
-3.38777
-3.38838
-3.38992
-3.38871
-3.38848
-3.38813
-3.38799
-3.36657
-3.36773
-3.36809
-3.36802
-3.36784
-3.36842
-3.36785
-3.36772
-3.36695
-3.36703
-3.36605
-3.36573
-3.36549
-3.3669
-3.36877
-3.36949
-3.36985
-3.37036
-3.3704
-3.37062
-3.37008
-3.37025
-3.37129
-3.37164
-3.37205
-3.3713
-3.3707
-3.36878
-3.3682
-3.36722
-3.36658
-3.36688
-3.36826
-3.36897
-3.36866
-3.36889
-3.36859
-3.36843
-3.36832
-3.36728
-3.36689
-3.36708
-3.3667
-3.36636
-3.36712
-3.36835
-3.36823
-3.36839
-3.36796
-3.36716
-3.36582
-3.36544
-3.36582
-3.36809
-3.36906
-3.37058
-3.37093
-3.37085
-3.37026
-3.3698
-3.36963
-3.3683
-3.36743
-3.36581
-3.36573
-3.3646
-3.3649
-3.36481
-3.36502
-3.36565
-3.36665
-3.36857
-3.37003
-3.37081
-3.37162
-3.37261
-3.37193
-3.3714
-3.3711
-3.3718
-3.37089
-3.37089
-3.36848
-3.36785
-3.36718
-3.36741
-3.36644
-3.36769
-3.36957
-3.37078
-3.37234
-3.37382
-3.3737
-3.37247
-3.37209
-3.37082
-3.36918
-3.3687
-3.36778
-3.36791
-3.45014
-3.45008
-3.4512
-3.45039
-3.45035
-3.44938
-3.44961
-3.44925
-3.44879
-3.4486
-3.44889
-3.44911
-3.44945
-3.44991
-3.44984
-3.45069
-3.44934
-3.44909
-3.44823
-3.44683
-3.44632
-3.44588
-3.44633
-3.44705
-3.44678
-3.44741
-3.44606
-3.44639
-3.44607
-3.44536
-3.44614
-3.44793
-3.44893
-3.45007
-3.44993
-3.44984
-3.45002
-3.44976
-3.44996
-3.44995
-3.44973
-3.44877
-3.44897
-3.44841
-3.44717
-3.4463
-3.44528
-3.44451
-3.44649
-3.44696
-3.44729
-3.44759
-3.44716
-3.44702
-3.44634
-3.44551
-3.44507
-3.44394
-3.44359
-3.44331
-3.44347
-3.44307
-3.44365
-3.44463
-3.44478
-3.44422
-3.44456
-3.44275
-3.44338
-3.44262
-3.44203
-3.44258
-3.44319
-3.44411
-3.44432
-3.44436
-3.44391
-3.44561
-3.44682
-3.4471
-3.44813
-3.44756
-3.4475
-3.44687
-3.44556
-3.44484
-3.44463
-3.44534
-3.44531
-3.44747
-3.44815
-3.44977
-3.44982
-3.44999
-3.44939
-3.44911
-3.448
-3.44715
-3.44576
-3.44611
-3.41198
-3.41323
-3.41379
-3.41432
-3.41462
-3.41374
-3.41393
-3.41321
-3.41202
-3.41001
-3.40981
-3.40768
-3.40757
-3.40687
-3.40795
-3.40925
-3.41102
-3.4141
-3.41598
-3.41638
-3.41619
-3.41537
-3.41484
-3.41356
-3.41256
-3.41146
-3.41239
-3.4126
-3.41447
-3.41418
-3.41382
-3.41243
-3.41166
-3.41084
-3.41007
-3.40926
-3.40992
-3.41003
-3.40917
-3.40848
-3.40901
-3.40864
-3.40974
-3.41095
-3.41131
-3.4126
-3.41291
-3.41261
-3.41211
-3.41205
-3.41227
-3.41102
-3.41042
-3.41103
-3.41066
-3.41014
-3.40855
-3.40804
-3.40702
-3.40679
-3.40528
-3.40482
-3.4043
-3.40461
-3.40464
-3.40588
-3.40632
-3.40806
-3.40913
-3.41113
-3.41233
-3.41288
-3.41443
-3.41478
-3.41553
-3.414
-3.41411
-3.41282
-3.41164
-3.41187
-3.41239
-3.41288
-3.41338
-3.41384
-3.41499
-3.41476
-3.41361
-3.41192
-3.41085
-3.41083
-3.40895
-3.40849
-3.40848
-3.40852
-3.40927
-3.40981
-3.41109
-3.41246
-3.41309
-3.41359
-3.23337
-3.23353
-3.23317
-3.23178
-3.23209
-3.23269
-3.23172
-3.23108
-3.23201
-3.23178
-3.23103
-3.2305
-3.23057
-3.22849
-3.22741
-3.22726
-3.22747
-3.22925
-3.22926
-3.22943
-3.22944
-3.23042
-3.23089
-3.23236
-3.23227
-3.2324
-3.23084
-3.2306
-3.22962
-3.22872
-3.22816
-3.22694
-3.22721
-3.22813
-3.22886
-3.22939
-3.22922
-3.23003
-3.22993
-3.22924
-3.22939
-3.22829
-3.22733
-3.22574
-3.22673
-3.22667
-3.22688
-3.22736
-3.22759
-3.22768
-3.22722
-3.22791
-3.22753
-3.22745
-3.22744
-3.22658
-3.2262
-3.2246
-3.22448
-3.22512
-3.22526
-3.22591
-3.22757
-3.22994
-3.23102
-3.23122
-3.23241
-3.23313
-3.23385
-3.23399
-3.23384
-3.2345
-3.23263
-3.23155
-3.23051
-3.22984
-3.22921
-3.22873
-3.22925
-3.22976
-3.22976
-3.23067
-3.23085
-3.23073
-3.23101
-3.23039
-3.2305
-3.22987
-3.2292
-3.23006
-3.22997
-3.22964
-3.22831
-3.22806
-3.22802
-3.22767
-3.22768
-3.2285
-3.22804
-3.22862
-3.26015
-3.26048
-3.2621
-3.26201
-3.26322
-3.26393
-3.26375
-3.26317
-3.26272
-3.26196
-3.26196
-3.26078
-3.26038
-3.25949
-3.26022
-3.2612
-3.26018
-3.26042
-3.26096
-3.25998
-3.25881
-3.25807
-3.25832
-3.25733
-3.25744
-3.2562
-3.25626
-3.25678
-3.25758
-3.25829
-3.25964
-3.2601
-3.26028
-3.26008
-3.25907
-3.25984
-3.26004
-3.26156
-3.26198
-3.26223
-3.26251
-3.26363
-3.26476
-3.26617
-3.26567
-3.26543
-3.26405
-3.26325
-3.26332
-3.26276
-3.26316
-3.26234
-3.26216
-3.26202
-3.2616
-3.26037
-3.25907
-3.25753
-3.25698
-3.25706
-3.25705
-3.25715
-3.25816
-3.25984
-3.25855
-3.25784
-3.25772
-3.25768
-3.25653
-3.25683
-3.25849
-3.26075
-3.26161
-3.26158
-3.26153
-3.26094
-3.25979
-3.25912
-3.25839
-3.25875
-3.25877
-3.25904
-3.25891
-3.25846
-3.25846
-3.25854
-3.259
-3.25955
-3.25971
-3.26035
-3.26078
-3.25994
-3.25888
-3.25772
-3.25695
-3.25661
-3.25754
-3.25777
-3.25845
-3.25923
-3.31649
-3.31671
-3.31576
-3.31662
-3.3159
-3.31567
-3.31519
-3.31524
-3.31568
-3.31559
-3.31676
-3.31718
-3.31752
-3.31707
-3.31779
-3.31723
-3.31644
-3.31572
-3.31555
-3.31635
-3.31664
-3.31772
-3.31786
-3.31743
-3.31732
-3.31784
-3.31678
-3.3171
-3.31617
-3.31717
-3.3172
-3.31751
-3.31785
-3.31806
-3.31746
-3.31756
-3.31746
-3.31736
-3.31838
-3.31987
-3.31964
-3.32004
-3.3199
-3.31954
-3.31993
-3.31968
-3.31982
-3.32053
-3.32047
-3.32051
-3.32046
-3.31891
-3.31692
-3.31509
-3.31265
-3.3115
-3.31299
-3.31487
-3.31595
-3.3169
-3.3161
-3.31493
-3.31389
-3.31368
-3.31353
-3.31521
-3.31634
-3.31697
-3.31823
-3.31855
-3.31804
-3.31808
-3.31894
-3.31806
-3.31811
-3.31869
-3.31977
-3.32001
-3.31845
-3.31849
-3.31842
-3.31884
-3.31888
-3.31896
-3.3201
-3.31926
-3.31776
-3.31685
-3.31613
-3.31681
-3.31827
-3.31753
-3.31755
-3.31781
-3.31817
-3.31804
-3.31693
-3.31624
-3.31581
-3.31545
-3.35375
-3.35477
-3.35604
-3.35627
-3.35589
-3.35542
-3.35544
-3.35612
-3.35714
-3.35761
-3.35719
-3.35744
-3.35837
-3.35803
-3.35839
-3.35873
-3.3592
-3.36016
-3.3616
-3.36227
-3.36311
-3.36262
-3.3616
-3.36022
-3.36008
-3.35812
-3.358
-3.35602
-3.35557
-3.35542
-3.35584
-3.3557
-3.35489
-3.35386
-3.35381
-3.35364
-3.35407
-3.35453
-3.3545
-3.35576
-3.35535
-3.35431
-3.35393
-3.35413
-3.35501
-3.35571
-3.35556
-3.35619
-3.35542
-3.35553
-3.35551
-3.35581
-3.35541
-3.35393
-3.35265
-3.35122
-3.35079
-3.3508
-3.35093
-3.35241
-3.3543
-3.35576
-3.3569
-3.35846
-3.35886
-3.35797
-3.358
-3.35807
-3.35921
-3.35895
-3.35892
-3.35874
-3.35834
-3.35786
-3.35721
-3.35625
-3.35511
-3.35422
-3.35375
-3.35371
-3.35498
-3.35556
-3.35742
-3.35844
-3.35864
-3.35975
-3.36122
-3.36237
-3.36243
-3.36187
-3.36073
-3.36175
-3.36151
-3.36123
-3.36081
-3.36084
-3.36009
-3.35928
-3.35853
-3.35665
-3.50645
-3.50596
-3.50512
-3.5049
-3.50558
-3.50492
-3.50519
-3.5064
-3.50654
-3.50637
-3.50759
-3.50879
-3.50818
-3.5084
-3.50892
-3.50783
-3.50803
-3.50771
-3.50652
-3.50596
-3.50566
-3.50567
-3.50508
-3.50612
-3.50588
-3.50613
-3.50785
-3.50736
-3.50738
-3.5075
-3.50822
-3.50897
-3.5085
-3.50662
-3.50695
-3.50668
-3.50837
-3.5085
-3.50908
-3.51107
-3.51247
-3.51357
-3.51337
-3.51369
-3.51487
-3.5142
-3.51376
-3.51232
-3.51033
-3.50998
-3.50783
-3.50551
-3.50401
-3.50228
-3.50145
-3.50143
-3.50307
-3.50503
-3.50642
-3.50883
-3.50965
-3.50909
-3.50892
-3.50945
-3.50999
-3.51004
-3.51045
-3.51072
-3.51037
-3.51013
-3.51048
-3.50937
-3.50825
-3.50791
-3.50737
-3.50735
-3.50776
-3.5087
-3.50894
-3.5094
-3.51072
-3.51013
-3.50942
-3.50887
-3.50696
-3.50669
-3.50735
-3.50816
-3.50835
-3.50822
-3.50928
-3.51014
-3.50934
-3.50985
-3.50981
-3.51031
-3.51083
-3.51062
-3.51127
-3.5116
-3.41968
-3.4196
-3.41865
-3.41749
-3.4171
-3.41737
-3.41651
-3.41633
-3.41619
-3.4173
-3.41696
-3.41821
-3.418
-3.41772
-3.4168
-3.41633
-3.41563
-3.41504
-3.41578
-3.41621
-3.41726
-3.41838
-3.41847
-3.41932
-3.41875
-3.41809
-3.41792
-3.4165
-3.41543
-3.41522
-3.41397
-3.41359
-3.41397
-3.41366
-3.41296
-3.4142
-3.4163
-3.41708
-3.41681
-3.41718
-3.41804
-3.41745
-3.41818
-3.41747
-3.41802
-3.41705
-3.41631
-3.41525
-3.41509
-3.41511
-3.41582
-3.4149
-3.41416
-3.41509
-3.41527
-3.41615
-3.41716
-3.41847
-3.41984
-3.42143
-3.42167
-3.42246
-3.42171
-3.42114
-3.4205
-3.41907
-3.41813
-3.4175
-3.41729
-3.41657
-3.41677
-3.41639
-3.41732
-3.41779
-3.41944
-3.41985
-3.4191
-3.41889
-3.41902
-3.41927
-3.41922
-3.41856
-3.41801
-3.418
-3.4174
-3.41675
-3.41675
-3.41771
-3.41735
-3.41819
-3.4202
-3.42112
-3.42211
-3.4227
-3.42298
-3.42364
-3.42174
-3.42055
-3.41807
-3.41768
-3.4808
-3.48114
-3.48182
-3.4812
-3.48166
-3.48136
-3.48064
-3.48034
-3.47879
-3.47863
-3.47879
-3.47706
-3.47753
-3.47762
-3.47788
-3.4795
-3.48054
-3.48134
-3.48205
-3.48141
-3.48208
-3.48287
-3.48441
-3.48536
-3.48484
-3.48371
-3.48306
-3.48293
-3.48182
-3.48067
-3.47993
-3.47914
-3.47891
-3.4779
-3.47788
-3.47749
-3.47689
-3.47651
-3.47478
-3.47459
-3.47256
-3.47254
-3.47184
-3.47294
-3.47316
-3.47418
-3.47527
-3.4765
-3.47779
-3.47866
-3.47971
-3.48043
-3.47996
-3.48016
-3.47966
-3.47911
-3.47981
-3.4795
-3.47904
-3.47801
-3.47835
-3.47694
-3.47678
-3.47652
-3.47724
-3.47724
-3.4767
-3.47705
-3.47795
-3.47799
-3.47839
-3.47882
-3.47934
-3.47934
-3.4796
-3.48023
-3.48037
-3.48083
-3.48055
-3.48116
-3.48135
-3.48081
-3.48006
-3.48042
-3.47975
-3.47941
-3.47878
-3.47975
-3.48132
-3.48174
-3.48211
-3.48199
-3.48308
-3.48366
-3.48308
-3.48353
-3.4822
-3.48111
-3.48044
-3.48007
-3.3841
-3.38326
-3.38235
-3.38277
-3.38298
-3.3828
-3.38321
-3.38398
-3.38316
-3.38418
-3.38497
-3.3861
-3.38492
-3.38398
-3.38369
-3.38423
-3.3841
-3.38413
-3.38463
-3.38472
-3.38502
-3.38474
-3.3849
-3.38423
-3.38516
-3.38514
-3.38616
-3.38685
-3.38822
-3.38707
-3.38793
-3.38811
-3.38722
-3.38673
-3.38764
-3.38756
-3.38823
-3.38863
-3.39035
-3.39002
-3.38912
-3.38981
-3.389
-3.38795
-3.38713
-3.38702
-3.38509
-3.38497
-3.38555
-3.38691
-3.38791
-3.38889
-3.38995
-3.39034
-3.38975
-3.38864
-3.38705
-3.38599
-3.38626
-3.38708
-3.38759
-3.38689
-3.38651
-3.38736
-3.38885
-3.38997
-3.38971
-3.39032
-3.39133
-3.39023
-3.39029
-3.39096
-3.389
-3.38872
-3.38932
-3.38745
-3.38746
-3.38676
-3.38615
-3.38779
-3.38757
-3.38756
-3.38723
-3.3869
-3.3869
-3.38692
-3.38586
-3.38475
-3.38352
-3.38278
-3.38368
-3.38477
-3.38604
-3.38621
-3.3861
-3.38625
-3.38642
-3.38573
-3.38524
-3.3854
