1.09914
1.09618
1.09103
1.08348
1.07324
1.05997
1.04319
1.0224
0.997043
0.966642
0.930892
0.889808
0.843864
0.794144
0.742394
0.690966
0.64253
0.599708
0.56458
0.538377
0.521366
0.512941
0.511868
0.516545
0.52525
0.536335
0.548338
0.560072
0.570672
0.579604
0.586644
0.591858
0.595501
0.597944
0.599546
0.600582
0.601153
0.601209
0.600533
0.598805
0.595698
0.590965
0.584536
0.576543
0.567354
0.557528
0.547725
0.538599
0.530745
0.524621
0.520552
0.51871
0.519085
0.521506
0.525646
0.531057
0.537216
0.543561
0.549545
0.554674
0.558569
0.561025
0.562043
0.561801
0.560607
0.558863
0.556967
0.555281
0.554101
0.553686
0.554257
0.555957
0.558802
0.562618
0.567063
0.571718
0.57615
0.580055
0.583276
0.585809
0.587787
0.589422
0.590938
0.592527
0.594299
0.59628
0.598399
0.600516
0.602455
0.604011
0.605004
0.605281
0.604758
0.603444
0.601457
0.599031
0.596471
0.594092
0.59216
0.590831
1.09686
1.0898
1.07871
1.06354
1.04454
1.02237
0.99824
0.973613
0.949662
0.926799
0.904672
0.88268
0.860619
0.83896
0.818819
0.801677
0.788977
0.781625
0.779544
0.781502
0.785403
0.789081
0.791042
0.790883
0.789178
0.787211
0.786491
0.788375
0.793694
0.802598
0.814606
0.82875
0.843679
0.857804
0.869548
0.877661
0.881567
0.881581
0.878833
0.874834
0.87083
0.867478
0.8649
0.863075
0.862153
0.862509
0.864656
0.869067
0.875954
0.885132
0.89599
0.907589
0.918866
0.928835
0.936712
0.942009
0.944589
0.94459
0.942355
0.938294
0.932741
0.92588
0.917779
0.908446
0.89803
0.886938
0.875883
0.86579
0.857508
0.851511
0.84767
0.845376
0.843875
0.842592
0.84121
0.839599
0.837669
0.835345
0.832812
0.830727
0.830274
0.832807
0.839288
0.849768
0.863282
0.878219
0.892847
0.905803
0.916296
0.924093
0.929275
0.932068
0.93261
0.930899
0.926907
0.920695
0.912454
0.902417
0.890779
0.877687
1.08287
1.06155
1.03825
1.01468
0.992407
0.972804
0.957249
0.946947
0.942433
0.943165
0.947726
0.954519
0.962418
0.970971
0.980223
0.990318
1.00121
1.01253
1.02368
1.03389
1.04219
1.04739
1.04819
1.04336
1.03208
1.0144
0.991592
0.966224
0.941831
0.922008
0.909313
0.904748
0.907937
0.917639
0.932139
0.949458
0.967722
0.985395
1.00138
1.01492
1.02555
1.03301
1.03733
1.03884
1.03813
1.03593
1.033
1.0301
1.02784
1.02655
1.02628
1.02675
1.02765
1.02876
1.03006
1.03164
1.03348
1.03534
1.03666
1.03674
1.03485
1.03055
1.02386
1.01532
1.0062
0.998542
0.994856
0.99724
1.00622
1.02025
1.03623
1.05076
1.06115
1.06603
1.06539
1.06022
1.05189
1.04164
1.03042
1.01917
1.00921
1.00228
0.999856
1.00231
1.00833
1.01543
1.02101
1.02341
1.02262
1.02017
1.01838
1.01901
1.02198
1.02553
1.02758
1.02704
1.02416
1.01992
1.01538
1.01143
1.09663
1.09478
1.09583
1.10037
1.10801
1.11749
1.12723
1.13591
1.14281
1.14785
1.15135
1.15353
1.15425
1.15291
1.14866
1.14068
1.12848
1.11189
1.09118
1.06718
1.04171
1.01775
0.999184
0.98964
0.990998
1.0025
1.02116
1.04296
1.06419
1.08221
1.09557
1.10377
1.10691
1.10549
1.10037
1.09273
1.08368
1.07381
1.06302
1.05107
1.03843
1.02653
1.01744
1.01308
1.01458
1.02199
1.03406
1.04856
1.06318
1.07624
1.08703
1.09554
1.10204
1.10675
1.10966
1.11048
1.10874
1.10412
1.09665
1.08704
1.07673
1.06767
1.06183
1.06044
1.06346
1.06954
1.07656
1.08248
1.08594
1.08635
1.08389
1.07932
1.07366
1.068
1.06326
1.06013
1.05907
1.06036
1.06406
1.06996
1.07751
1.08584
1.09386
1.10033
1.10409
1.10425
1.10068
1.09448
1.08827
1.08517
1.0868
1.09178
1.09684
1.09895
1.09661
1.08986
1.07988
1.06848
1.05767
1.04915
1.09413
1.09061
1.08895
1.08748
1.08414
1.0772
1.06594
1.051
1.03443
1.01927
1.00901
1.00657
1.01306
1.02703
1.0447
1.0614
1.07341
1.07887
1.07761
1.07056
1.05914
1.04517
1.03089
1.01871
1.01063
1.00751
1.00881
1.01288
1.01777
1.02212
1.0254
1.02754
1.02839
1.02755
1.02456
1.01913
1.01132
1.00182
0.992104
0.984421
0.981116
0.983638
0.991453
1.00197
1.01214
1.02017
1.02588
1.02991
1.03284
1.03496
1.03653
1.03819
1.04097
1.0459
1.05338
1.0629
1.07334
1.08356
1.09298
1.10155
1.10958
1.11743
1.12555
1.13453
1.145
1.15724
1.17077
1.18431
1.19581
1.20289
1.20338
1.19598
1.18068
1.15893
1.13343
1.10796
1.08698
1.07475
1.0741
1.08511
1.10496
1.12909
1.15288
1.17291
1.18758
1.19692
1.20203
1.20441
1.20529
1.20542
1.20492
1.20326
1.19947
1.19258
1.18188
1.16723
1.14906
1.12846
1.10729
1.08792
1.08491
1.07435
1.06942
1.06956
1.07394
1.08173
1.09171
1.10199
1.11032
1.11481
1.11468
1.11057
1.10441
1.09898
1.09695
1.09971
1.10674
1.11623
1.12651
1.13704
1.14842
1.16161
1.17699
1.19363
1.20944
1.22171
1.22796
1.22674
1.21802
1.20338
1.18565
1.16821
1.15386
1.14408
1.1388
1.13686
1.13676
1.13712
1.13706
1.13615
1.13443
1.13248
1.13133
1.13232
1.13631
1.14305
1.15109
1.15834
1.16277
1.1626
1.15672
1.14533
1.13106
1.11882
1.11348
1.11677
1.12702
1.14126
1.15685
1.17153
1.18321
1.18996
1.19033
1.1838
1.17098
1.15347
1.13358
1.11379
1.09636
1.08319
1.07592
1.07585
1.08364
1.09859
1.11854
1.14058
1.16213
1.18162
1.19834
1.21192
1.22182
1.22721
1.22712
1.22089
1.20867
1.19175
1.17266
1.15484
1.14187
1.13626
1.1386
1.1473
1.15922
1.17075
1.17891
1.18198
1.17977
1.17337
1.16469
1.15584
1.0931
1.08916
1.08882
1.0916
1.09664
1.10288
1.10924
1.11468
1.1184
1.11993
1.11921
1.11662
1.11288
1.10875
1.10491
1.10168
1.09885
1.09576
1.09153
1.08533
1.07673
1.06591
1.05355
1.04053
1.02751
1.01471
1.00204
0.989458
0.977339
0.966703
0.959207
0.956721
0.960623
0.970847
0.985583
1.00211
1.01837
1.03374
1.04884
1.06462
1.08128
1.0977
1.1117
1.12097
1.12415
1.12156
1.11546
1.10931
1.10626
1.10753
1.11215
1.11795
1.12284
1.12533
1.12456
1.12021
1.11253
1.10251
1.09194
1.08322
1.07864
1.07943
1.08505
1.09349
1.10223
1.10913
1.11276
1.11247
1.1082
1.10042
1.09008
1.0785
1.0672
1.05747
1.05005
1.04502
1.04214
1.04138
1.04319
1.04844
1.05764
1.07008
1.08362
1.09543
1.10326
1.1062
1.10489
1.10109
1.09697
1.09441
1.09436
1.09657
1.09989
1.10295
1.10461
1.10388
1.09996
1.09286
1.08411
1.07675
1.09718
1.10111
1.11184
1.12691
1.14285
1.15641
1.16515
1.16757
1.16306
1.15185
1.13474
1.11281
1.08734
1.06002
1.03328
1.01027
0.994369
0.988213
0.992337
1.00441
1.01993
1.03416
1.04381
1.04773
1.04685
1.0438
1.04206
1.04471
1.053
1.06579
1.08008
1.0926
1.10133
1.10609
1.10804
1.1083
1.10715
1.10407
1.09843
1.0901
1.07963
1.06848
1.05908
1.05431
1.05638
1.0657
1.08055
1.09805
1.11542
1.13091
1.14383
1.15428
1.16261
1.16903
1.17328
1.17463
1.17197
1.16434
1.15107
1.13211
1.10779
1.07884
1.04647
1.01268
0.980382
0.952737
0.932222
0.920068
0.916357
0.920431
0.9312
0.947379
0.96763
0.990291
1.0132
1.03407
1.05119
1.06381
1.07213
1.07716
1.08056
1.08427
1.08979
1.09762
1.10694
1.11591
1.12239
1.12446
1.12083
1.11096
1.09515
1.07447
1.05059
1.02567
1.00223
0.982976
0.9703
0.96556
0.968644
0.978145
1.11244
1.12564
1.13715
1.14583
1.15131
1.15417
1.15573
1.15744
1.16022
1.16393
1.16747
1.16928
1.16806
1.16312
1.15461
1.1434
1.13081
1.11827
1.10712
1.09855
1.09358
1.09295
1.09677
1.10418
1.11332
1.12169
1.12682
1.1269
1.12131
1.11079
1.09727
1.08326
1.0711
1.06243
1.05825
1.05924
1.06598
1.07852
1.09563
1.1148
1.13324
1.14896
1.16124
1.17048
1.17766
1.18386
1.19004
1.197
1.20531
1.21525
1.22656
1.23825
1.24856
1.25541
1.25693
1.25199
1.24031
1.22241
1.19963
1.17434
1.14996
1.13014
1.11759
1.1131
1.11572
1.12368
1.13531
1.14928
1.16458
1.18028
1.19546
1.20933
1.22118
1.23031
1.23593
1.23734
1.23435
1.22754
1.21824
1.20827
1.19945
1.1932
1.19017
1.18996
1.19134
1.19309
1.19459
1.19585
1.1969
1.19716
1.1955
1.1909
1.18316
1.17305
1.16193
1.15103
1.14106
1.13231
1.12518
1.12042
1.09841
1.10142
1.10995
1.12416
1.14327
1.16544
1.18801
1.20812
1.22329
1.23187
1.23328
1.22808
1.21796
1.20541
1.19327
1.18387
1.17802
1.17477
1.17214
1.16852
1.16323
1.15613
1.14696
1.13528
1.12107
1.105
1.08845
1.07327
1.06139
1.05454
1.05368
1.05811
1.06499
1.06993
1.06917
1.06212
1.05236
1.04535
1.04412
1.04779
1.05419
1.06219
1.07164
1.08258
1.09463
1.10683
1.11771
1.12584
1.13044
1.13179
1.13102
1.12937
1.12748
1.1251
1.12139
1.11565
1.10792
1.09916
1.09094
1.0847
1.08126
1.08071
1.08245
1.08518
1.08722
1.08712
1.08419
1.07861
1.07145
1.0648
1.06153
1.06433
1.07424
1.08973
1.1072
1.12258
1.13307
1.13782
1.13776
1.13486
1.13121
1.12815
1.12565
1.12272
1.11867
1.11421
1.11141
1.11253
1.11827
1.12694
1.13526
1.14014
1.14006
1.13545
1.12827
1.12128
1.11724
1.11813
1.12469
1.13626
1.11355
1.12934
1.14473
1.15831
1.16931
1.17759
1.18346
1.18737
1.18987
1.19149
1.19271
1.19375
1.19438
1.1937
1.19043
1.18359
1.17312
1.16002
1.14593
1.13241
1.12054
1.11077
1.10307
1.09699
1.0917
1.08626
1.07998
1.07269
1.0648
1.05712
1.0504
1.04488
1.0401
1.03516
1.02934
1.02272
1.01649
1.01253
1.01269
1.01779
1.02724
1.03939
1.0524
1.06516
1.07788
1.09196
1.10922
1.13048
1.15466
1.17898
1.19988
1.21401
1.21883
1.21322
1.19847
1.17892
1.16041
1.14727
1.14074
1.13926
1.139
1.13567
1.12724
1.11486
1.10162
1.09092
1.08514
1.08489
1.08908
1.0956
1.10247
1.10869
1.11431
1.11987
1.12573
1.13172
1.13725
1.14166
1.14463
1.14644
1.14808
1.15086
1.15578
1.16275
1.1704
1.17663
1.17953
1.17829
1.1735
1.16693
1.16086
1.15725
1.15691
1.15917
1.16213
1.1634
1.161
1.15401
1.1427
1.12818
1.08404
1.06741
1.05187
1.03781
1.02525
1.01432
1.00581
1.0011
1.00118
1.00548
1.01163
1.0167
1.01897
1.01894
1.01887
1.02115
1.02715
1.03778
1.05475
1.07996
1.11271
1.14852
1.18141
1.20674
1.22232
1.2282
1.22601
1.21822
1.20731
1.19497
1.18162
1.16674
1.14968
1.13038
1.10984
1.08996
1.0729
1.06037
1.05293
1.04974
1.04895
1.04879
1.04878
1.05006
1.05447
1.06277
1.07403
1.08649
1.09849
1.10885
1.11652
1.12059
1.12031
1.11526
1.10547
1.0916
1.07494
1.05727
1.04051
1.02651
1.01711
1.01388
1.01741
1.02708
1.04133
1.05849
1.07733
1.09702
1.11679
1.13557
1.15196
1.1646
1.17273
1.17635
1.17617
1.17311
1.16804
1.1617
1.15481
1.14819
1.14266
1.13877
1.13692
1.13759
1.14131
1.14845
1.15873
1.17126
1.18485
1.19833
1.21069
1.22117
1.22923
1.23452
1.23696
1.23658
1.23332
1.22694
1.21692
1.20264
1.08232
1.06096
1.03805
1.01554
0.995537
0.979673
0.968622
0.962075
0.959074
0.958502
0.959437
0.961365
0.964211
0.96826
0.973812
0.980604
0.987554
0.993125
0.996131
0.996239
0.993927
0.990131
0.985861
0.982026
0.979361
0.978278
0.97878
0.980416
0.982523
0.984558
0.98633
0.98796
0.989531
0.990873
0.991573
0.991392
0.99079
0.991094
0.994194
1.00184
1.01487
1.03284
1.0544
1.07791
1.10193
1.1252
1.14638
1.16388
1.17606
1.18146
1.17904
1.16822
1.14907
1.12254
1.09077
1.05735
1.0271
1.00483
0.993449
0.992532
0.999051
1.00948
1.02145
1.03405
1.04721
1.06087
1.07464
1.08772
1.09906
1.10748
1.11177
1.11099
1.10467
1.09335
1.07885
1.06434
1.05314
1.04712
1.04575
1.04684
1.04788
1.04687
1.04247
1.03428
1.02279
1.00947
0.99636
0.9856
0.978723
0.976171
0.977297
0.980866
0.985626
0.990879
0.996661
1.00347
1.01171
1.02107
1.03047
1.03864
1.10451
1.10581
1.10365
1.09844
1.09099
1.08255
1.07461
1.06868
1.06615
1.06833
1.07619
1.08935
1.10528
1.11976
1.12874
1.12988
1.1233
1.11159
1.09917
1.09067
1.0888
1.0934
1.10219
1.11222
1.12072
1.12564
1.12575
1.12052
1.10998
1.09457
1.0752
1.0533
1.03076
1.00988
0.993067
0.982558
0.979762
0.984716
0.996
1.01169
1.03044
1.05163
1.07445
1.09703
1.11668
1.13085
1.13821
1.13893
1.13446
1.12693
1.11831
1.1096
1.10049
1.09002
1.07757
1.0639
1.05131
1.04287
1.04094
1.04604
1.05689
1.07129
1.0869
1.10171
1.11402
1.12246
1.12603
1.12433
1.1177
1.10733
1.0951
1.08319
1.0736
1.06774
1.06602
1.06776
1.07147
1.07553
1.07878
1.08074
1.08135
1.08066
1.07846
1.0744
1.06825
1.06037
1.05174
1.04374
1.03772
1.03476
1.03572
1.04142
1.05249
1.06897
1.08962
1.11164
1.13118
1.14445
1.14894
1.14413
1.08761
1.07242
1.05915
1.04987
1.04374
1.03867
1.03318
1.02681
1.01937
1.0103
0.99872
0.983897
0.96579
0.945373
0.924498
0.905316
0.889476
0.877746
0.870474
0.868373
0.872867
0.885331
0.905796
0.932285
0.961387
0.98957
1.01428
1.03432
1.04967
1.06096
1.06896
1.07434
1.07775
1.08002
1.08194
1.08362
1.08414
1.0819
1.07562
1.06489
1.0502
1.03261
1.01351
0.994626
0.978029
0.966013
0.960545
0.962438
0.970895
0.983689
0.997946
1.01107
1.02146
1.02881
1.034
1.03865
1.04434
1.0519
1.06104
1.07037
1.07799
1.08206
1.08135
1.07561
1.0657
1.05352
1.04146
1.03179
1.02585
1.0237
1.02418
1.02546
1.02585
1.02441
1.02119
1.01729
1.01438
1.01401
1.01687
1.02248
1.02935
1.03561
1.0396
1.04023
1.03722
1.0312
1.02381
1.01744
1.01451
1.01633
1.02246
1.03108
1.03995
1.0473
1.0521
1.05395
1.05286
1.04919
1.0436
1.03702
1.09241
1.08394
1.0747
1.0643
1.05284
1.04137
1.0316
1.02527
1.02338
1.02581
1.03137
1.03835
1.04515
1.05088
1.05544
1.0593
1.06302
1.06693
1.07109
1.07564
1.08097
1.08742
1.09504
1.10351
1.11235
1.12117
1.12982
1.13814
1.14579
1.15222
1.1567
1.15861
1.15761
1.15396
1.14855
1.14282
1.13808
1.13497
1.13342
1.133
1.13312
1.13267
1.12987
1.12288
1.11058
1.09302
1.07151
1.04852
1.02738
1.01163
1.00389
1.00454
1.01127
1.01998
1.02653
1.02829
1.02489
1.018
1.0104
1.00446
1.0011
0.999725
0.999231
0.999165
1.00025
1.00394
1.01155
1.02346
1.03891
1.0562
1.07313
1.08751
1.09761
1.10222
1.10082
1.09357
1.0815
1.0665
1.05104
1.03751
1.02729
1.0204
1.01597
1.0129
1.01028
1.00727
1.00284
0.996141
0.987436
0.978937
0.974363
0.977073
0.98795
1.00493
1.02428
1.0423
1.05634
1.06506
1.06824
1.06667
