1.64872
1.64428
1.63654
1.62521
1.60987
1.58995
1.56478
1.5336
1.49556
1.44996
1.39634
1.33471
1.2658
1.19122
1.11359
1.03645
0.963795
0.899562
0.84687
0.807565
0.78205
0.769412
0.767802
0.774817
0.787875
0.804503
0.822508
0.840109
0.856008
0.869406
0.879966
0.887787
0.893251
0.896916
0.899319
0.900872
0.901729
0.901814
0.9008
0.898208
0.893547
0.886447
0.876805
0.864815
0.851031
0.836292
0.821587
0.807899
0.796118
0.786931
0.780828
0.778066
0.778627
0.782259
0.788469
0.796586
0.805825
0.815342
0.824318
0.83201
0.837854
0.841537
0.843065
0.842701
0.84091
0.838294
0.835451
0.832922
0.831151
0.830529
0.831386
0.833936
0.838204
0.843927
0.850595
0.857577
0.864226
0.870082
0.874914
0.878713
0.88168
0.884133
0.886407
0.88879
0.891449
0.89442
0.897598
0.900774
0.903682
0.906017
0.907506
0.907921
0.907136
0.905166
0.902186
0.898547
0.894707
0.891138
0.88824
0.886247
1.64529
1.63469
1.61807
1.59532
1.5668
1.53355
1.49736
1.46042
1.42449
1.3902
1.35701
1.32402
1.29093
1.25844
1.22823
1.20251
1.18347
1.17244
1.16932
1.17225
1.1781
1.18362
1.18656
1.18632
1.18377
1.18082
1.17974
1.18256
1.19054
1.2039
1.22191
1.24312
1.26552
1.28671
1.30432
1.31649
1.32235
1.32237
1.31825
1.31225
1.30624
1.30122
1.29735
1.29461
1.29323
1.29376
1.29698
1.3036
1.31393
1.3277
1.34399
1.36138
1.3783
1.39325
1.40507
1.41301
1.41688
1.41689
1.41353
1.40744
1.39911
1.38882
1.37667
1.36267
1.34705
1.33041
1.31382
1.29868
1.28626
1.27727
1.2715
1.26806
1.26581
1.26389
1.26181
1.2594
1.2565
1.25302
1.24922
1.24609
1.24541
1.24921
1.25893
1.27465
1.29492
1.31733
1.33927
1.3587
1.37444
1.38614
1.39391
1.3981
1.39892
1.39635
1.39036
1.38104
1.36868
1.35363
1.33617
1.31653
1.6243
1.59232
1.55737
1.52202
1.48861
1.45921
1.43587
1.42042
1.41365
1.41475
1.42159
1.43178
1.44363
1.45646
1.47034
1.48548
1.50181
1.5188
1.53553
1.55084
1.56329
1.57109
1.57229
1.56504
1.54812
1.52161
1.48739
1.44934
1.41275
1.38301
1.36397
1.35712
1.36191
1.37646
1.39821
1.42419
1.45158
1.47809
1.50207
1.52238
1.53832
1.54952
1.556
1.55826
1.5572
1.55389
1.5495
1.54515
1.54175
1.53983
1.53942
1.54013
1.54148
1.54314
1.54509
1.54745
1.55022
1.55301
1.55499
1.5551
1.55227
1.54583
1.53579
1.52298
1.5093
1.49781
1.49228
1.49586
1.50934
1.53037
1.55435
1.57614
1.59172
1.59905
1.59809
1.59033
1.57783
1.56246
1.54563
1.52875
1.51382
1.50342
1.49978
1.50346
1.5125
1.52315
1.53151
1.53512
1.53393
1.53025
1.52757
1.52852
1.53297
1.5383
1.54137
1.54056
1.53623
1.52988
1.52307
1.51714
1.64495
1.64217
1.64374
1.65055
1.66202
1.67624
1.69085
1.70387
1.71421
1.72178
1.72702
1.73029
1.73137
1.72937
1.72299
1.71102
1.69272
1.66784
1.63676
1.60077
1.56256
1.52663
1.49878
1.48446
1.4865
1.50375
1.53174
1.56443
1.59628
1.62331
1.64335
1.65566
1.66036
1.65823
1.65056
1.63909
1.62552
1.61071
1.59453
1.57661
1.55765
1.53979
1.52617
1.51961
1.52187
1.53299
1.55109
1.57285
1.59477
1.61435
1.63055
1.64332
1.65305
1.66012
1.66449
1.66571
1.66312
1.65618
1.64498
1.63055
1.61509
1.60151
1.59274
1.59066
1.59519
1.6043
1.61483
1.62373
1.62891
1.62952
1.62584
1.61897
1.61049
1.602
1.59489
1.59019
1.5886
1.59054
1.59609
1.60494
1.61627
1.62877
1.64079
1.6505
1.65613
1.65637
1.65102
1.64172
1.6324
1.62776
1.63019
1.63767
1.64526
1.64842
1.64491
1.63479
1.61983
1.60272
1.58651
1.57373
1.64119
1.63591
1.63342
1.63121
1.62621
1.61581
1.59891
1.57651
1.55165
1.52891
1.51352
1.50985
1.5196
1.54055
1.56704
1.59211
1.61012
1.6183
1.61641
1.60584
1.58871
1.56775
1.54633
1.52807
1.51595
1.51127
1.51322
1.51931
1.52666
1.53319
1.5381
1.54131
1.54259
1.54133
1.53684
1.52869
1.51698
1.50273
1.48816
1.47663
1.47167
1.47546
1.48718
1.50296
1.51821
1.53025
1.53882
1.54487
1.54926
1.55243
1.55479
1.55728
1.56145
1.56885
1.58007
1.59435
1.61
1.62534
1.63946
1.65233
1.66438
1.67615
1.68833
1.70179
1.7175
1.73585
1.75615
1.77646
1.79372
1.80433
1.80507
1.79397
1.77103
1.73839
1.70014
1.66194
1.63046
1.61213
1.61115
1.62766
1.65744
1.69364
1.72932
1.75937
1.78137
1.79538
1.80305
1.80661
1.80793
1.80814
1.80738
1.80488
1.79921
1.78886
1.77282
1.75085
1.72359
1.6927
1.66093
1.63187
1.62736
1.61152
1.60414
1.60433
1.61092
1.6226
1.63756
1.65298
1.66548
1.67221
1.67202
1.66585
1.65661
1.64847
1.64543
1.64957
1.66011
1.67435
1.68977
1.70556
1.72262
1.74242
1.76548
1.79044
1.81416
1.83256
1.84194
1.84011
1.82704
1.80506
1.77847
1.75231
1.73079
1.71612
1.70819
1.7053
1.70513
1.70568
1.70559
1.70422
1.70165
1.69871
1.697
1.69847
1.70446
1.71457
1.72663
1.73752
1.74415
1.74391
1.73507
1.718
1.69658
1.67824
1.67022
1.67516
1.69053
1.71189
1.73527
1.75729
1.77482
1.78494
1.7855
1.7757
1.75646
1.7302
1.70037
1.67068
1.64454
1.62479
1.61387
1.61377
1.62545
1.64789
1.67781
1.71087
1.7432
1.77243
1.79751
1.81788
1.83273
1.84081
1.84068
1.83133
1.813
1.78762
1.75898
1.73226
1.7128
1.70439
1.7079
1.72095
1.73882
1.75613
1.76836
1.77297
1.76966
1.76005
1.74703
1.73376
1.63964
1.63374
1.63323
1.63741
1.64496
1.65432
1.66386
1.67202
1.6776
1.67989
1.67881
1.67493
1.66931
1.66312
1.65737
1.65252
1.64827
1.64365
1.6373
1.62799
1.61509
1.59886
1.58032
1.56079
1.54126
1.52207
1.50307
1.48419
1.46601
1.45005
1.43881
1.43508
1.44093
1.45627
1.47838
1.50317
1.52755
1.55061
1.57327
1.59693
1.62192
1.64655
1.66755
1.68146
1.68622
1.68234
1.67319
1.66397
1.65939
1.6613
1.66822
1.67692
1.68426
1.688
1.68684
1.68031
1.6688
1.65377
1.63791
1.62483
1.61797
1.61915
1.62757
1.64023
1.65335
1.6637
1.66915
1.66871
1.6623
1.65064
1.63512
1.61775
1.60079
1.58621
1.57507
1.56753
1.56321
1.56207
1.56479
1.57266
1.58646
1.60512
1.62543
1.64315
1.65488
1.65929
1.65733
1.65164
1.64546
1.64161
1.64154
1.64485
1.64984
1.65443
1.65692
1.65581
1.64994
1.63929
1.62616
1.61513
1.64577
1.65166
1.66776
1.69036
1.71428
1.73462
1.74773
1.75135
1.74459
1.72778
1.70211
1.66922
1.63101
1.59003
1.54991
1.5154
1.49155
1.48232
1.48851
1.50661
1.5299
1.55125
1.56572
1.57159
1.57028
1.5657
1.56309
1.56706
1.57951
1.59868
1.62012
1.6389
1.65199
1.65914
1.66206
1.66246
1.66073
1.6561
1.64765
1.63515
1.61944
1.60272
1.58862
1.58146
1.58458
1.59855
1.62083
1.64707
1.67314
1.69636
1.71574
1.73142
1.74392
1.75354
1.75992
1.76194
1.75796
1.7465
1.72661
1.69816
1.66169
1.61826
1.5697
1.51902
1.47057
1.42911
1.39833
1.3801
1.37454
1.38065
1.3968
1.42107
1.45144
1.48544
1.51981
1.55111
1.57679
1.59572
1.60819
1.61574
1.62084
1.6264
1.63469
1.64643
1.66041
1.67387
1.68358
1.68669
1.68124
1.66644
1.64273
1.6117
1.57588
1.5385
1.50334
1.47446
1.45545
1.44834
1.45297
1.46722
1.66866
1.68846
1.70573
1.71875
1.72696
1.73126
1.73359
1.73616
1.74033
1.7459
1.75121
1.75392
1.75209
1.74468
1.73192
1.71511
1.69621
1.6774
1.66069
1.64782
1.64037
1.63943
1.64516
1.65626
1.66998
1.68253
1.69023
1.69035
1.68197
1.66618
1.6459
1.62489
1.60665
1.59365
1.58738
1.58886
1.59897
1.61778
1.64344
1.6722
1.69987
1.72344
1.74186
1.75572
1.76649
1.77579
1.78506
1.7955
1.80797
1.82288
1.83985
1.85737
1.87284
1.88312
1.8854
1.87799
1.86046
1.83362
1.79944
1.76151
1.72494
1.69521
1.67638
1.66964
1.67358
1.68553
1.70296
1.72391
1.74687
1.77041
1.79318
1.81399
1.83177
1.84547
1.85389
1.85601
1.85153
1.84131
1.82736
1.81241
1.79917
1.7898
1.78526
1.78493
1.78702
1.78964
1.79188
1.79378
1.79536
1.79574
1.79325
1.78635
1.77474
1.75958
1.7429
1.72655
1.71158
1.69846
1.68777
1.68063
1.64761
1.65213
1.66492
1.68624
1.7149
1.74816
1.78201
1.81217
1.83494
1.84781
1.84991
1.84212
1.82693
1.80811
1.78991
1.7758
1.76703
1.76215
1.75821
1.75278
1.74484
1.7342
1.72044
1.70292
1.6816
1.6575
1.63268
1.6099
1.59208
1.58181
1.58052
1.58717
1.59748
1.60489
1.60376
1.59318
1.57854
1.56803
1.56618
1.57169
1.58129
1.59329
1.60747
1.62387
1.64195
1.66025
1.67657
1.68876
1.69566
1.69769
1.69653
1.69405
1.69122
1.68765
1.68209
1.67348
1.66188
1.64874
1.63641
1.62705
1.62189
1.62107
1.62367
1.62777
1.63083
1.63068
1.62629
1.61792
1.60718
1.59719
1.5923
1.59649
1.61136
1.63459
1.66079
1.68387
1.69961
1.70673
1.70664
1.70228
1.69682
1.69222
1.68847
1.68408
1.67801
1.67131
1.66712
1.6688
1.67741
1.6904
1.70289
1.71021
1.71009
1.70317
1.6924
1.68192
1.67585
1.6772
1.68703
1.70439
1.67032
1.69401
1.71709
1.73746
1.75396
1.76639
1.77519
1.78106
1.7848
1.78724
1.78907
1.79062
1.79156
1.79055
1.78565
1.77539
1.75968
1.74003
1.7189
1.69862
1.68081
1.66615
1.65461
1.64548
1.63755
1.62938
1.61997
1.60904
1.5972
1.58568
1.57559
1.56732
1.56015
1.55273
1.544
1.53409
1.52474
1.5188
1.51903
1.52668
1.54086
1.55909
1.5786
1.59775
1.61682
1.63795
1.66383
1.69572
1.73199
1.76847
1.79981
1.82102
1.82824
1.81983
1.79771
1.76838
1.74061
1.72091
1.7111
1.70889
1.70851
1.70351
1.69086
1.67229
1.65242
1.63638
1.62771
1.62734
1.63362
1.6434
1.6537
1.66303
1.67146
1.67981
1.68859
1.69758
1.70588
1.71249
1.71694
1.71967
1.72211
1.72629
1.73367
1.74413
1.75561
1.76494
1.76929
1.76744
1.76025
1.75039
1.7413
1.73588
1.73536
1.73875
1.74319
1.74509
1.7415
1.73102
1.71405
1.69227
1.62606
1.60111
1.57781
1.55672
1.53788
1.52148
1.50872
1.50165
1.50177
1.50822
1.51744
1.52505
1.52846
1.5284
1.5283
1.53172
1.54072
1.55667
1.58213
1.61995
1.66906
1.72278
1.77211
1.81011
1.83348
1.8423
1.83901
1.82732
1.81097
1.79246
1.77242
1.75012
1.72452
1.69557
1.66476
1.63494
1.60936
1.59056
1.57939
1.57462
1.57343
1.57319
1.57317
1.5751
1.5817
1.59415
1.61105
1.62973
1.64774
1.66327
1.67478
1.68089
1.68047
1.67289
1.65821
1.6374
1.6124
1.58591
1.56076
1.53976
1.52567
1.52081
1.52612
1.54063
1.562
1.58774
1.616
1.64553
1.67518
1.70335
1.72793
1.7469
1.7591
1.76453
1.76425
1.75966
1.75206
1.74256
1.73221
1.72228
1.71399
1.70815
1.70538
1.70639
1.71197
1.72267
1.73809
1.75689
1.77728
1.79749
1.81604
1.83176
1.84384
1.85179
1.85545
1.85486
1.84998
1.84041
1.82538
1.80396
1.62348
1.59144
1.55708
1.5233
1.4933
1.46951
1.45293
1.44311
1.43861
1.43775
1.43916
1.44205
1.44632
1.45239
1.46072
1.47091
1.48133
1.48969
1.4942
1.49436
1.49089
1.4852
1.47879
1.47304
1.46904
1.46742
1.46817
1.47062
1.47378
1.47684
1.47949
1.48194
1.4843
1.48631
1.48736
1.48709
1.48619
1.48664
1.49129
1.50277
1.52231
1.54925
1.5816
1.61686
1.65289
1.6878
1.71957
1.74582
1.76408
1.77219
1.76855
1.75232
1.72361
1.68381
1.63615
1.58603
1.54065
1.50724
1.49017
1.4888
1.49858
1.51422
1.53217
1.55108
1.57082
1.59131
1.61195
1.63157
1.64859
1.66122
1.66766
1.66648
1.65701
1.64002
1.61828
1.5965
1.57971
1.57069
1.56863
1.57026
1.57183
1.5703
1.56371
1.55141
1.53419
1.5142
1.49454
1.4784
1.46808
1.46426
1.46595
1.4713
1.47844
1.48632
1.49499
1.50521
1.51757
1.5316
1.54571
1.55797
1.65676
1.65872
1.65548
1.64766
1.63649
1.62383
1.61192
1.60302
1.59922
1.6025
1.61428
1.63403
1.65791
1.67964
1.69311
1.69482
1.68496
1.66739
1.64875
1.636
1.63321
1.6401
1.65329
1.66832
1.68108
1.68845
1.68862
1.68078
1.66497
1.64186
1.6128
1.57994
1.54615
1.51482
1.4896
1.47384
1.46964
1.47707
1.494
1.51754
1.54566
1.57744
1.61168
1.64555
1.67501
1.69628
1.70731
1.70839
1.70169
1.69039
1.67747
1.6644
1.65074
1.63503
1.61636
1.59585
1.57696
1.5643
1.56141
1.56905
1.58533
1.60693
1.63035
1.65256
1.67103
1.68369
1.68905
1.6865
1.67655
1.661
1.64266
1.62478
1.6104
1.60161
1.59903
1.60163
1.60721
1.6133
1.61817
1.6211
1.62203
1.62099
1.61769
1.6116
1.60238
1.59056
1.57761
1.5656
1.55657
1.55213
1.55358
1.56213
1.57874
1.60346
1.63443
1.66746
1.69676
1.71668
1.72341
1.71619
1.63142
1.60863
1.58873
1.5748
1.56562
1.55801
1.54977
1.54022
1.52906
1.51545
1.49808
1.47585
1.44868
1.41806
1.38675
1.35797
1.33421
1.31662
1.30571
1.30256
1.3093
1.328
1.35869
1.39843
1.44208
1.48435
1.52142
1.55149
1.5745
1.59144
1.60343
1.6115
1.61663
1.62003
1.62291
1.62543
1.62621
1.62285
1.61343
1.59733
1.5753
1.54891
1.52026
1.49194
1.46704
1.44902
1.44082
1.44366
1.45634
1.47553
1.49692
1.51661
1.53219
1.54321
1.551
1.55797
1.56651
1.57786
1.59155
1.60556
1.61698
1.62309
1.62203
1.61341
1.59855
1.58028
1.5622
1.54768
1.53877
1.53556
1.53626
1.53819
1.53878
1.53661
1.53179
1.52594
1.52158
1.52102
1.52531
1.53372
1.54402
1.55341
1.5594
1.56035
1.55583
1.54681
1.53572
1.52616
1.52177
1.52449
1.53369
1.54661
1.55992
1.57095
1.57815
1.58092
1.57929
1.57378
1.5654
1.55554
1.63861
1.6259
1.61206
1.59645
1.57926
1.56206
1.5474
1.5379
1.53507
1.53871
1.54706
1.55752
1.56773
1.57633
1.58317
1.58896
1.59454
1.60039
1.60663
1.61347
1.62145
1.63112
1.64256
1.65527
1.66852
1.68176
1.69473
1.70721
1.71869
1.72833
1.73505
1.73791
1.73642
1.73093
1.72283
1.71423
1.70711
1.70246
1.70012
1.69951
1.69969
1.699
1.6948
1.68432
1.66587
1.63953
1.60727
1.57278
1.54107
1.51745
1.50584
1.50681
1.5169
1.52997
1.5398
1.54244
1.53733
1.527
1.51559
1.50669
1.50165
1.49959
1.49885
1.49875
1.50037
1.50591
1.51732
1.53518
1.55836
1.5843
1.60969
1.63127
1.64642
1.65333
1.65122
1.64036
1.62225
1.59974
1.57656
1.55627
1.54093
1.5306
1.52395
1.51935
1.51542
1.5109
1.50427
1.49421
1.48115
1.4684
1.46155
1.46561
1.48193
1.50739
1.53642
1.56345
1.58452
1.59759
1.60236
1.6
