           1   -0.420414   -0.420414           0
           2   -0.413845    -0.41713  0.00328448
           3   -0.403496   -0.412585  0.00492446
           4   -0.437661   -0.418854  0.00717114
           5   -0.412526   -0.417589  0.00569708
           6   -0.399302   -0.414541  0.00556114
           7   -0.405769   -0.413288  0.00486422
           8   -0.418025    -0.41388  0.00425396
           9    -0.40841   -0.413272  0.00380055
          10   -0.418465   -0.413791  0.00343876
          11   -0.412261   -0.413652  0.00311359
          12   -0.391723   -0.411825   0.0033791
          13   -0.401876   -0.411059  0.00320114
          14   -0.403584   -0.410526   0.0030114
          15   -0.404946   -0.410154  0.00282803
          16   -0.410811   -0.410195   0.0026457
          17   -0.415313   -0.410496  0.00250337
          18   -0.432296   -0.411707   0.0026528
          19   -0.420699    -0.41218  0.00255354
          20   -0.412562   -0.412199  0.00242258
          21   -0.435495   -0.413309  0.00255745
          22   -0.394869    -0.41247  0.00257847
          23   -0.423716   -0.412959  0.00251186
          24   -0.442054   -0.414172  0.00269318
          25   -0.399685   -0.413592  0.00264741
          26   -0.425928   -0.414067  0.00258742
          27   -0.405997   -0.413768  0.00250762
          28   -0.420704   -0.414015  0.00242907
          29   -0.406845   -0.413768  0.00235682
          30   -0.406117   -0.413513  0.00229114
          31   -0.430326   -0.414055  0.00228141
          32   -0.432848   -0.414643   0.0022857
          33    -0.41807   -0.414747  0.00221778
          34   -0.401346   -0.414352  0.00218737
          35   -0.400183   -0.413948  0.00216219
          36   -0.414447   -0.413961  0.00210132
          37   -0.393325   -0.413404  0.00211848
          38   -0.398437    -0.41301  0.00209926
          39   -0.426823   -0.413364  0.00207517
          40   -0.419022   -0.413505  0.00202757
          41   -0.422915   -0.413735  0.00199077
          42   -0.425494   -0.414015  0.00196286
          43   -0.423567   -0.414237   0.0019295
          44   -0.426105   -0.414507  0.00190434
          45   -0.420959    -0.41465  0.00186705
          46    -0.41677   -0.414696   0.0018266
          47   -0.405442   -0.414499  0.00179812
          48   -0.424126     -0.4147  0.00177165
          49   -0.410976   -0.414624  0.00173678
          50   -0.423364   -0.414799  0.00171065
          51    -0.43079   -0.415112  0.00170583
          52   -0.431976   -0.415437  0.00170385
          53    -0.41075   -0.415348  0.00167373
          54   -0.410288   -0.415255  0.00164512
          55   -0.407613   -0.415116  0.00162089
          56   -0.413754   -0.415091  0.00159187
          57   -0.408319   -0.414972   0.0015682
          58   -0.405267   -0.414805  0.00154999
          59   -0.425539   -0.414987  0.00153431
          60   -0.412069   -0.414938  0.00150931
          61   -0.419076   -0.415006  0.00148591
          62   -0.415989   -0.415022  0.00146183
          63   -0.386257   -0.414566  0.00150917
          64   -0.422321   -0.414687  0.00149034
          65   -0.426987   -0.414876  0.00147938
          66   -0.399628   -0.414645    0.001475
          67   -0.420699   -0.414735  0.00145563
          68   -0.425106   -0.414888  0.00144215
          69   -0.432792   -0.415147  0.00144459
          70   -0.429956   -0.415359  0.00143943
          71   -0.414481   -0.415346  0.00141907
          72   -0.428609   -0.415531  0.00141129
          73   -0.392021   -0.415209   0.0014286
          74   -0.406881   -0.415096  0.00141365
          75   -0.432808   -0.415332  0.00141452
          76   -0.403757    -0.41518  0.00140407
          77    -0.41322   -0.415154  0.00138595
          78   -0.404214   -0.415014  0.00137524
          79   -0.413198   -0.414991  0.00135791
          80   -0.422304   -0.415083  0.00134394
          81   -0.411292   -0.415036  0.00132807
          82   -0.403797   -0.414899  0.00131892
          83   -0.391358   -0.414615  0.00133344
          84   -0.425976    -0.41475   0.0013244
          85    -0.41902   -0.414801  0.00130969
          86   -0.405616   -0.414694  0.00129877
          87   -0.409903   -0.414639  0.00128493
          88   -0.412879   -0.414619   0.0012704
          89   -0.417355    -0.41465  0.00125642
          90   -0.413127   -0.414633   0.0012425
          91   -0.421176   -0.414704  0.00123087
          92   -0.412551   -0.414681  0.00121765
          93   -0.425287   -0.414795  0.00120987
          94   -0.423597   -0.414889  0.00120059
          95   -0.405971   -0.414795  0.00119158
          96   -0.426919   -0.414921  0.00118585
          97    -0.40681   -0.414838  0.00117654
          98   -0.419031    -0.41488  0.00116526
          99   -0.410229   -0.414833  0.00115438
         100   -0.417951   -0.414865   0.0011432
         101   -0.413446   -0.414851  0.00113192
         102   -0.432132    -0.41502   0.0011335
         103   -0.416193   -0.415031   0.0011225
         104   -0.432626   -0.415201  0.00112445
         105   -0.414114    -0.41519  0.00111374
         106   -0.409315   -0.415135  0.00110457
         107   -0.430319   -0.415277  0.00110337
         108   -0.417232   -0.415295  0.00109325
         109   -0.425667    -0.41539  0.00108735
         110   -0.420584   -0.415437  0.00107845
         111   -0.430543   -0.415573  0.00107732
         112   -0.432397   -0.415723  0.00107817
         113   -0.414418   -0.415712  0.00106865
         114   -0.396272   -0.415541  0.00107287
         115   -0.429296   -0.415661  0.00107021
         116   -0.423865   -0.415732   0.0010633
         117   -0.384881   -0.415468  0.00108665
         118   -0.421811   -0.415522  0.00107874
         119   -0.404612    -0.41543  0.00107356
         120   -0.449089   -0.415711  0.00110091
         121   -0.405637   -0.415627  0.00109494
         122   -0.418311   -0.415649  0.00108615
         123   -0.409858   -0.415602  0.00107831
         124   -0.424311   -0.415672  0.00107188
         125   -0.418182   -0.415693  0.00106346
         126   -0.462516   -0.416064  0.00111852
         127   -0.412358   -0.416035  0.00111007
         128   -0.408569   -0.415977   0.0011029
         129   -0.399875   -0.415852  0.00110142
         130   -0.414899   -0.415845  0.00109293
         131   -0.402718   -0.415744  0.00108918
         132    -0.42227   -0.415794  0.00108203
         133   -0.407563   -0.415732  0.00107564
         134   -0.399395    -0.41561  0.00107452
         135   -0.424221   -0.415674  0.00106844
         136   -0.425456   -0.415746  0.00106299
         137   -0.421059   -0.415784  0.00105592
         138   -0.410446   -0.415746  0.00104895
         139   -0.445177   -0.415957  0.00106268
         140   -0.419824   -0.415985  0.00105543
         141   -0.413257   -0.415966  0.00104809
         142   -0.423731    -0.41602  0.00104212
         143   -0.426132   -0.416091  0.00103722
         144   -0.417655   -0.416102  0.00103005
         145   -0.410731   -0.416065  0.00102359
         146   -0.413088   -0.416045  0.00101676
         147   -0.414228   -0.416032   0.0010099
         148   -0.397811   -0.415909  0.00101058
         149   -0.415178   -0.415904  0.00100379
         150   -0.399929   -0.415798  0.00100274
         151   -0.433215   -0.415913  0.00100274
         152   -0.406951   -0.415854  0.00099786
         153   -0.408067   -0.415803 0.000992623
         154   -0.408242   -0.415754 0.000987378
         155   -0.426246   -0.415822 0.000983319
         156   -0.413764   -0.415809 0.000977085
         157   -0.404064   -0.415734 0.000973719
         158   -0.434845   -0.415855 0.000975068
         159   -0.420874   -0.415886  0.00096943
         160   -0.409036   -0.415843 0.000964303
         161   -0.391793   -0.415694 0.000969868
         162   -0.399818   -0.415596 0.000968832
         163   -0.414278   -0.415588 0.000962904
         164   -0.413828   -0.415577 0.000957075
         165   -0.409759   -0.415542  0.00095191
         166   -0.422205   -0.415582 0.000947009
         167   -0.397878   -0.415476 0.000947272
         168   -0.422713   -0.415519 0.000942601
         169    -0.42047   -0.415549 0.000937465
         170   -0.417223   -0.415558 0.000931986
         171   -0.431651   -0.415652 0.000931287
         172   -0.398499   -0.415553 0.000931212
         173   -0.427083   -0.415619  0.00092821
         174   -0.408665   -0.415579 0.000923725
         175   -0.411828   -0.415558 0.000918682
         176   -0.385505   -0.415387  0.00092927
         177   -0.415975   -0.415391 0.000924011
         178   -0.414511   -0.415386 0.000918818
         179   -0.415186   -0.415385 0.000913672
         180   -0.403653   -0.415319 0.000910916
         181   -0.416412   -0.415325 0.000905889
         182   -0.424391   -0.415375 0.000902274
         183    -0.42458   -0.415425 0.000898739
         184   -0.396705   -0.415324 0.000899613
         185    -0.40963   -0.415293 0.000895266
         186   -0.425971    -0.41535 0.000892289
         187   -0.398188   -0.415259 0.000892237
         188   -0.409658   -0.415229 0.000887978
         189   -0.419313    -0.41525 0.000883532
         190   -0.416752   -0.415258 0.000878905
         191   -0.414629   -0.415255 0.000874297
         192   -0.429618    -0.41533 0.000872943
         193   -0.412249   -0.415314 0.000868555
         194   -0.402234   -0.415246 0.000866693
         195   -0.418769   -0.415265 0.000862426
         196   -0.459453    -0.41549  0.00088714
         197    -0.42645   -0.415546 0.000884377
         198   -0.413262   -0.415534 0.000879975
         199   -0.394325   -0.415427 0.000882004
         200   -0.444741   -0.415574 0.000889738
         201   -0.419185   -0.415592 0.000885483
         202   -0.409975   -0.415564 0.000881527
         203   -0.429045   -0.415631 0.000879684
         204   -0.420829   -0.415656 0.000875732
         205   -0.408834   -0.415623 0.000872084
         206   -0.430319   -0.415694 0.000870768
         207   -0.435092   -0.415788 0.000871603
         208   -0.405688   -0.415739 0.000868761
         209   -0.402957   -0.415678 0.000866755
         210   -0.422229   -0.415709 0.000863181
         211   -0.395351   -0.415613 0.000864482
         212    -0.41818   -0.415625  0.00086048
         213   -0.421375   -0.415652 0.000856856
         214   -0.429063   -0.415715 0.000855142
         215   -0.409446   -0.415685 0.000851654
         216   -0.422162   -0.415715 0.000848232
         217   -0.417028   -0.415722 0.000844336
         218   -0.389186     -0.4156 0.000849223
         219    -0.40875   -0.415569 0.000845914
         220   -0.400139   -0.415498 0.000844976
         221   -0.407493   -0.415462 0.000841924
         222   -0.398723   -0.415387 0.000841508
         223    -0.40942    -0.41536 0.000838153
         224   -0.400853   -0.415295 0.000836912
         225   -0.417555   -0.415305 0.000833245
         226   -0.409112   -0.415278 0.000830002
         227   -0.423985   -0.415316 0.000827227
         228   -0.414718   -0.415314 0.000823595
         229   -0.434975   -0.415399 0.000824474
         230   -0.405722   -0.415357 0.000821959
         231   -0.397356   -0.415279 0.000822095
         232   -0.407032   -0.415244 0.000819315
         233   -0.416492   -0.415249 0.000815809
         234   -0.437274   -0.415343  0.00081775
         235   -0.413309   -0.415335 0.000814308
         236   -0.410582   -0.415315 0.000811101
         237    -0.41666    -0.41532 0.000807691
         238   -0.402827   -0.415268 0.000806001
         239   -0.405631   -0.415227 0.000803634
         240   -0.402917   -0.415176 0.000801921
         241   -0.422132   -0.415205 0.000799108
         242   -0.414213   -0.415201 0.000795809
         243   -0.397968    -0.41513 0.000795694
         244   -0.403652   -0.415083 0.000793821
         245   -0.410655   -0.415065 0.000790781
         246   -0.416315    -0.41507 0.000787577
         247   -0.430126   -0.415131 0.000786747
         248   -0.415861   -0.415134 0.000783573
         249   -0.436791   -0.415221 0.000785252
         250    -0.42604   -0.415264 0.000783301
         251   -0.433405   -0.415336 0.000783514
         252   -0.412834   -0.415326 0.000780462
         253   -0.403618    -0.41528 0.000778747
         254   -0.412191   -0.415268 0.000775771
         255    -0.43295   -0.415337 0.000775828
         256   -0.412833   -0.415328 0.000772853
         257   -0.423185   -0.415358 0.000770447
         258    -0.42458   -0.415394 0.000768287
         259   -0.432971   -0.415462 0.000768318
         260   -0.407219    -0.41543 0.000766013
         261   -0.417842   -0.415439 0.000763129
         262   -0.400464   -0.415382 0.000762356
         263   -0.422339   -0.415409 0.000759912
         264    -0.41754   -0.415417 0.000757071
         265   -0.413134   -0.415408 0.000754258
         266   -0.384466   -0.415292 0.000760368
         267   -0.410832   -0.415275 0.000757699
         268   -0.412692   -0.415265 0.000754928
         269   -0.405227   -0.415228 0.000753041
         270   -0.437649   -0.415311 0.000754829
         271   -0.413196   -0.415303 0.000752079
         272   -0.417642   -0.415312 0.000749358
         273   -0.392446   -0.415228 0.000751292
         274   -0.434385   -0.415298 0.000751803
         275   -0.421418    -0.41532 0.000749395
         276   -0.393691   -0.415242 0.000750776
         277   -0.415522   -0.415243 0.000748061
         278   -0.412453   -0.415233 0.000745433
         279   -0.441022   -0.415325 0.000748486
         280   -0.409784   -0.415306 0.000746071
         281   -0.412535   -0.415296 0.000743476
         282   -0.412306   -0.415285 0.000740911
         283   -0.413361   -0.415278 0.000738319
         284   -0.421207   -0.415299 0.000736011
         285   -0.417697   -0.415308 0.000733472
         286   -0.403133   -0.415265 0.000732142
         287   -0.412996   -0.415257 0.000729629
         288   -0.412501   -0.415248 0.000727154
         289   -0.418712    -0.41526 0.000724733
         290    -0.40664    -0.41523 0.000722841
         291   -0.401008   -0.415181 0.000722009
         292   -0.408938    -0.41516 0.000719849
         293   -0.408308   -0.415136 0.000717769
         294   -0.406273   -0.415106 0.000715959
         295    -0.41269   -0.415098 0.000713575
         296   -0.409243   -0.415078 0.000711435
         297    -0.41771   -0.415087 0.000709091
         298   -0.395964   -0.415023 0.000709615
         299    -0.40319   -0.414983 0.000708344
         300   -0.405338   -0.414951  0.00070671
         301   -0.403611   -0.414913 0.000705366
         302   -0.411288   -0.414901 0.000703129
         303   -0.430124   -0.414952 0.000702603
         304    -0.39833   -0.414897 0.000702419
         305   -0.413853   -0.414894  0.00070012
         306   -0.406878   -0.414867  0.00069832
         307   -0.415823    -0.41487 0.000696049
         308   -0.417681    -0.41488 0.000693845
         309   -0.408686    -0.41486 0.000691886
         310   -0.403871   -0.414824 0.000690561
         311   -0.426422   -0.414861 0.000689346
         312   -0.398455   -0.414809 0.000689143
         313   -0.408529   -0.414789  0.00068723
         314   -0.428743   -0.414833 0.000686478
         315   -0.402464   -0.414794 0.000685421
         316   -0.431817   -0.414848 0.000685369
         317   -0.457136   -0.414981 0.000696106
         318   -0.424547   -0.415011 0.000694565
         319   -0.423746   -0.415039 0.000692925
         320   -0.403154   -0.415001 0.000691754
         321   -0.414841   -0.415001 0.000689596
         322   -0.431811   -0.415053 0.000689431
         323   -0.421599   -0.415073 0.000687592
         324   -0.399116   -0.415024 0.000687233
         325   -0.410033   -0.415009 0.000685287
         326   -0.416985   -0.415015 0.000683209
         327    -0.43842   -0.415086 0.000684867
         328   -0.416925   -0.415092 0.000682799
         329   -0.423544   -0.415118 0.000681205
         330   -0.448885    -0.41522 0.000686803
         331   -0.417636   -0.415227 0.000684763
         332   -0.439242     -0.4153 0.000686519
         333   -0.420073   -0.415314 0.000684604
         334   -0.406622   -0.415288 0.000683047
         335   -0.404484   -0.415256 0.000681769
         336   -0.396156   -0.415199 0.000682109
         337   -0.410877   -0.415186 0.000680203
         338    -0.40429   -0.415154 0.000678953
         339   -0.398105   -0.415104 0.000678813
         340   -0.415546   -0.415105 0.000676815
         341   -0.403954   -0.415072 0.000675619
         342   -0.406919   -0.415048 0.000674062
         343   -0.421139   -0.415066 0.000672329
         344   -0.413975   -0.415063 0.000670379
         345   -0.395361   -0.415006 0.000670868
         346   -0.396703   -0.414953 0.000671015
         347   -0.402969   -0.414918 0.000669969
         348   -0.407857   -0.414898 0.000668349
         349   -0.412411   -0.414891 0.000666469
         350   -0.412715   -0.414885 0.000664591
         351   -0.404664   -0.414856 0.000663335
         352   -0.405232   -0.414828 0.000662012
         353   -0.418661   -0.414839 0.000660223
         354   -0.422799   -0.414862  0.00065874
         355   -0.415855   -0.414864 0.000656887
         356   -0.416426   -0.414869 0.000655054
         357   -0.431581   -0.414916 0.000654892
         358   -0.409002   -0.414899 0.000653269
         359   -0.414239   -0.414897 0.000651449
         360     -0.4218   -0.414916  0.00064992
         361   -0.400187   -0.414876 0.000649401
         362   -0.416776   -0.414881 0.000647625
         363   -0.402124   -0.414846 0.000646794
         364   -0.405462    -0.41482  0.00064553
         365   -0.409086   -0.414804 0.000643951
         366   -0.408299   -0.414787 0.000642435
         367   -0.392987   -0.414727 0.000643429
         368     -0.4192   -0.414739 0.000641794
         369   -0.418995   -0.414751 0.000640156
         370    -0.43341   -0.414801 0.000640412
         371   -0.400908   -0.414764  0.00063978
         372   -0.424187   -0.414789 0.000638561
         373   -0.395472   -0.414737 0.000638949
         374    -0.40904   -0.414722  0.00063742
         375   -0.429069    -0.41476 0.000636868
         376   -0.391138   -0.414698 0.000638272
         377   -0.413111   -0.414693  0.00063659
         378   -0.417012   -0.414699 0.000634933
         379   -0.395266   -0.414648 0.000635328
         380   -0.398291   -0.414605 0.000635115
         381   -0.421306   -0.414623  0.00063369
         382   -0.416799   -0.414628 0.000632054
         383   -0.413867   -0.414626 0.000630405
         384   -0.436965   -0.414685 0.000631447
         385   -0.420228   -0.414699 0.000629969
         386   -0.417529   -0.414706 0.000628378
         387   -0.405573   -0.414683 0.000627196
         388   -0.414628   -0.414683 0.000625577
         389   -0.393371   -0.414628 0.000626368
         390   -0.416009   -0.414631  0.00062477
         391   -0.393691   -0.414578 0.000625467
         392    -0.41783   -0.414586 0.000623924
         393   -0.419698   -0.414599 0.000622471
         394   -0.426422   -0.414629 0.000621613
         395   -0.441006   -0.414696 0.000623623
         396   -0.397316   -0.414652 0.000623593
         397   -0.403712   -0.414624  0.00062263
         398   -0.423062   -0.414646 0.000621426
         399   -0.406343   -0.414625 0.000620215
         400   -0.410098   -0.414613 0.000618766
         401   -0.404147   -0.414587 0.000617773
         402   -0.413747   -0.414585 0.000616238
         403   -0.418095   -0.414594 0.000614768
         404   -0.412609   -0.414589 0.000613265
         405    -0.43162   -0.414631 0.000613192
         406   -0.425008   -0.414657 0.000612214
         407   -0.441335   -0.414722 0.000614215
         408   -0.409821    -0.41471 0.000612826
         409   -0.404873   -0.414686 0.000611798
         410   -0.404202   -0.414661  0.00061084
         411   -0.407646   -0.414644 0.000609591
         412    -0.42815   -0.414676 0.000608992
         413   -0.404306   -0.414651 0.000608035
         414   -0.400101   -0.414616 0.000607582
         415   -0.432843    -0.41466 0.000607705
         416    -0.40849   -0.414645 0.000606424
         417   -0.399853    -0.41461 0.000606007
         418   -0.410228   -0.414599 0.000604646
         419   -0.398204    -0.41456 0.000604469
         420   -0.393894   -0.414511 0.000605032
         421   -0.412359   -0.414506 0.000603615
         422   -0.414586   -0.414506 0.000602183
         423   -0.420152   -0.414519 0.000600906
         424   -0.396193   -0.414476 0.000601043
         425   -0.406635   -0.414458 0.000599911
         426   -0.397891   -0.414419 0.000599763
         427   -0.416768   -0.414424 0.000598383
         428   -0.428051   -0.414456 0.000597831
         429   -0.422233   -0.414474 0.000596711
         430   -0.414245   -0.414474 0.000595322
         431   -0.404574   -0.414451 0.000594384
         432     -0.4142    -0.41445 0.000593006
         433   -0.397652   -0.414411 0.000592906
         434   -0.417968    -0.41442 0.000591595
         435   -0.416091   -0.414423 0.000590246
         436   -0.403632   -0.414399  0.00058941
         437   -0.404526   -0.414376 0.000588494
         438   -0.406575   -0.414358 0.000587419
         439   -0.413569   -0.414356 0.000586082
         440   -0.396747   -0.414316 0.000586116
         441   -0.408595   -0.414303  0.00058493
         442   -0.388065   -0.414244 0.000586616
         443   -0.413338   -0.414242 0.000585294
         444   -0.413003   -0.414239 0.000583981
         445   -0.427986    -0.41427 0.000583486
         446   -0.420355   -0.414284 0.000582336
         447   -0.408631   -0.414271 0.000581169
         448   -0.411535   -0.414265 0.000579903
         449   -0.415299   -0.414267 0.000578614
         450   -0.416798   -0.414273 0.000577354
         451   -0.406783   -0.414256 0.000576312
         452   -0.424842    -0.41428 0.000575512
         453   -0.422244   -0.414297  0.00057451
         454   -0.410093   -0.414288 0.000573317
         455   -0.417332   -0.414295 0.000572095
         456   -0.387081   -0.414235  0.00057395
         457   -0.405911   -0.414217 0.000572983
         458   -0.422021   -0.414234 0.000571984
         459   -0.424696   -0.414257 0.000571191
         460   -0.417706   -0.414264 0.000569998
         461   -0.410862   -0.414257 0.000568808
         462   -0.417293   -0.414263 0.000567613
         463   -0.400048   -0.414233 0.000567218
         464   -0.418504   -0.414242 0.000566069
         465   -0.396726   -0.414204 0.000566105
         466   -0.390543   -0.414153 0.000567166
         467   -0.417514   -0.414161 0.000565996
         468   -0.416762   -0.414166 0.000564813
         469   -0.410449   -0.414158 0.000563663
         470   -0.417582   -0.414166 0.000562509
         471   -0.407734   -0.414152  0.00056148
         472   -0.411818   -0.414147 0.000560311
         473   -0.408876   -0.414136 0.000559236
         474   -0.419934   -0.414148 0.000558189
         475   -0.391108     -0.4141 0.000559121
         476   -0.420025   -0.414112 0.000558084
         477   -0.406424   -0.414096 0.000557146
         478   -0.395222   -0.414056 0.000557379
         479   -0.419763   -0.414068 0.000556342
         480   -0.409969    -0.41406 0.000555247
         481   -0.416578   -0.414065 0.000554117
         482   -0.413193   -0.414063 0.000552969
         483   -0.431054   -0.414098 0.000552943
         484   -0.421619   -0.414114 0.000552018
         485   -0.403581   -0.414092 0.000551306
         486   -0.444541   -0.414155 0.000553727
         487   -0.421207   -0.414169 0.000552778
         488   -0.413167   -0.414167 0.000551648
         489   -0.426137   -0.414192 0.000551063
         490   -0.406235   -0.414175 0.000550177
         491   -0.393256   -0.414133 0.000550706
         492   -0.403298   -0.414111 0.000550026
         493   -0.415271   -0.414113 0.000548915
         494   -0.393349   -0.414071 0.000549412
         495   -0.418524    -0.41408 0.000548375
         496   -0.426491   -0.414105  0.00054784
         497   -0.408422   -0.414094 0.000546856
         498   -0.422402    -0.41411 0.000546012
         499   -0.410521   -0.414103 0.000544964
         500   -0.396861   -0.414069 0.000544965
