           1    0.048765    0.048765           0
           2   0.0495887   0.0491769  0.00041186
           3   0.0493616   0.0492385 0.000245633
           4   0.0486843   0.0490999 0.000222167
           5   0.0495389   0.0491877 0.000193195
           6   0.0494778   0.0492361 0.000164984
           7   0.0495206   0.0492767 0.000145242
           8   0.0485846   0.0491902 0.000152667
           9    0.048962   0.0491648 0.000137006
          10   0.0493332   0.0491817 0.000123694
          11   0.0491458   0.0491784 0.000111933
          12   0.0489181   0.0491567 0.000104457
          13   0.0492045   0.0491604 9.61567e-05
          14    0.048888   0.0491409 9.11253e-05
          15   0.0489106   0.0491256 8.62117e-05
          16   0.0488337   0.0491074 8.26812e-05
          17   0.0488832   0.0490942  7.8777e-05
          18   0.0483496   0.0490528 8.50148e-05
          19   0.0494881   0.0490757 8.36159e-05
          20   0.0485005   0.0490469  8.4377e-05
          21   0.0484305   0.0490176 8.54585e-05
          22   0.0493874   0.0490344 8.31969e-05
          23    0.049424   0.0490513 8.12817e-05
          24   0.0484178   0.0490249 8.21767e-05
          25   0.0485155   0.0490046 8.14123e-05
          26   0.0485997    0.048989 7.97535e-05
          27   0.0490031   0.0489895 7.67446e-05
          28   0.0490573   0.0489919 7.39925e-05
          29   0.0486577   0.0489804   7.232e-05
          30   0.0486782   0.0489703 7.05905e-05
          31     0.04895   0.0489697 6.82785e-05
          32   0.0487447   0.0489626 6.64833e-05
          33   0.0488797   0.0489601 6.44862e-05
          34   0.0494461   0.0489744 6.41728e-05
          35   0.0494345   0.0489876 6.36836e-05
          36   0.0486504   0.0489782 6.25941e-05
          37   0.0491026   0.0489816 6.09716e-05
          38   0.0494317   0.0489934 6.05159e-05
          39   0.0481946   0.0489729  6.2401e-05
          40   0.0487297   0.0489668 6.11241e-05
          41   0.0488318   0.0489636 5.97055e-05
          42   0.0487407   0.0489582 5.85077e-05
          43   0.0484097   0.0489455 5.85377e-05
          44   0.0490922   0.0489488  5.7289e-05
          45   0.0486672   0.0489426   5.635e-05
          46   0.0485713   0.0489345 5.56992e-05
          47   0.0487341   0.0489302 5.46677e-05
          48   0.0485829    0.048923 5.40037e-05
          49   0.0486611   0.0489176 5.31594e-05
          50   0.0496424   0.0489321 5.40645e-05
          51    0.048945   0.0489324 5.29944e-05
          52   0.0487535    0.048929 5.20791e-05
          53   0.0483534   0.0489181 5.22286e-05
          54   0.0488418   0.0489167 5.12717e-05
          55   0.0483338   0.0489061 5.14346e-05
          56    0.048932   0.0489065 5.05099e-05
          57   0.0487577   0.0489039 4.96845e-05
          58   0.0491108   0.0489075 4.89505e-05
          59   0.0497323   0.0489215 5.01036e-05
          60   0.0495293   0.0489316 5.02925e-05
          61    0.049263    0.048937 4.97586e-05
          62   0.0487075   0.0489333 4.90893e-05
          63   0.0500122   0.0489505 5.12493e-05
          64   0.0490021   0.0489513 5.04486e-05
          65   0.0492228   0.0489555 4.98418e-05
          66   0.0497721   0.0489678 5.06164e-05
          67   0.0490212   0.0489686 4.98616e-05
          68   0.0481637   0.0489568  5.0529e-05
          69   0.0492307   0.0489608 4.99493e-05
          70   0.0485522   0.0489549 4.95753e-05
          71   0.0489884   0.0489554 4.88743e-05
          72   0.0495398   0.0489635 4.88696e-05
          73    0.049675   0.0489733 4.91711e-05
          74   0.0496194    0.048982 4.92817e-05
          75   0.0486123   0.0489771 4.88695e-05
          76   0.0489226   0.0489763 4.82275e-05
          77   0.0493246   0.0489809 4.78115e-05
          78   0.0489074   0.0489799 4.72039e-05
          79   0.0488515   0.0489783 4.66309e-05
          80   0.0481186   0.0489675 4.72819e-05
          81   0.0487391   0.0489647 4.67796e-05
          82   0.0492144   0.0489678 4.63058e-05
          83   0.0485202   0.0489624 4.60612e-05
          84    0.049187   0.0489651 4.55881e-05
          85   0.0493842     0.04897 4.53177e-05
          86   0.0493161    0.048974 4.49682e-05
          87   0.0493943   0.0489788 4.47101e-05
          88   0.0484313   0.0489726  4.4635e-05
          89   0.0489553   0.0489724  4.4131e-05
          90   0.0492483   0.0489755 4.37455e-05
          91   0.0493009   0.0489791 4.34096e-05
          92    0.048776   0.0489769 4.29919e-05
          93   0.0480968   0.0489674 4.35671e-05
          94   0.0480647   0.0489578  4.4158e-05
          95   0.0486529   0.0489546 4.38084e-05
          96   0.0486981   0.0489519 4.34319e-05
          97   0.0502588   0.0489654 4.50439e-05
          98   0.0491403   0.0489672 4.46176e-05
          99   0.0485538    0.048963 4.43616e-05
         100   0.0483136   0.0489565 4.43932e-05
         101   0.0496599   0.0489635 4.44998e-05
         102   0.0484534   0.0489585 4.43442e-05
         103   0.0488378   0.0489573 4.39272e-05
         104   0.0482705   0.0489507 4.40012e-05
         105   0.0484991   0.0489464 4.37919e-05
         106   0.0494467   0.0489511 4.36328e-05
         107   0.0491724   0.0489532 4.32725e-05
         108   0.0488321   0.0489521 4.28846e-05
         109   0.0485873   0.0489487 4.26209e-05
         110   0.0488175   0.0489475 4.22485e-05
         111   0.0486717    0.048945 4.19398e-05
         112   0.0487744   0.0489435 4.15916e-05
         113   0.0491765   0.0489456 4.12734e-05
         114   0.0495598    0.048951  4.1263e-05
         115   0.0479553   0.0489423 4.18089e-05
         116   0.0485711   0.0489391 4.15703e-05
         117   0.0494418   0.0489434 4.14368e-05
         118   0.0482406   0.0489374 4.15137e-05
         119   0.0485996   0.0489346 4.12611e-05
         120   0.0479554   0.0489264 4.17216e-05
         121   0.0489108   0.0489263 4.13756e-05
         122   0.0484509   0.0489224 4.12197e-05
         123   0.0490312   0.0489233 4.08927e-05
         124   0.0493754   0.0489269 4.07252e-05
         125   0.0490177   0.0489277 4.04046e-05
         126   0.0480305   0.0489205 4.07101e-05
         127   0.0488579   0.0489201 4.03913e-05
         128   0.0494921   0.0489245  4.0323e-05
         129    0.048911   0.0489244 4.00093e-05
         130   0.0493206   0.0489275 3.98172e-05
         131   0.0485823   0.0489248 3.95998e-05
         132   0.0489186   0.0489248 3.92987e-05
         133   0.0496757   0.0489304 3.94086e-05
         134   0.0495716   0.0489352 3.94051e-05
         135   0.0483812   0.0489311 3.93268e-05
         136   0.0490458    0.048932 3.90457e-05
         137   0.0483017   0.0489274 3.90317e-05
         138   0.0491185   0.0489287 3.87725e-05
         139   0.0486293   0.0489266 3.85528e-05
         140   0.0497689   0.0489326 3.87465e-05
         141   0.0490483   0.0489334 3.84794e-05
         142   0.0484316   0.0489299 3.83706e-05
         143   0.0498845   0.0489366 3.86817e-05
         144   0.0487199   0.0489351 3.84416e-05
         145   0.0503291   0.0489447 3.93676e-05
         146   0.0497458   0.0489502 3.94802e-05
         147   0.0486994   0.0489485 3.92478e-05
         148   0.0489519   0.0489485 3.89817e-05
         149   0.0500771   0.0489561 3.94532e-05
         150   0.0488286   0.0489552 3.91985e-05
         151   0.0483399   0.0489511 3.91507e-05
         152   0.0487781     0.04895 3.89089e-05
         153   0.0493426   0.0489526 3.87388e-05
         154   0.0494869    0.048956 3.86426e-05
         155   0.0487497   0.0489547 3.84155e-05
         156   0.0494565   0.0489579 3.83038e-05
         157   0.0483451    0.048954 3.82586e-05
         158   0.0489658   0.0489541 3.80158e-05
         159   0.0495929   0.0489581  3.7989e-05
         160   0.0497734   0.0489632 3.80932e-05
         161   0.0489921   0.0489634 3.78563e-05
         162    0.049035   0.0489638 3.76244e-05
         163    0.049142   0.0489649 3.74089e-05
         164   0.0495812   0.0489687 3.73695e-05
         165   0.0493864   0.0489712 3.72285e-05
         166   0.0483805   0.0489676 3.71743e-05
         167   0.0488276   0.0489668 3.69605e-05
         168   0.0487453   0.0489655 3.67635e-05
         169   0.0487691   0.0489643 3.65638e-05
         170   0.0487307    0.048963  3.6374e-05
         171   0.0497512   0.0489676 3.64533e-05
         172   0.0489833   0.0489677 3.62408e-05
         173   0.0486962   0.0489661 3.60649e-05
         174   0.0495556   0.0489695 3.60167e-05
         175   0.0485196   0.0489669 3.59024e-05
         176   0.0488607   0.0489663  3.5703e-05
         177   0.0487491   0.0489651 3.55219e-05
         178   0.0484968   0.0489624 3.54196e-05
         179   0.0488969   0.0489621 3.52231e-05
         180   0.0490133   0.0489624  3.5028e-05
         181   0.0491928   0.0489636 3.48572e-05
         182   0.0491428   0.0489646 3.46791e-05
         183   0.0486562   0.0489629 3.45303e-05
         184   0.0497769   0.0489674 3.46258e-05
         185   0.0496149   0.0489709 3.46156e-05
         186   0.0491044   0.0489716 3.44364e-05
         187   0.0494827   0.0489743 3.43607e-05
         188   0.0490052   0.0489745 3.41778e-05
         189   0.0490653   0.0489749 3.39999e-05
         190   0.0489605   0.0489749 3.38206e-05
         191    0.049152   0.0489758 3.36558e-05
         192   0.0494251   0.0489781 3.35617e-05
         193   0.0486673   0.0489765 3.34262e-05
         194   0.0489511   0.0489764 3.32537e-05
         195   0.0489772   0.0489764 3.30828e-05
         196   0.0480008   0.0489714 3.32878e-05
         197    0.048674   0.0489699 3.31528e-05
         198   0.0495212   0.0489727 3.31022e-05
         199   0.0496692   0.0489762 3.31209e-05
         200   0.0482843   0.0489727  3.3136e-05
         201   0.0499522   0.0489776 3.33289e-05
         202     0.04899   0.0489777 3.31635e-05
         203    0.048911   0.0489773 3.30014e-05
         204   0.0495307   0.0489801  3.2951e-05
         205   0.0486822   0.0489786 3.28221e-05
         206   0.0489791   0.0489786 3.26623e-05
         207   0.0482345    0.048975 3.27023e-05
         208   0.0490401   0.0489753 3.25462e-05
         209   0.0492686   0.0489767 3.24205e-05
         210   0.0487595   0.0489757 3.22823e-05
         211   0.0495782   0.0489786 3.22556e-05
         212   0.0493497   0.0489803 3.21508e-05
         213   0.0486805   0.0489789 3.20305e-05
         214   0.0490148   0.0489791 3.18809e-05
         215   0.0488435   0.0489784 3.17385e-05
         216   0.0491895   0.0489794 3.16063e-05
         217   0.0489902   0.0489795 3.14604e-05
         218   0.0492388   0.0489806 3.13383e-05
         219   0.0492136   0.0489817  3.1213e-05
         220   0.0496259   0.0489846 3.12085e-05
         221   0.0498953   0.0489888 3.13391e-05
         222   0.0486784   0.0489874 3.12289e-05
         223    0.049042   0.0489876 3.10895e-05
         224   0.0493094    0.048989 3.09837e-05
         225   0.0489385   0.0489888 3.08465e-05
         226   0.0493173   0.0489903 3.07441e-05
         227   0.0489939   0.0489903 3.06084e-05
         228   0.0491726   0.0489911 3.04843e-05
         229   0.0487608   0.0489901 3.03676e-05
         230   0.0494761   0.0489922  3.0309e-05
         231   0.0494497   0.0489942 3.02425e-05
         232   0.0488116   0.0489934 3.01221e-05
         233    0.048905    0.048993 2.99949e-05
         234   0.0488574   0.0489924 2.98721e-05
         235    0.048754   0.0489914  2.9762e-05
         236   0.0493117   0.0489928 2.96667e-05
         237   0.0491247   0.0489933 2.95465e-05
         238   0.0491762   0.0489941 2.94321e-05
         239   0.0487451   0.0489931 2.93272e-05
         240   0.0496545   0.0489958 2.93345e-05
         241   0.0491223   0.0489963 2.92172e-05
         242   0.0493204   0.0489977 2.91271e-05
         243   0.0487277   0.0489966 2.90282e-05
         244   0.0493605   0.0489981 2.89475e-05
         245   0.0490457   0.0489983 2.88297e-05
         246   0.0490059   0.0489983 2.87123e-05
         247    0.048892   0.0489979 2.85991e-05
         248   0.0489755   0.0489978 2.84837e-05
         249   0.0486291   0.0489963 2.84076e-05
         250   0.0485608   0.0489945 2.83473e-05
         251    0.049711   0.0489974 2.83781e-05
         252   0.0492418   0.0489984 2.82819e-05
         253   0.0489584   0.0489982 2.81703e-05
         254   0.0490242   0.0489983 2.80594e-05
         255   0.0488641   0.0489978 2.79541e-05
         256    0.048927   0.0489975 2.78461e-05
         257   0.0486785   0.0489963 2.77653e-05
         258   0.0487362   0.0489953 2.76758e-05
         259   0.0484223    0.048993 2.76573e-05
         260   0.0493702   0.0489945 2.75889e-05
         261   0.0490396   0.0489947 2.74836e-05
         262   0.0492097   0.0489955 2.73908e-05
         263   0.0495236   0.0489975 2.73602e-05
         264   0.0490314   0.0489976 2.72567e-05
         265   0.0488098   0.0489969 2.71629e-05
         266   0.0497384   0.0489997 2.72038e-05
         267   0.0490235   0.0489998 2.71018e-05
         268   0.0488866   0.0489994 2.70038e-05
         269   0.0494409    0.049001 2.69533e-05
         270   0.0478413   0.0489967 2.71946e-05
         271   0.0499077   0.0490001 2.73018e-05
         272   0.0488723   0.0489996 2.72053e-05
         273    0.049754   0.0490024  2.7246e-05
         274   0.0487245   0.0490014 2.71653e-05
         275   0.0485999   0.0489999 2.71057e-05
         276   0.0497362   0.0490026 2.71387e-05
         277   0.0484615   0.0490006  2.7111e-05
         278   0.0500501   0.0490044 2.72759e-05
         279   0.0483109   0.0490019 2.72914e-05
         280   0.0488977   0.0490015 2.71963e-05
         281   0.0483842   0.0489993 2.71882e-05
         282    0.049022   0.0489994 2.70917e-05
         283   0.0501922   0.0490036 2.73229e-05
         284   0.0487475   0.0490027 2.72414e-05
         285   0.0487766   0.0490019 2.71573e-05
         286     0.04937   0.0490032 2.70927e-05
         287   0.0493905   0.0490046 2.70319e-05
         288   0.0490044   0.0490046 2.69379e-05
         289   0.0483916   0.0490024 2.69282e-05
         290   0.0494824   0.0490041 2.68861e-05
         291   0.0487509   0.0490032 2.68077e-05
         292    0.049118   0.0490036 2.67186e-05
         293   0.0486948   0.0490026 2.66481e-05
         294   0.0491693   0.0490031 2.65634e-05
         295   0.0494057   0.0490045 2.65083e-05
         296   0.0499922   0.0490078 2.66285e-05
         297   0.0486503   0.0490066  2.6566e-05
         298    0.049472   0.0490082 2.65227e-05
         299    0.048811   0.0490075 2.64421e-05
         300   0.0493801   0.0490088 2.63831e-05
         301   0.0489407   0.0490086 2.62962e-05
         302   0.0482765   0.0490061 2.63209e-05
         303   0.0490838   0.0490064 2.62351e-05
         304   0.0495993   0.0490083 2.62213e-05
         305   0.0490198   0.0490084 2.61352e-05
         306   0.0497022   0.0490106 2.61482e-05
         307   0.0491506   0.0490111 2.60669e-05
         308   0.0484429   0.0490093 2.60475e-05
         309    0.048729   0.0490083 2.59789e-05
         310   0.0491336   0.0490088 2.58981e-05
         311   0.0490171   0.0490088 2.58147e-05
         312   0.0495683   0.0490106 2.57943e-05
         313   0.0489838   0.0490105 2.57119e-05
         314   0.0485668   0.0490091 2.56688e-05
         315   0.0488067   0.0490084 2.55952e-05
         316   0.0490044   0.0490084 2.55141e-05
         317   0.0484138   0.0490065 2.55026e-05
         318   0.0490919   0.0490068 2.54237e-05
         319   0.0490028   0.0490068 2.53438e-05
         320   0.0489322   0.0490066 2.52656e-05
         321   0.0485017    0.049005 2.52358e-05
         322   0.0486592   0.0490039 2.51802e-05
         323   0.0480967   0.0490011 2.52588e-05
         324   0.0491336   0.0490015  2.5184e-05
         325   0.0496796   0.0490036  2.5193e-05
         326   0.0491434    0.049004 2.51192e-05
         327   0.0491764   0.0490046 2.50478e-05
         328   0.0493707   0.0490057 2.49963e-05
         329   0.0486489   0.0490046 2.49438e-05
         330    0.048607   0.0490034 2.48973e-05
         331   0.0492369   0.0490041  2.4832e-05
         332   0.0485743   0.0490028 2.47909e-05
         333   0.0487145   0.0490019 2.47315e-05
         334   0.0491613   0.0490024 2.46619e-05
         335   0.0490659   0.0490026 2.45889e-05
         336   0.0499238   0.0490053 2.46685e-05
         337   0.0485894   0.0490041 2.46261e-05
         338   0.0489391   0.0490039 2.45539e-05
         339   0.0497104    0.049006 2.45699e-05
         340   0.0486492   0.0490049   2.452e-05
         341   0.0496071   0.0490067 2.45117e-05
         342   0.0485908   0.0490055 2.44701e-05
         343   0.0488492    0.049005 2.44029e-05
         344   0.0489405   0.0490049 2.43326e-05
         345    0.049282   0.0490057 2.42753e-05
         346   0.0494901   0.0490071 2.42455e-05
         347   0.0483685   0.0490052 2.42455e-05
         348    0.048887   0.0490049 2.41781e-05
         349    0.048528   0.0490035 2.41474e-05
         350   0.0492273   0.0490042 2.40868e-05
         351   0.0493976   0.0490053 2.40442e-05
         352   0.0489906   0.0490052 2.39758e-05
         353   0.0489055   0.0490049 2.39095e-05
         354   0.0489741   0.0490049  2.3842e-05
         355   0.0493877   0.0490059 2.37992e-05
         356   0.0482998    0.049004  2.3815e-05
         357   0.0485439   0.0490027 2.37831e-05
         358   0.0490238   0.0490027 2.37167e-05
         359   0.0493339   0.0490036 2.36685e-05
         360   0.0496493   0.0490054 2.36707e-05
         361   0.0491478   0.0490058 2.36084e-05
         362   0.0484876   0.0490044 2.35865e-05
         363   0.0490796   0.0490046 2.35224e-05
         364   0.0494425   0.0490058 2.34885e-05
         365   0.0489002   0.0490055 2.34259e-05
         366   0.0496883   0.0490074 2.34361e-05
         367   0.0489073   0.0490071 2.33738e-05
         368   0.0485496   0.0490059 2.33433e-05
         369   0.0484139   0.0490043 2.33352e-05
         370   0.0487236   0.0490035 2.32844e-05
         371   0.0489132   0.0490033 2.32228e-05
         372   0.0489519   0.0490031 2.31607e-05
         373   0.0486434   0.0490022 2.31186e-05
         374   0.0490092   0.0490022 2.30567e-05
         375   0.0490071   0.0490022 2.29952e-05
         376   0.0493005    0.049003 2.29477e-05
         377   0.0493947    0.049004 2.29103e-05
         378   0.0487939   0.0490035 2.28564e-05
         379   0.0490989   0.0490037 2.27974e-05
         380   0.0499281   0.0490062 2.28671e-05
         381   0.0490389   0.0490062 2.28071e-05
         382   0.0489312    0.049006 2.27482e-05
         383   0.0499246   0.0490084 2.28151e-05
         384   0.0488344    0.049008 2.27601e-05
         385   0.0491768   0.0490084 2.27052e-05
         386    0.048022   0.0490059   2.279e-05
         387   0.0488378   0.0490054 2.27352e-05
         388   0.0488143   0.0490049 2.26819e-05
         389   0.0492031   0.0490055 2.26292e-05
         390   0.0481706   0.0490033 2.26724e-05
         391   0.0487457   0.0490027 2.26239e-05
         392   0.0492001   0.0490032 2.25718e-05
         393   0.0489217    0.049003 2.25152e-05
         394   0.0488654   0.0490026 2.24607e-05
         395   0.0482304   0.0490007 2.24889e-05
         396    0.049039   0.0490007 2.24323e-05
         397   0.0492976   0.0490015 2.23882e-05
         398   0.0493236   0.0490023 2.23465e-05
         399   0.0492089   0.0490028 2.22964e-05
         400   0.0497044   0.0490046 2.23097e-05
         401   0.0496819   0.0490063  2.2318e-05
         402   0.0491418   0.0490066  2.2265e-05
         403   0.0485787   0.0490055  2.2235e-05
         404    0.049638   0.0490071 2.22351e-05
         405   0.0492541   0.0490077 2.21885e-05
         406   0.0482244   0.0490058 2.22177e-05
         407     0.04866   0.0490049 2.21793e-05
         408   0.0488906   0.0490047 2.21267e-05
         409   0.0484904   0.0490034 2.21083e-05
         410   0.0491794   0.0490038 2.20585e-05
         411   0.0492502   0.0490044 2.20129e-05
         412   0.0488735   0.0490041 2.19617e-05
         413    0.049269   0.0490048 2.19179e-05
         414   0.0489664   0.0490047  2.1865e-05
         415   0.0491494    0.049005 2.18151e-05
         416   0.0490127    0.049005 2.17626e-05
         417   0.0494295    0.049006 2.17342e-05
         418   0.0487904   0.0490055 2.16883e-05
         419   0.0488314   0.0490051 2.16404e-05
         420   0.0493463   0.0490059 2.16041e-05
         421   0.0488913   0.0490057 2.15545e-05
         422   0.0487032   0.0490049 2.15153e-05
         423   0.0494642    0.049006 2.14918e-05
         424   0.0492573   0.0490066 2.14492e-05
         425   0.0492768   0.0490073 2.14081e-05
         426    0.049194   0.0490077 2.13623e-05
         427   0.0494135   0.0490086 2.13334e-05
         428   0.0483381   0.0490071 2.13411e-05
         429   0.0490691   0.0490072 2.12918e-05
         430   0.0483988   0.0490058 2.12893e-05
         431    0.049806   0.0490077 2.13208e-05
         432   0.0493071   0.0490084 2.12827e-05
         433   0.0493866   0.0490092 2.12514e-05
         434   0.0489633   0.0490091 2.12027e-05
         435   0.0488086   0.0490087 2.11589e-05
         436   0.0494352   0.0490096  2.1133e-05
         437   0.0499229   0.0490117 2.11879e-05
         438   0.0492576   0.0490123 2.11469e-05
         439   0.0493787   0.0490131 2.11152e-05
         440   0.0491404   0.0490134 2.10691e-05
         441   0.0498274   0.0490153 2.11022e-05
         442   0.0489291   0.0490151 2.10553e-05
         443     0.04948   0.0490161 2.10339e-05
         444   0.0485689   0.0490151 2.10106e-05
         445    0.048474   0.0490139 2.09986e-05
         446   0.0486702   0.0490131 2.09656e-05
         447   0.0494674   0.0490141 2.09433e-05
         448   0.0489392    0.049014 2.08972e-05
         449    0.049474    0.049015 2.08758e-05
         450   0.0484214   0.0490137 2.08711e-05
         451   0.0491319   0.0490139 2.08264e-05
         452   0.0486185   0.0490131 2.07987e-05
         453   0.0487386   0.0490125 2.07615e-05
         454   0.0494749   0.0490135 2.07408e-05
         455   0.0490756   0.0490136 2.06956e-05
         456   0.0493948   0.0490144 2.06671e-05
         457   0.0496616   0.0490159 2.06704e-05
         458   0.0490386   0.0490159 2.06253e-05
         459   0.0485608   0.0490149 2.06041e-05
         460   0.0495349   0.0490161 2.05904e-05
         461   0.0485224    0.049015 2.05735e-05
         462   0.0489137   0.0490148 2.05301e-05
         463   0.0498328   0.0490165 2.05618e-05
         464   0.0484366   0.0490153 2.05554e-05
         465   0.0495072   0.0490163 2.05385e-05
         466   0.0495327   0.0490174 2.05243e-05
         467   0.0487828   0.0490169 2.04864e-05
         468   0.0487939   0.0490165 2.04482e-05
         469   0.0490499   0.0490165 2.04047e-05
         470   0.0491211   0.0490168 2.03624e-05
         471   0.0491981   0.0490171 2.03228e-05
         472   0.0486447   0.0490164  2.0295e-05
         473    0.049148   0.0490166  2.0254e-05
         474   0.0492679   0.0490172 2.02182e-05
         475    0.049283   0.0490177 2.01833e-05
         476   0.0488891   0.0490175 2.01427e-05
         477   0.0493086   0.0490181 2.01097e-05
         478     0.04846   0.0490169 2.01015e-05
         479   0.0496288   0.0490182 2.01001e-05
         480   0.0497107   0.0490196   2.011e-05
         481   0.0490491   0.0490197 2.00683e-05
         482   0.0487282   0.0490191 2.00357e-05
         483   0.0484897    0.049018 2.00242e-05
         484   0.0489515   0.0490178 1.99833e-05
         485   0.0487505   0.0490173 1.99496e-05
         486   0.0484254   0.0490161 1.99458e-05
         487   0.0501354   0.0490184  2.0037e-05
         488   0.0483999   0.0490171 2.00361e-05
         489   0.0492603   0.0490176 2.00012e-05
         490   0.0493429   0.0490183 1.99714e-05
         491   0.0489915   0.0490182 1.99308e-05
         492   0.0487476   0.0490177 1.98978e-05
         493    0.049584   0.0490188 1.98906e-05
         494   0.0497998   0.0490204 1.99132e-05
         495   0.0496602   0.0490217 1.99149e-05
         496   0.0484285   0.0490205 1.99106e-05
         497   0.0500222   0.0490225 1.99725e-05
         498   0.0488807   0.0490222 1.99344e-05
         499   0.0493682   0.0490229 1.99065e-05
         500   0.0495745    0.049024 1.98972e-05
