           0           0           0
    0.064633           0           0
    0.129266           0           0
    0.193899           0           0
    0.258532           0           0
    0.323165           0           0
    0.387798           0           0
    0.452431           0           0
    0.517064           0           0
    0.581697           0           0
     0.64633           0           0
    0.710963           0           0
    0.775596           0           0
     0.84023   0.0009088 4.95753e-05
    0.904863    0.147902 0.000635126
    0.969496     1.06255  0.00219869
     1.03413     2.04153  0.00389226
     1.09876     2.26759  0.00407024
     1.16339     2.08495  0.00344679
     1.22803     1.83127  0.00295359
     1.29266     1.61511  0.00256596
     1.35729     1.45314  0.00219176
     1.42193     1.33284  0.00193383
     1.48656     1.24943  0.00181849
     1.55119     1.18727  0.00171304
     1.61583     1.14286    0.001547
     1.68046     1.11265  0.00147271
     1.74509     1.08931  0.00144745
     1.80973     1.07469  0.00136265
     1.87436     1.06516  0.00134805
     1.93899     1.05957  0.00131655
     2.00362      1.0571  0.00136275
     2.06826     1.05507  0.00130098
     2.13289     1.05128  0.00130086
     2.19752     1.04664  0.00125435
     2.26216     1.04219   0.0012172
     2.32679     1.03622  0.00122154
     2.39142     1.03167  0.00113429
     2.45606     1.02514  0.00112745
     2.52069     1.02065  0.00106323
     2.58532     1.01638   0.0010469
     2.64995     1.01254  0.00101395
     2.71459      1.0096 0.000983182
     2.77922     1.00703 0.000963037
     2.84385     1.00498 0.000923999
     2.90849     1.00243 0.000841104
     2.97312     1.00092 0.000893413
     3.03775    0.999167 0.000848556
     3.10239    0.998766 0.000823379
     3.16702    0.997746 0.000814774
     3.23165    0.996803 0.000815355
     3.29629    0.995254 0.000759716
     3.36092    0.994864 0.000762208
     3.42555    0.993833 0.000735415
     3.49018    0.992326 0.000745228
     3.55482    0.991699 0.000688894
     3.61945    0.991992 0.000680145
     3.68408    0.990603  0.00066633
     3.74872    0.990311 0.000665764
     3.81335    0.989775 0.000628264
     3.87798    0.989433 0.000621026
     3.94262    0.988764 0.000619319
     4.00725    0.988624  0.00057961
     4.07188    0.988718 0.000567813
     4.13651    0.987873 0.000565101
     4.20115    0.988448 0.000540867
     4.26578    0.987665 0.000547456
     4.33041    0.988252 0.000526522
     4.39505    0.987731 0.000499941
     4.45968    0.987647 0.000473957
     4.52431    0.987647  0.00048063
     4.58895     0.98769 0.000460757
     4.65358     0.98745 0.000449803
     4.71821    0.986685 0.000448393
     4.78285    0.987206 0.000425821
     4.84748    0.986975 0.000413989
     4.91211    0.986715 0.000415606
     4.97674    0.987424 0.000396752
     5.04138    0.986617 0.000407824
     5.10601    0.986715 0.000385675
     5.17064    0.986752 0.000386765
     5.23528    0.986442 0.000380771
     5.29991    0.986423 0.000348674
     5.36454    0.986529 0.000362885
     5.42918    0.986423 0.000344087
     5.49381    0.986562 0.000342176
     5.55844    0.986481 0.000329143
     5.62307    0.986265  0.00032899
     5.68771     0.98611  0.00031462
     5.75234    0.986698 0.000335095
     5.81697    0.986475 0.000314185
     5.88161     0.98652 0.000321572
     5.94624    0.985615 0.000316691
     6.01087    0.986231 0.000323226
     6.07551    0.986365 0.000302672
     6.14014    0.986362 0.000313118
     6.20477    0.986337 0.000297403
      6.2694    0.986437 0.000303304
     6.33404    0.986559 0.000307595
     6.39867    0.986345 0.000289073
