           1    -5.45603    -5.45603           0
           2    -5.43457     -5.4453   0.0107284
           3    -5.46099    -5.45053  0.00810708
           4    -5.48068    -5.45807   0.0094682
           5    -5.45229    -5.45691  0.00742463
           6    -5.46191    -5.45774  0.00611903
           7    -5.45198    -5.45692  0.00523664
           8     -5.4548    -5.45666  0.00454278
           9    -5.45411    -5.45637  0.00401638
          10    -5.44896    -5.45563  0.00366795
          11    -5.45902    -5.45594  0.00333206
          12    -5.47167    -5.45725  0.00331219
          13    -5.46331    -5.45772  0.00308219
          14    -5.44514    -5.45682  0.00299166
          15    -5.47297     -5.4579  0.00298607
          16    -5.45654    -5.45781  0.00279449
          17    -5.48427    -5.45937   0.0030518
          18    -5.45736    -5.45926  0.00287943
          19    -5.47463    -5.46007  0.00284136
          20    -5.48465    -5.46129  0.00296266
          21    -5.44629    -5.46058  0.00290726
          22    -5.46198    -5.46064  0.00277269
          23    -5.46108    -5.46066  0.00264946
          24    -5.45699    -5.46051  0.00254128
          25    -5.46381    -5.46064  0.00244108
          26    -5.45499    -5.46042  0.00235537
          27    -5.46304    -5.46052  0.00226852
          28    -5.47044    -5.46088   0.0022145
          29    -5.46485    -5.46101  0.00214117
          30    -5.45435    -5.46079  0.00208047
          31    -5.46498    -5.46093  0.00201678
          32    -5.49426    -5.46197  0.00221327
          33    -5.46924    -5.46219  0.00215643
          34    -5.43961    -5.46152  0.00219488
          35     -5.4345    -5.46075  0.00226677
          36    -5.45488    -5.46059  0.00220893
          37    -5.44539    -5.46018  0.00218729
          38    -5.46203    -5.46023  0.00212951
          39     -5.4892    -5.46097  0.00220321
          40    -5.45074    -5.46071   0.0021626
          41    -5.45834    -5.46066  0.00210999
          42      -5.459    -5.46062  0.00205952
          43    -5.43147    -5.45994   0.0021222
          44    -5.47335    -5.46024   0.0020957
          45    -5.48367    -5.46076  0.00211372
          46    -5.46355    -5.46082  0.00206814
          47    -5.45093    -5.46061  0.00203459
          48    -5.47595    -5.46093  0.00201722
          49    -5.48645    -5.46145  0.00204312
          50    -5.44336    -5.46109  0.00203429
          51    -5.45417    -5.46096  0.00199862
          52    -5.48494    -5.46142  0.00201335
          53    -5.47605    -5.46169   0.0019942
          54    -5.46055    -5.46167  0.00195704
          55      -5.472    -5.46186  0.00193029
          56    -5.46724    -5.46196  0.00189794
          57    -5.46975    -5.46209  0.00186935
          58     -5.4822    -5.46244  0.00186927
          59    -5.46935    -5.46256  0.00184105
          60    -5.44843    -5.46232  0.00182534
          61     -5.4641    -5.46235  0.00179541
          62    -5.44485    -5.46207  0.00178863
          63     -5.4381    -5.46169  0.00180065
          64    -5.50229    -5.46232  0.00188243
          65    -5.45809    -5.46226  0.00185438
          66     -5.4266    -5.46172  0.00190432
          67    -5.42709     -5.4612  0.00194559
          68    -5.46999    -5.46133  0.00192112
          69    -5.46943    -5.46145  0.00189671
          70    -5.48071    -5.46172  0.00188956
          71    -5.43983    -5.46141  0.00188812
          72    -5.48661    -5.46176  0.00189432
          73    -5.46379    -5.46179  0.00186839
          74    -5.46634    -5.46185    0.001844
          75    -5.46991    -5.46196  0.00182241
          76    -5.44614    -5.46175  0.00181028
          77    -5.47267    -5.46189  0.00179224
          78    -5.46455    -5.46193  0.00176944
          79    -5.46659    -5.46199  0.00174789
          80    -5.46513    -5.46203  0.00172635
          81    -5.46591    -5.46207  0.00170558
          82    -5.47598    -5.46224  0.00169317
          83    -5.48777    -5.46255  0.00170069
          84    -5.47173    -5.46266  0.00168387
          85    -5.47382    -5.46279  0.00166911
          86    -5.45719    -5.46273  0.00165088
          87    -5.44877    -5.46257  0.00163966
          88    -5.46155    -5.46256  0.00162096
          89    -5.44997    -5.46241  0.00160887
          90    -5.45831    -5.46237  0.00159154
          91     -5.4909    -5.46268  0.00160489
          92    -5.43745    -5.46241  0.00161086
          93    -5.47227    -5.46251  0.00159697
          94    -5.41883    -5.46205  0.00164683
          95    -5.46865    -5.46212  0.00163088
          96    -5.46838    -5.46218  0.00161512
          97    -5.50027    -5.46258  0.00164591
          98    -5.46177    -5.46257  0.00162904
          99    -5.44335    -5.46237  0.00162415
         100    -5.44468     -5.4622  0.00161753
         101    -5.44733    -5.46205  0.00160819
         102    -5.44878    -5.46192  0.00159765
         103    -5.46051    -5.46191  0.00158212
         104    -5.45963    -5.46188  0.00156699
         105    -5.45625    -5.46183  0.00155292
         106    -5.48374    -5.46204  0.00155203
         107    -5.42774    -5.46172  0.00157051
         108    -5.44057    -5.46152  0.00156817
         109    -5.44704    -5.46139  0.00155939
         110     -5.4761    -5.46152  0.00155092
         111    -5.44063    -5.46133  0.00154838
         112    -5.46994    -5.46141  0.00153641
         113    -5.44198    -5.46124  0.00153243
         114    -5.46098    -5.46124  0.00151893
         115    -5.46093    -5.46123  0.00150567
         116    -5.45444    -5.46117  0.00149378
         117    -5.42808    -5.46089  0.00150774
         118    -5.49054    -5.46114  0.00151587
         119    -5.46938    -5.46121  0.00150467
         120    -5.47897    -5.46136   0.0014994
         121    -5.50965    -5.46176  0.00153958
         122    -5.45426     -5.4617  0.00152815
         123    -5.48417    -5.46188  0.00152665
         124    -5.46156    -5.46188  0.00151429
         125    -5.46806    -5.46193  0.00150294
         126    -5.45873     -5.4619  0.00149118
         127    -5.44304    -5.46175  0.00148683
         128    -5.47398    -5.46185  0.00147826
         129    -5.46203    -5.46185  0.00146675
         130    -5.48898    -5.46206  0.00147031
         131     -5.4618    -5.46206  0.00145904
         132       -5.49    -5.46227  0.00146334
         133    -5.47521    -5.46237  0.00145556
         134    -5.46056    -5.46235  0.00144472
         135    -5.47395    -5.46244  0.00143655
         136    -5.44982    -5.46235  0.00142896
         137    -5.46194    -5.46234  0.00141849
         138     -5.4558     -5.4623  0.00140897
         139    -5.46426    -5.46231  0.00139887
         140    -5.44066    -5.46215  0.00139743
         141    -5.46345    -5.46216  0.00138751
         142    -5.47826    -5.46228  0.00138236
         143    -5.45297    -5.46221   0.0013742
         144    -5.44916    -5.46212  0.00136764
         145    -5.49379    -5.46234  0.00137561
         146    -5.44121     -5.4622  0.00137381
         147    -5.46238     -5.4622  0.00136443
         148    -5.44209    -5.46206  0.00136197
         149    -5.44022    -5.46191  0.00136072
         150    -5.46316    -5.46192  0.00135164
         151    -5.43658    -5.46175  0.00135311
         152     -5.4862    -5.46192  0.00135377
         153     -5.4539    -5.46186  0.00134591
         154    -5.46467    -5.46188  0.00133726
         155     -5.4613    -5.46188  0.00132861
         156    -5.47816    -5.46198  0.00132419
         157    -5.44685    -5.46189  0.00131925
         158    -5.46259    -5.46189  0.00131089
         159     -5.4659    -5.46192  0.00130286
         160    -5.46706    -5.46195  0.00129509
         161    -5.46025    -5.46194  0.00128706
         162    -5.44885    -5.46186  0.00128164
         163    -5.48118    -5.46197  0.00127926
         164    -5.47505    -5.46205  0.00127394
         165    -5.46115    -5.46205   0.0012662
         166    -5.46795    -5.46208  0.00125906
         167    -5.47472    -5.46216  0.00125378
         168    -5.47152    -5.46222  0.00124754
         169    -5.44602    -5.46212  0.00124383
         170    -5.45385    -5.46207  0.00123745
         171    -5.44813    -5.46199  0.00123289
         172    -5.44719     -5.4619  0.00122872
         173    -5.44174    -5.46179  0.00122714
         174     -5.4519    -5.46173  0.00122139
         175    -5.46626    -5.46176  0.00121466
         176    -5.46319    -5.46176  0.00120777
         177    -5.45859    -5.46175  0.00120106
         178    -5.47003    -5.46179   0.0011952
         179    -5.45314    -5.46174  0.00118949
         180     -5.4756    -5.46182  0.00118536
         181       -5.45    -5.46176   0.0011806
         182    -5.45288    -5.46171  0.00117511
         183    -5.45284    -5.46166  0.00116968
         184    -5.45812    -5.46164  0.00116346
         185     -5.4782    -5.46173  0.00116062
         186    -5.46293    -5.46174  0.00115438
         187    -5.44764    -5.46166  0.00115066
         188    -5.44289    -5.46156  0.00114887
         189    -5.48768     -5.4617   0.0011511
         190    -5.45248    -5.46165  0.00114605
         191    -5.45867    -5.46163  0.00114014
         192    -5.46214    -5.46164  0.00113419
         193    -5.43931    -5.46152  0.00113421
         194    -5.45306    -5.46148   0.0011292
         195     -5.4537    -5.46144   0.0011241
         196    -5.47883    -5.46153  0.00112186
         197    -5.49741    -5.46171  0.00113092
         198    -5.47903     -5.4618  0.00112859
         199    -5.46921    -5.46183  0.00112352
         200    -5.45895    -5.46182  0.00111798
         201     -5.4508    -5.46176  0.00111376
         202    -5.43762    -5.46164  0.00111466
         203     -5.4663    -5.46167  0.00110939
         204    -5.49414    -5.46183  0.00111535
         205    -5.49294    -5.46198  0.00112023
         206    -5.48989    -5.46211  0.00112298
         207    -5.48559    -5.46223  0.00112328
         208    -5.48008    -5.46231  0.00112116
         209    -5.48383    -5.46242  0.00112052
         210    -5.43699     -5.4623  0.00112173
         211    -5.47456    -5.46235  0.00111791
         212     -5.4426    -5.46226  0.00111652
         213    -5.46516    -5.46227  0.00111134
         214     -5.4466     -5.4622  0.00110856
         215    -5.44725    -5.46213  0.00110558
         216    -5.46468    -5.46214  0.00110051
         217    -5.47244    -5.46219  0.00109646
         218    -5.47023    -5.46223  0.00109204
         219    -5.47503    -5.46229  0.00108861
         220    -5.47834    -5.46236  0.00108611
         221    -5.43618    -5.46224  0.00108765
         222    -5.43809    -5.46213  0.00108819
         223    -5.43735    -5.46202  0.00108899
         224    -5.48989    -5.46214  0.00109123
         225    -5.46897    -5.46218  0.00108679
         226    -5.48395    -5.46227  0.00108625
         227    -5.47266    -5.46232  0.00108243
         228    -5.47242    -5.46236  0.00107858
         229    -5.46579    -5.46238  0.00107396
         230    -5.46685     -5.4624  0.00106946
         231     -5.4625     -5.4624  0.00106482
         232    -5.47588    -5.46245  0.00106181
         233    -5.44707    -5.46239  0.00105931
         234    -5.47528    -5.46244  0.00105621
         235     -5.4403    -5.46235  0.00105592
         236    -5.46807    -5.46237  0.00105171
         237    -5.45167    -5.46233  0.00104824
         238     -5.4707    -5.46236  0.00104442
         239    -5.46901    -5.46239  0.00104041
         240    -5.44253    -5.46231  0.00103937
         241    -5.47687    -5.46237  0.00103681
         242    -5.44734    -5.46231  0.00103438
         243    -5.46296    -5.46231  0.00103012
         244    -5.44567    -5.46224  0.00102815
         245    -5.47685     -5.4623  0.00102568
         246    -5.46233     -5.4623   0.0010215
         247    -5.46753    -5.46232  0.00101757
         248    -5.46103    -5.46232  0.00101348
         249    -5.43905    -5.46222  0.00101371
         250    -5.43617    -5.46212  0.00101502
         251    -5.47846    -5.46218  0.00101306
         252    -5.47391    -5.46223   0.0010101
         253    -5.48299    -5.46231  0.00100944
         254     -5.4561    -5.46229  0.00100576
         255    -5.47968    -5.46236  0.00100413
         256    -5.44026    -5.46227  0.00100391
         257    -5.48537    -5.46236  0.00100403
         258     -5.4492    -5.46231  0.00100143
         259    -5.44822    -5.46226 0.000999038
         260    -5.45194    -5.46222 0.000995979
         261    -5.45283    -5.46218 0.000992808
         262    -5.45926    -5.46217 0.000989074
         263    -5.46017    -5.46216 0.000985335
         264    -5.44374    -5.46209 0.000984074
         265    -5.46614    -5.46211 0.000980472
         266     -5.4605     -5.4621 0.000976798
         267    -5.45211    -5.46206 0.000973851
         268    -5.47573    -5.46211 0.000971549
         269     -5.4638    -5.46212 0.000967951
         270    -5.47764    -5.46218 0.000966072
         271    -5.44562    -5.46212 0.000964438
         272    -5.48519     -5.4622 0.000964624
         273    -5.47381    -5.46224 0.000962025
         274    -5.45889    -5.46223 0.000958585
         275     -5.4544     -5.4622 0.000955518
         276    -5.42859    -5.46208 0.000959808
         277    -5.43022    -5.46197 0.000963228
         278    -5.45592    -5.46194 0.000960004
         279    -5.45062     -5.4619 0.000957418
         280    -5.44795    -5.46185 0.000955293
         281    -5.48955    -5.46195 0.000956977
         282    -5.44826     -5.4619 0.000954813
         283    -5.44002    -5.46183 0.000954571
         284    -5.44484    -5.46177 0.000953083
         285    -5.45032    -5.46173 0.000950582
         286    -5.43811    -5.46164 0.000950846
         287    -5.45592    -5.46162 0.000947736
         288    -5.43334    -5.46153 0.000949533
         289    -5.46091    -5.46152 0.000946244
         290    -5.43946    -5.46145  0.00094604
         291    -5.44813     -5.4614 0.000943894
         292    -5.45245    -5.46137 0.000941156
         293    -5.46537    -5.46139 0.000938037
         294     -5.4312    -5.46128 0.000940463
         295    -5.45582    -5.46126 0.000937452
         296    -5.47156     -5.4613 0.000934927
         297    -5.45771    -5.46129 0.000931852
         298    -5.47451    -5.46133  0.00092978
         299    -5.45474    -5.46131 0.000926927
         300    -5.45059    -5.46127 0.000924523
         301    -5.46346    -5.46128 0.000921475
         302    -5.46455    -5.46129 0.000918483
         303    -5.45355    -5.46127 0.000915803
         304    -5.47518    -5.46131 0.000913932
         305    -5.45852     -5.4613 0.000910977
         306    -5.47797    -5.46136 0.000909627
         307    -5.45217    -5.46133 0.000907152
         308    -5.45035    -5.46129 0.000904904
         309    -5.46511     -5.4613 0.000902055
         310    -5.44946    -5.46127 0.000899952
         311    -5.49054    -5.46136  0.00090198
         312    -5.45683    -5.46135 0.000899202
         313    -5.47499    -5.46139 0.000897384
         314    -5.46525     -5.4614 0.000894607
         315     -5.4536    -5.46138 0.000892106
         316    -5.48416    -5.46145 0.000892197
         317    -5.45547    -5.46143 0.000889578
         318    -5.47991    -5.46149 0.000888678
         319    -5.44811    -5.46145  0.00088688
         320    -5.48977    -5.46153 0.000888522
         321    -5.47106    -5.46156 0.000886247
         322    -5.44619    -5.46152  0.00088478
         323    -5.47701    -5.46156  0.00088334
         324    -5.50184    -5.46169 0.000889342
         325    -5.44814    -5.46165  0.00088758
         326    -5.46312    -5.46165 0.000884865
         327    -5.44915    -5.46161 0.000882983
         328    -5.44984    -5.46158 0.000881019
         329    -5.46942     -5.4616  0.00087866
         330    -5.47833    -5.46165  0.00087746
         331    -5.43243    -5.46156 0.000879248
         332    -5.44829    -5.46152 0.000877507
         333    -5.46365    -5.46153 0.000874892
         334    -5.43994    -5.46147 0.000874659
         335    -5.43883     -5.4614 0.000874659
         336    -5.51379    -5.46155 0.000885883
         337    -5.49083    -5.46164 0.000887513
         338     -5.4442    -5.46159 0.000886387
         339    -5.48202    -5.46165  0.00088582
         340    -5.48523    -5.46172  0.00088593
         341    -5.45042    -5.46169 0.000883949
         342    -5.47667    -5.46173 0.000882449
         343    -5.46813    -5.46175 0.000880071
         344    -5.46811    -5.46177 0.000877703
         345    -5.45448    -5.46175  0.00087541
         346    -5.44798    -5.46171 0.000873782
         347      -5.465    -5.46171 0.000871312
         348     -5.4448    -5.46167 0.000870164
         349    -5.43765     -5.4616 0.000870392
         350    -5.45754    -5.46159 0.000867979
         351    -5.45392    -5.46156 0.000865778
         352    -5.43871     -5.4615 0.000865753
         353    -5.45854    -5.46149 0.000863337
         354     -5.4439    -5.46144 0.000862329
         355    -5.46043    -5.46144 0.000859901
         356    -5.44747     -5.4614 0.000858379
         357    -5.46799    -5.46142 0.000856171
         358    -5.44547    -5.46137 0.000854938
         359    -5.46001    -5.46137 0.000852561
         360    -5.48054    -5.46142 0.000851856
         361    -5.44917    -5.46139  0.00085017
         362    -5.46027    -5.46139 0.000847824
         363    -5.44749    -5.46135 0.000846351
         364    -5.43958    -5.46129 0.000846139
         365    -5.46454     -5.4613 0.000843864
         366    -5.45089    -5.46127 0.000842036
         367    -5.43617     -5.4612 0.000842518
         368      -5.486    -5.46127 0.000842925
         369    -5.42559    -5.46117 0.000846178
         370    -5.45561    -5.46115 0.000844022
         371    -5.43398    -5.46108 0.000844925
         372    -5.47686    -5.46112 0.000843717
         373    -5.45106     -5.4611 0.000841885
         374    -5.47932    -5.46115 0.000841044
         375    -5.43775    -5.46108 0.000841116
         376    -5.45622    -5.46107 0.000838976
         377    -5.45965    -5.46107 0.000836756
         378    -5.44909    -5.46104  0.00083514
         379    -5.46858    -5.46106 0.000833172
         380    -5.44631    -5.46102 0.000831881
         381    -5.45733    -5.46101 0.000829751
         382    -5.43629    -5.46094 0.000830102
         383      -5.455    -5.46093 0.000828077
         384     -5.4308    -5.46085 0.000829637
         385    -5.45525    -5.46083 0.000827607
         386    -5.49045    -5.46091 0.000829018
         387    -5.45859     -5.4609 0.000826895
         388    -5.46513    -5.46091 0.000824833
         389    -5.44807    -5.46088 0.000823372
         390    -5.45477    -5.46087 0.000821408
         391    -5.45776    -5.46086 0.000819343
         392    -5.46601    -5.46087 0.000817356
         393    -5.45542    -5.46086 0.000815391
         394    -5.48171    -5.46091 0.000815039
         395     -5.4797    -5.46096 0.000814364
         396    -5.42121    -5.46086 0.000818481
         397    -5.46613    -5.46087 0.000816525
         398    -5.47115     -5.4609  0.00081488
         399    -5.45672    -5.46089 0.000812902
         400    -5.47548    -5.46092 0.000811688
         401    -5.45946    -5.46092 0.000809669
         402    -5.43331    -5.46085 0.000810567
         403    -5.48608    -5.46091 0.000810974
         404    -5.44724    -5.46088 0.000809671
         405    -5.45553    -5.46087 0.000807778
         406    -5.46428    -5.46087  0.00080583
         407    -5.46821    -5.46089 0.000804049
         408    -5.47145    -5.46092 0.000802493
         409    -5.48478    -5.46098 0.000802652
         410    -5.45422    -5.46096 0.000800862
         411    -5.47557      -5.461 0.000799701
         412    -5.44831    -5.46097 0.000798352
         413    -5.45711    -5.46096 0.000796471
         414    -5.44707    -5.46092 0.000795252
         415    -5.45807    -5.46092 0.000793363
         416    -5.45272     -5.4609 0.000791699
         417    -5.44866    -5.46087 0.000790343
         418    -5.44913    -5.46084  0.00078895
         419    -5.44589     -5.4608 0.000787872
         420    -5.44317    -5.46076 0.000787115
         421    -5.48728    -5.46082 0.000787766
         422    -5.43407    -5.46076  0.00078845
         423    -5.47503    -5.46079 0.000787306
         424    -5.47349    -5.46082 0.000786018
         425    -5.47644    -5.46086 0.000785027
         426    -5.48217    -5.46091 0.000784777
         427    -5.48628    -5.46097 0.000785189
         428    -5.46913    -5.46099 0.000783584
         429    -5.44675    -5.46096  0.00078246
         430    -5.43146    -5.46089 0.000783645
         431    -5.47666    -5.46092  0.00078268
         432    -5.51565    -5.46105 0.000791076
         433    -5.46745    -5.46107 0.000789385
         434    -5.48104    -5.46111 0.000788908
         435    -5.44017    -5.46106 0.000788564
         436    -5.46048    -5.46106 0.000786754
         437    -5.46876    -5.46108 0.000785149
         438    -5.44513    -5.46104 0.000784201
         439    -5.43618    -5.46099  0.00078446
         440    -5.46115    -5.46099 0.000782675
         441    -5.46396    -5.46099 0.000780927
         442    -5.48919    -5.46106 0.000781766
         443    -5.45208    -5.46104 0.000780263
         444    -5.46801    -5.46105 0.000778662
         445    -5.46888    -5.46107 0.000777109
         446    -5.43134      -5.461 0.000778225
         447    -5.42301    -5.46092 0.000781119
         448    -5.45872    -5.46091 0.000779389
         449    -5.48933    -5.46098 0.000780223
         450     -5.4383    -5.46093 0.000780116
         451    -5.44825     -5.4609 0.000778892
         452    -5.46768    -5.46091 0.000777312
         453    -5.45775    -5.46091 0.000775625
         454    -5.43285    -5.46084 0.000776378
         455    -5.44521    -5.46081 0.000775432
         456    -5.46996    -5.46083  0.00077399
         457    -5.47323    -5.46086  0.00077277
         458    -5.46372    -5.46086 0.000771106
         459    -5.45928    -5.46086 0.000769432
         460    -5.47083    -5.46088 0.000768064
         461    -5.46017    -5.46088 0.000766397
         462    -5.45807    -5.46087 0.000764761
         463    -5.46166    -5.46088 0.000763109
         464    -5.41321    -5.46077 0.000768362
         465    -5.46976    -5.46079 0.000766952
         466    -5.48497    -5.46084 0.000767061
         467    -5.44367    -5.46081   0.0007663
         468    -5.46445    -5.46082   0.0007647
         469    -5.44317    -5.46078 0.000763995
         470    -5.44679    -5.46075 0.000762949
         471    -5.45795    -5.46074 0.000761351
         472    -5.42817    -5.46067 0.000762864
         473    -5.45873    -5.46067 0.000761261
         474    -5.42808     -5.4606 0.000762758
         475    -5.45797    -5.46059  0.00076117
         476    -5.47921    -5.46063 0.000760575
         477    -5.45961    -5.46063 0.000758982
         478    -5.45789    -5.46063 0.000757414
         479    -5.45486    -5.46061 0.000755927
         480    -5.45399     -5.4606 0.000754477
         481    -5.46631    -5.46061    0.000753
         482    -5.43482    -5.46056 0.000753339
         483    -5.46244    -5.46056 0.000751788
         484    -5.46475    -5.46057 0.000750283
         485    -5.43867    -5.46053 0.000750095
         486    -5.47097    -5.46055 0.000748859
         487    -5.45773    -5.46054 0.000747342
         488    -5.45265    -5.46053 0.000745984
         489    -5.46159    -5.46053  0.00074446
         490    -5.44669     -5.4605 0.000743476
         491    -5.45296    -5.46048 0.000742119
         492    -5.47511    -5.46051 0.000741206
         493    -5.45784    -5.46051 0.000739721
         494    -5.47511    -5.46054 0.000738813
         495    -5.46213    -5.46054 0.000737326
         496    -5.47644    -5.46057 0.000736536
         497    -5.47055    -5.46059 0.000735327
         498    -5.43132    -5.46053 0.000736199
         499    -5.44349     -5.4605 0.000735516
         500    -5.45736    -5.46049  0.00073407
