1.35655
1.35666
1.35678
1.35687
1.35691
1.35685
1.35666
1.35637
1.35607
1.35582
1.35568
1.35565
1.35568
1.35574
1.35581
1.35587
1.35592
1.35599
1.35606
1.35616
1.35627
1.35638
1.35652
1.35665
1.35674
1.35676
1.35669
1.35654
1.35633
1.35611
1.35593
1.35581
1.35577
1.35578
1.35582
1.35588
1.35594
1.35602
1.35611
1.3562
1.35628
1.35639
1.35649
1.35659
1.35669
1.35677
1.35681
1.35679
1.3567
1.35655
1.35637
1.35615
1.35592
1.35572
1.35555
1.35545
1.35545
1.35552
1.35563
1.35577
1.3559
1.35602
1.35613
1.35622
1.35629
1.35635
1.35642
1.35648
1.35652
1.35658
1.35661
1.35664
1.35666
1.35669
1.35674
1.35681
1.35692
1.35706
1.35722
1.35737
1.35742
1.35731
1.35699
1.3565
1.35596
1.35548
1.35518
1.35507
1.35513
1.35529
1.3555
1.35571
1.35589
1.35602
1.3561
1.35615
1.35618
1.3562
1.3562
1.35622
1.35624
1.35627
1.35631
1.35634
1.35638
1.35642
1.35646
1.3565
1.35653
1.35655
1.35656
1.35657
1.35659
1.35658
1.35657
1.35657
1.35655
1.35654
1.35651
1.35649
1.35645
1.3564
1.35635
1.35631
1.35626
1.35623
1.3562
1.35619
1.3562
1.3562
1.35623
1.35625
1.35628
1.3563
1.35631
1.35631
1.35631
1.3563
1.3563
1.3563
1.3563
1.35629
1.35629
1.35629
1.35629
1.35627
1.35624
1.3562
1.35617
1.35613
1.35609
1.35606
1.35604
1.35603
1.35602
1.35601
1.356
1.356
1.35601
1.35603
1.35605
1.35609
1.35615
1.35622
1.35631
1.35642
1.35652
1.35662
1.3567
1.35674
1.35674
1.3567
1.3566
1.35646
1.35631
1.35617
1.35608
1.35606
1.35612
1.35624
1.35641
1.35658
1.35671
1.35675
1.35667
1.35647
1.35621
1.35596
1.35578
1.3557
1.35573
1.35583
1.35599
1.35618
1.35638
1.35657
1.35674
1.35686
1.35689
1.35682
1.35666
1.35646
1.35629
1.35619
1.35615
1.35615
1.35618
1.35619
1.35618
1.35617
1.35613
1.35611
1.35608
1.35607
1.35607
1.35608
1.35609
1.35614
1.35619
1.35625
1.35631
1.35636
1.35643
1.35652
1.3566
1.35671
1.35681
1.3569
1.35694
1.35689
1.35674
1.35649
1.35619
1.35592
1.35577
1.35572
1.35577
1.35588
1.35601
1.35614
1.35625
1.35632
1.35637
1.3564
1.3564
1.35638
1.35635
1.35633
1.3563
1.3563
1.35631
1.35633
1.35635
1.35636
1.35636
1.35637
1.35636
1.35634
1.35632
1.35631
1.35629
1.3563
1.35631
1.35634
1.35637
1.3564
1.35642
1.35642
1.35642
1.35642
1.35641
1.3564
1.3564
1.35641
1.35641
1.35641
1.35639
1.35635
1.35632
1.35627
1.35624
1.35623
1.35621
1.35619
1.35619
1.35619
1.35619
1.35617
1.35615
1.35614
1.35612
1.35611
1.3561
1.35611
1.35613
1.35616
1.35619
1.35622
1.35627
1.35633
1.35637
1.3564
1.35642
1.35641
1.35639
1.35632
1.35625
1.35616
1.35606
1.35598
1.35591
1.35587
1.35587
1.35589
1.35593
1.356
1.3561
1.35619
1.35629
1.35641
1.35652
1.35664
1.35677
1.35687
1.35698
1.35707
1.35719
1.35731
1.35746
1.3576
1.35765
1.35754
1.3572
1.35667
1.35607
1.35556
1.35524
1.35515
1.35523
1.35542
1.35563
1.35583
1.35601
1.35615
1.35627
1.35634
1.35638
1.35642
1.35644
1.35646
1.35645
1.35644
1.35642
1.35638
1.35635
1.35631
1.35629
1.35628
1.3563
1.35634
1.35641
1.3565
1.35662
1.35674
1.35685
1.35693
1.35695
1.35688
1.35672
1.35651
1.35629
1.35612
1.35603
1.35602
1.35606
1.35615
1.35623
1.3563
1.35635
1.35638
1.3564
1.35639
1.35638
1.35635
1.35632
1.35628
1.35625
1.35623
1.35621
1.35621
1.35621
1.35622
1.35623
1.35626
1.35629
1.35633
1.35637
1.3564
1.35645
1.35648
1.3565
1.35653
1.35655
1.35656
1.35655
1.35653
1.3565
1.35646
1.35643
1.35642
1.35642
1.35644
1.35649
1.35654
1.3566
1.35665
1.3567
1.35675
1.35681
1.35687
1.35693
1.35692
1.35679
1.35655
1.35623
1.35595
1.35579
1.35578
1.35589
1.35606
1.35624
1.3564
1.35651
1.35658
1.35661
1.35661
1.3566
1.35658
1.35656
1.35656
1.35656
1.35656
1.35657
1.35657
1.35657
1.35655
1.35654
1.35652
1.3565
1.35649
1.35646
1.35645
1.35644
1.35643
1.35644
1.35644
1.35646
1.35647
1.35648
1.35648
1.3565
1.35652
1.35653
1.35654
1.35654
1.35653
1.35652
1.35652
1.3565
1.35648
1.35648
1.35647
1.35646
1.35646
1.35647
1.35648
1.35651
1.35653
1.35655
1.35658
1.3566
1.35663
1.35666
1.35668
1.3567
1.3567
1.3567
1.35668
1.35666
1.35662
1.35659
1.35655
1.3565
1.35646
1.35643
1.3564
1.35639
1.35637
1.35637
1.35636
1.35635
1.35634
1.35634
1.35634
1.35634
1.35634
1.35634
1.35637
1.35639
1.35643
1.35646
1.3565
1.35655
1.3566
1.35664
1.35669
1.35673
1.35678
1.35682
1.35686
1.35689
1.35692
1.35692
1.35692
1.35688
1.35683
1.35675
1.35665
1.35653
1.35638
1.35625
1.35613
1.35604
1.35599
1.35596
1.35598
1.35602
1.35608
1.35617
1.35625
1.35634
1.35642
1.3565
1.35655
1.3566
1.35662
1.35662
1.3566
1.35656
1.35651
1.35646
1.3564
1.35636
1.35633
1.35634
1.35636
1.35639
1.35643
1.35649
1.35655
1.35661
1.35667
1.35674
1.35681
1.35687
1.35691
1.35694
1.35696
1.35696
1.35693
1.35687
1.35675
1.35662
1.35644
1.35628
1.35614
1.35604
1.356
1.35601
1.35607
1.35616
1.35626
1.35636
1.35646
1.35654
1.35661
1.35665
1.35668
1.35669
1.35668
1.35664
1.3566
1.35655
1.35651
1.35647
1.35642
1.35639
1.35638
1.35638
1.35638
1.35639
1.3564
1.35641
1.35641
1.35642
1.35643
1.35643
1.35644
1.35645
1.35645
1.35646
1.35647
1.35649
1.35651
1.35654
1.35657
1.3566
1.35663
1.35666
1.35668
1.35669
1.3567
1.3567
1.35671
1.35674
1.3568
1.35691
1.35708
1.35728
1.35742
1.35744
1.35726
1.35689
1.35643
1.35604
1.35585
1.35583
1.35591
1.35604
1.35615
1.35625
1.35632
1.35638
1.35643
1.35649
1.35654
1.3566
1.35665
1.35668
1.35669
1.35667
1.35662
1.35655
1.35646
1.35638
1.35632
1.35629
1.3563
1.35632
1.35637
1.35644
1.35652
1.35662
1.35672
1.35683
1.35695
1.35704
1.35708
1.35707
1.357
1.35687
1.35672
1.35657
1.35643
1.35628
1.35614
1.35604
1.35597
1.35598
1.35606
1.3562
1.35638
1.35656
1.35672
1.35685
1.35693
1.35693
1.35687
1.35672
1.35655
1.35638
1.35624
1.35616
1.35613
1.35614
1.35619
1.35624
1.3563
1.35637
1.35644
1.35651
1.35657
1.35663
1.35669
1.35672
1.35674
1.35675
1.35673
1.3567
1.35663
1.35655
1.35646
1.35637
1.35629
1.35623
1.35618
1.35617
1.35616
1.35617
1.35618
1.35621
1.35623
1.35625
1.35626
1.35629
1.3563
1.35631
1.35631
1.35632
1.35633
1.35634
1.35633
1.35632
1.3563
1.35627
1.35626
1.35625
1.35626
1.35629
1.35633
1.35639
1.35648
1.35657
1.35669
1.3568
1.35692
1.357
1.35705
1.35704
1.35699
1.35691
1.35678
1.35664
1.3565
1.35636
1.35624
1.35616
1.35612
1.35612
1.35617
1.35623
1.35628
1.3563
1.35627
1.35621
1.35612
1.35606
1.35604
1.3561
1.35622
1.3564
1.35661
1.35683
1.35704
1.35723
1.35735
1.35739
1.35733
1.35716
1.35691
1.35666
1.35642
1.35627
1.35618
1.35614
1.35614
1.35614
1.35614
1.35613
1.35613
1.35614
1.35617
1.35621
1.35627
1.35635
1.35644
1.35654
1.35665
1.35677
1.3569
1.35701
1.35712
1.35717
1.35719
1.35716
1.35707
1.35694
1.3568
1.35668
1.35657
1.3565
1.35648
1.3565
1.35655
1.35663
1.35675
1.35688
1.35699
1.35706
1.35709
1.35705
1.35694
1.3568
1.35663
1.35651
1.35641
1.35637
1.35636
1.35636
1.35636
1.35636
1.35636
1.35637
1.35637
1.35639
1.35641
1.35645
1.35649
1.35655
1.35663
1.35674
1.35685
1.35698
1.35713
1.35729
1.35743
1.35755
1.35758
1.35748
1.35725
1.35693
1.35658
1.35625
1.35602
1.35589
1.35585
1.35588
1.35595
1.35602
1.3561
1.35617
1.35622
1.35627
1.35631
1.35633
1.35635
1.35637
1.35638
1.35639
1.3564
1.35642
1.35645
1.35649
1.35653
1.35659
1.35666
1.35673
1.35682
1.35694
1.35707
1.35719
1.35729
1.35736
1.35735
1.35724
1.35704
1.35675
1.35646
1.35621
1.35605
1.35598
1.35598
1.35605
1.35615
1.35628
1.3564
1.35652
1.35663
1.35675
1.35687
1.35697
1.35703
1.35704
1.35698
1.35686
1.35668
1.35648
1.35628
1.35612
1.35604
1.35601
1.35603
1.35608
1.35615
1.35623
1.35629
1.35634
1.35638
1.35643
1.35646
1.35651
1.35655
1.35659
1.35663
1.35663
1.35661
1.35657
1.35651
1.35645
1.35639
1.35636
1.35636
1.35639
1.35642
1.35647
1.35649
1.35649
1.35647
1.35643
1.35638
1.35635
1.35632
1.35631
1.35633
1.35637
1.35643
1.35651
1.35659
1.35669
1.35678
1.35687
1.35694
1.35701
1.35705
1.35703
1.35695
1.3568
1.35659
1.35634
1.35612
1.35594
1.35585
1.35585
1.35593
1.35605
1.35619
1.35633
1.35647
1.35658
1.35667
1.35673
1.35676
1.35677
1.35675
1.35672
1.35667
1.35663
1.35657
1.35651
1.35644
1.35637
1.35632
1.35629
1.35631
1.35638
1.35647
1.35658
1.35665
1.35671
1.35671
1.35665
1.35656
1.35644
1.35631
1.3562
1.35614
1.3561
1.35611
1.35615
1.35618
1.35624
1.3563
1.35636
1.35642
1.35648
1.35654
1.35659
1.35665
1.35668
1.3567
1.35669
1.35665
1.35658
1.35648
1.35639
1.35631
1.35631
1.35635
1.35645
1.35661
1.35681
1.35701
1.35717
1.35722
1.35712
1.35686
1.35653
1.35621
1.35602
1.35602
1.35615
1.35636
1.35661
1.35682
1.35694
1.35691
1.35672
1.35641
1.35606
1.35581
1.35571
1.35575
1.35588
1.35605
1.35621
1.35635
1.35647
1.35657
1.35664
1.35671
1.35676
1.35678
1.35678
1.35675
1.35669
1.35663
1.35654
1.35648
1.35645
1.35644
1.35647
1.35649
1.35653
1.35655
1.35656
1.35654
1.35652
1.35649
1.35645
1.35643
1.35641
1.35641
1.35641
1.35642
1.35643
1.35644
1.35646
1.35648
1.35651
1.35654
1.35657
1.35661
1.35662
1.35663
1.35662
1.3566
1.35657
1.35651
1.35645
1.3564
1.35637
1.35634
1.35635
1.35636
1.35639
1.35642
1.35646
1.3565
1.35653
1.35656
1.35661
1.35665
1.3567
1.35673
1.35676
1.35677
1.35673
1.35665
1.35652
1.35636
1.3562
1.35606
1.35598
1.35596
1.35598
1.35603
1.3561
1.35616
1.35623
1.35629
1.35633
1.35637
1.3564
1.35643
1.35644
1.35645
1.35645
1.35646
1.35647
1.35648
1.3565
1.3565
1.3565
1.35652
1.35653
1.35653
1.3565
1.35646
1.3564
1.35634
1.35629
1.35626
1.35625
1.35627
1.35632
1.35638
1.35646
1.35653
1.35662
1.3567
1.35675
1.35679
1.35678
1.35672
1.35661
1.35646
1.35629
1.35612
1.35597
1.35587
1.35581
1.3558
1.35582
1.35587
1.35594
1.35601
1.35609
1.35616
1.35624
1.35632
1.35641
1.35651
1.35662
1.35676
1.35692
1.35707
1.35718
1.3572
1.35709
1.35681
1.35644
1.35606
1.35575
1.35559
1.35555
1.3556
1.3557
1.35582
1.35591
1.35601
1.35608
1.35614
1.35618
1.35621
1.35625
1.35628
1.35631
1.35637
1.35642
1.35648
1.35655
1.35662
1.35668
1.35674
1.35677
1.35678
1.35677
1.35674
1.35667
1.35659
1.35651
1.35644
1.35638
1.35634
1.35631
1.3563
1.35629
1.35629
1.3563
1.35633
1.35637
1.35644
1.35653
1.35665
1.35678
1.35694
1.35709
1.35723
1.35732
1.35734
1.35726
1.35708
1.3568
1.35644
1.35609
1.35578
1.35555
1.35543
1.35542
1.35547
1.35558
1.35572
1.35588
1.35603
1.35617
1.35631
1.35643
1.35654
1.35664
1.35671
1.35676
1.35677
1.35675
1.3567
1.35666
1.35662
1.35662
1.35664
1.35666
1.35666
1.35661
1.35654
1.35644
1.35636
1.35631
1.35629
1.35629
1.35631
1.35632
1.35633
1.35634
1.35638
1.35643
1.35649
1.35654
1.35655
1.35652
1.35644
1.35631
1.35616
1.35603
1.35593
1.35588
1.3559
1.35594
1.356
1.35607
1.35615
1.35624
1.35633
1.35643
1.35654
1.35665
1.35677
1.35688
1.35697
1.357
1.35693
1.35678
1.35654
1.35626
1.35599
1.3558
1.35573
1.35576
1.35588
1.35603
1.35618
1.35629
1.35636
1.35637
1.35636
1.35631
1.35625
1.35619
1.35614
1.35613
1.35614
1.35616
1.35621
1.35629
1.35638
1.35647
1.35655
1.35661
1.35663
1.35662
1.35657
1.35652
1.35648
1.35649
1.35653
1.35657
1.3566
1.35659
1.35653
1.35642
1.35628
1.35612
1.35597
1.35586
1.35581
1.35584
1.35595
1.35611
1.35628
1.35645
1.35658
1.35664
1.35663
1.35654
1.35639
1.35622
1.35607
1.35595
1.35589
1.35588
1.3559
1.35594
1.35598
1.35603
1.35608
1.35614
1.3562
1.35626
1.35633
1.3564
1.35648
1.35656
1.35663
1.35667
1.3567
1.35669
1.35666
1.3566
1.35653
1.35646
1.35642
1.35639
1.35637
1.35635
1.35631
1.35627
1.35622
1.3562
1.35619
1.3562
1.35624
1.35629
1.35635
1.3564
1.35644
1.35647
1.35647
1.35645
1.35641
1.35636
1.3563
1.35624
1.35618
1.35612
1.35608
1.35605
1.35606
1.3561
1.35617
1.35626
1.35638
1.35652
1.35666
1.3568
1.35692
1.35699
1.357
1.35695
1.35682
1.35663
1.35638
1.3561
1.35586
1.3557
1.35566
1.35576
1.35597
1.35625
1.35655
1.35679
1.35691
1.35685
1.35663
1.3563
1.35597
1.35572
1.35558
1.35556
1.35563
1.35572
1.35582
1.35591
1.356
1.35608
1.35615
1.35622
1.35631
1.35641
1.35653
1.35667
1.35684
1.35701
1.35717
1.35728
1.35728
1.35715
1.3569
1.35663
1.35644
1.35638
1.35647
1.35662
1.35673
1.35672
1.35656
1.35629
1.35597
1.3557
1.35551
1.35544
1.35546
1.35553
1.35563
1.35574
1.35584
1.35594
1.35602
1.3561
1.35617
1.35623
1.35629
1.35634
1.35638
1.35642
1.35644
1.35646
1.35647
1.35648
1.35649
1.3565
1.35651
1.35653
1.35653
1.35655
1.35658
1.35659
1.3566
1.35661
1.35662
1.35662
1.35661
1.35659
1.35655
1.35651
1.35644
1.35637
1.35629
1.35621
1.35613
1.35608
1.35604
1.35601
1.356
1.35601
1.35604
1.35607
1.35611
1.35616
1.35622
1.35627
1.3563
1.35631
1.35628
1.35624
1.35619
1.35614
1.35612
1.35614
1.3562
1.35627
1.35636
1.35645
1.3565
1.35649
1.35645
1.35639
1.35632
1.35625
1.35623
1.35625
1.35631
1.35637
1.35645
1.35655
1.35664
1.35669
1.35672
1.35668
1.35659
1.35643
1.35625
1.35607
1.35593
1.35584
1.35582
1.35584
1.3559
1.35597
1.35604
1.35612
1.35619
1.35626
1.35632
1.35639
1.35648
1.35658
1.35668
1.3568
1.35691
1.357
1.35706
1.35706
1.35697
1.3568
1.35657
1.35631
1.35606
1.35584
1.3557
1.35562
1.35562
1.35567
1.35577
1.35591
1.35607
1.35625
1.35645
1.35663
1.35681
1.35695
1.35703
1.35704
1.35698
1.35686
1.35672
1.35655
1.35636
1.35619
1.35605
1.35596
1.35592
1.35593
1.35599
1.3561
1.35622
1.35634
1.35646
1.35655
1.35662
1.35668
1.35671
1.35673
1.35674
1.35673
1.35671
1.35667
1.35661
1.35654
1.35648
1.35641
1.35635
1.3563
1.35627
1.35624
1.35623
1.35624
1.35624
1.35626
1.35628
1.3563
1.35631
1.35633
1.35634
1.35635
1.35638
1.35638
1.35639
1.35637
1.35637
1.35635
1.35633
1.3563
1.35629
1.35627
1.35626
1.35625
1.35626
1.35625
1.35625
1.35626
1.35626
1.35625
1.35624
1.35624
1.35624
1.35623
1.35623
1.35624
1.35625
1.35628
1.3563
1.35632
1.35634
1.35636
1.35638
1.3564
1.35641
1.35643
1.35646
1.35648
1.3565
1.35651
1.35653
1.35653
1.35654
1.35654
1.35655
1.35654
1.35652
1.35646
1.35633
1.35616
1.35596
1.35579
1.35568
1.35567
1.35575
1.35587
1.35601
1.35617
1.35631
1.35642
1.3565
1.35654
1.35656
1.35655
1.35654
1.3565
1.35645
1.35641
1.35636
1.35632
1.35627
1.35623
1.35619
1.35616
1.35614
1.35611
1.35611
1.35612
1.35613
1.35614
1.35617
1.3562
1.35624
1.35627
1.35632
1.35635
1.35639
1.35643
1.35646
1.35651
1.35654
1.35657
1.35661
1.35664
1.35666
1.35667
1.35666
1.35665
1.35663
1.35659
1.35653
1.35647
1.3564
1.35634
1.35628
1.35624
1.35621
1.35621
1.35622
1.35624
1.35627
1.35631
1.35635
1.3564
1.35643
1.35648
1.35652
1.35656
1.35662
1.35666
1.35671
1.35674
1.35676
1.35674
1.35668
1.35658
1.35644
1.35629
1.35614
1.35603
1.35597
1.35597
1.35602
1.35609
1.35617
1.35627
1.35637
1.35644
1.35648
1.3565
1.35649
1.35646
1.35641
1.35637
1.35633
1.35631
1.3563
1.35631
1.35632
1.35635
1.35637
1.35642
1.35646
1.35649
1.35652
1.35654
1.35655
1.35656
1.35656
1.35655
1.35652
1.35646
1.35641
1.35634
1.35629
1.35624
1.3562
1.35619
1.35617
1.35617
1.35619
1.35622
1.35626
1.35629
1.35633
1.35638
1.35644
1.3565
1.35658
1.35666
1.35676
1.35685
1.35695
1.35705
1.35715
1.35722
1.35723
1.35716
1.35701
1.35677
1.35648
1.35618
1.35592
1.35576
1.35566
1.35565
1.3557
1.35579
1.3559
1.35599
1.35608
1.35617
1.35625
1.35631
1.35637
1.3564
1.35643
1.35646
1.35647
1.35647
1.35646
1.35644
1.3564
1.35636
1.35632
1.35629
1.35626
1.35624
1.35623
1.35622
1.35622
1.35623
1.35624
1.35626
1.35628
1.3563
1.35632
1.35636
1.35638
1.35641
1.35644
1.35646
1.35649
1.3565
1.35652
1.35651
1.35649
1.35646
1.35641
1.35637
1.35633
1.3563
1.35629
1.35628
1.3563
1.35633
1.35638
1.35644
1.3565
1.35655
1.35658
1.35659
1.35657
1.35651
1.35643
1.35631
1.35618
1.35606
1.35597
1.3559
1.35588
1.35591
1.35597
1.35607
1.35618
1.35631
1.35644
1.35658
1.35669
1.35678
1.35684
1.35686
1.35683
1.35676
1.35665
1.35654
1.35644
1.35635
1.35627
1.3562
1.35616
1.35613
1.35612
1.35613
1.35616
1.3562
1.35625
1.3563
1.35635
1.35639
1.35642
1.35644
1.35647
1.35649
1.35652
1.35655
1.35656
1.35658
1.35661
1.35666
1.35672
1.3568
1.3569
1.35703
1.35715
1.35724
1.35728
1.35718
1.35693
1.35654
1.35615
1.35584
1.35569
1.3557
1.35581
1.35597
1.35613
1.35627
1.35639
1.35649
1.35657
1.35663
1.35667
1.35671
1.35672
1.35674
1.35674
1.35672
1.35667
1.35662
1.35656
1.35651
1.35645
1.35641
1.35638
1.35637
1.35638
1.35641
1.35644
1.35648
1.35653
1.35657
1.35659
1.35658
1.35655
1.3565
1.35643
1.35636
1.35628
1.35622
1.35619
1.35617
1.35617
1.35619
1.35622
1.35625
1.3563
1.35635
1.35641
1.35645
1.35648
1.35652
1.35655
1.35657
1.35658
1.35657
1.35655
1.35651
1.35645
1.35638
1.35632
1.35627
1.35624
1.35622
1.35624
1.35632
1.35644
1.35663
1.35685
1.35708
1.35722
1.35721
1.35698
1.35658
1.35617
1.35592
1.35588
1.356
1.35622
1.35646
1.35668
1.35683
1.35687
1.35674
1.35646
1.3561
1.35581
1.35569
1.35574
1.35592
1.35614
1.35636
1.35654
1.35665
1.35669
1.35666
1.35655
1.35639
1.35623
1.35611
1.35605
1.35607
1.35615
1.35627
1.35639
1.35651
1.3566
1.35663
1.35663
1.35659
1.35651
1.35641
1.35632
1.35625
1.35622
1.35622
1.35623
1.35628
1.35634
1.3564
1.35646
1.35652
1.35656
1.35658
1.35661
1.35661
1.35661
1.3566
1.35657
1.35654
1.35649
1.35642
1.35637
1.35631
1.35627
1.35625
1.35624
1.35625
1.35628
1.35633
1.3564
1.35646
1.35651
1.35655
1.35657
1.35658
1.35655
1.35649
1.35642
1.35633
1.35626
1.35618
1.35615
1.35614
1.35616
1.35621
1.35628
1.35637
1.35645
1.35655
1.35664
1.35671
1.35674
1.35672
1.35665
1.35655
1.35644
1.35635
1.3563
1.35633
1.3564
1.35651
1.35665
1.35679
1.35691
1.35698
1.35701
1.35698
1.35689
1.35676
1.35663
1.3565
1.35639
1.3563
1.35623
1.35619
1.35619
1.3562
1.35624
1.35629
1.35631
1.35633
1.35633
1.35631
1.35629
1.35627
1.35625
1.35624
1.35626
1.35628
1.35631
1.35636
1.3564
1.35646
1.35652
1.35658
1.35664
1.35669
1.35673
1.35675
1.35676
1.35676
1.35672
1.35667
1.35661
1.35652
1.35643
1.35634
1.35626
1.3562
1.35616
1.35615
1.35615
1.35618
1.35622
1.35627
1.35632
1.35637
1.35643
1.35648
1.35652
1.35655
1.35657
1.35658
1.35658
1.35657
1.35655
1.35651
1.35647
1.35641
1.35632
1.35623
1.35613
1.35606
1.35603
1.35603
1.35609
1.35617
1.35625
1.35633
1.35639
1.35645
1.35649
1.35651
1.35651
1.35649
1.35645
1.35639
1.35631
1.35622
1.35613
1.35604
1.35595
1.3559
1.35587
1.35587
1.35589
1.35592
1.35597
1.35602
1.35608
1.35614
1.3562
1.35625
1.3563
1.35635
1.35639
1.35643
1.35646
1.35649
1.3565
1.35651
1.35653
1.35653
1.35652
1.3565
1.35645
1.35639
1.35632
1.35625
1.35618
1.35613
1.35609
1.35608
1.3561
1.35616
1.35625
1.35638
1.35655
1.35675
1.35695
1.35708
1.35708
1.35688
1.35649
1.35603
1.35567
1.35552
1.3556
1.35584
1.35616
1.35645
1.35668
1.35682
1.35684
1.35675
1.35658
1.35636
1.35613
1.35594
1.35582
1.35577
1.35579
1.35587
1.356
1.35614
1.35628
1.35642
1.35654
1.35663
1.35669
1.35668
1.35662
1.35652
1.3564
1.35625
1.3561
1.35599
1.35591
1.35588
1.35588
1.35589
1.35592
1.35595
1.35599
1.35602
1.35604
1.35607
1.35609
1.35611
1.35613
1.35615
1.35617
1.3562
1.35622
1.35623
1.35625
1.35628
1.3563
1.35633
1.35636
1.35639
1.35643
1.35646
1.35651
1.35653
1.35654
1.35655
1.35654
1.35652
1.35649
1.35645
1.35642
1.35638
1.35637
1.35635
1.35635
1.35634
1.35633
1.35631
1.35627
1.35621
1.35615
1.35609
1.35606
1.35604
1.35605
1.35608
1.35612
1.35616
1.35617
1.35617
1.35613
1.35606
1.35599
1.35592
1.35588
1.35585
1.35585
1.35585
1.35587
1.35589
1.35592
1.35595
1.35598
1.35601
1.35603
1.35607
1.3561
1.35613
1.35616
1.3562
1.35624
1.35628
1.35631
1.35635
1.35639
1.35641
1.35643
1.35644
1.35645
1.35645
1.35644
1.35643
1.35642
1.3564
1.35638
1.35637
1.35638
1.35638
1.35639
1.35639
1.35638
1.35638
1.35636
1.35633
1.3563
1.35627
1.35621
1.35613
1.35606
1.35598
1.35589
1.35583
1.35579
1.35577
1.35579
1.35583
1.35588
1.35596
1.35603
1.3561
1.35615
1.35619
1.35619
1.35616
1.35612
1.35606
1.35601
1.35597
1.35595
1.35595
1.35597
1.356
1.35604
1.35609
1.35614
1.35619
1.35623
1.35627
1.3563
1.35631
1.35632
1.35632
1.35633
1.35634
1.35636
1.35639
1.35641
1.35644
1.35644
1.35642
1.35637
1.35629
1.3562
1.35609
1.35599
1.35592
1.35589
1.3559
1.35595
1.35603
1.35612
1.35622
1.35632
1.35643
1.3565
1.35656
1.35657
1.35655
1.35647
1.35635
1.35618
1.35599
1.35581
1.35566
1.35558
1.35556
1.3556
1.35569
1.35581
1.35594
1.35606
1.35616
1.35624
1.3563
1.35632
1.35631
1.35627
1.35621
1.35615
1.35609
1.35605
1.35601
1.35598
1.35598
1.35598
1.356
1.35602
1.35605
1.35606
1.35608
1.35611
1.35613
1.35616
1.35621
1.35626
1.35633
1.35641
1.35652
1.35663
1.35675
1.35686
1.3569
1.35686
1.35669
1.35643
1.35611
1.35581
1.35559
1.35548
1.3555
1.35563
1.35581
1.35604
1.35629
1.35651
1.35665
1.35665
1.35651
1.35626
1.356
1.35582
1.35578
1.35585
1.35599
1.35613
1.35623
1.35629
1.35636
1.35643
1.35652
1.35661
1.35669
1.3567
1.35664
1.35655
1.35648
1.35649
1.35658
1.35673
1.35693
1.35712
1.35731
1.35747
1.35756
1.35753
1.35735
1.35699
1.35649
1.35593
1.35542
1.35505
1.35488
1.35488
1.35499
1.35518
1.35538
1.35557
1.35573
1.35583
1.35592
1.35598
1.35604
1.35609
1.35614
1.35617
1.35622
1.35627
1.35631
1.35635
1.35638
1.35641
1.35644
1.35648
1.35652
1.35656
1.35659
1.35663
1.35665
1.35667
1.35668
1.35669
1.35667
1.35665
1.35658
1.35649
1.35638
1.35625
1.3561
1.35597
1.35584
1.35575
1.35571
1.35571
1.35572
1.35576
1.35581
1.35586
1.35593
1.356
1.35607
1.35612
1.35618
1.35622
1.35625
1.35629
1.35633
1.35636
1.3564
1.35643
1.35647
1.35652
1.35656
1.3566
1.35665
1.35667
1.35669
1.35671
1.35671
1.35672
1.35675
1.3568
1.35688
1.35697
1.35699
1.35684
1.35641
1.35577
1.35512
1.35472
1.35469
1.35495
1.35536
1.35578
1.35615
1.35645
1.35665
1.35676
1.35673
1.35658
1.35633
1.35602
1.35571
1.35545
1.35531
1.35527
1.35534
1.35545
1.3556
1.35576
1.35592
1.35607
1.35622
1.35635
1.35646
1.35655
1.35659
1.35658
1.35652
1.35642
1.35631
1.35621
1.35616
1.35615
1.35618
1.35625
1.35637
1.35651
1.35668
1.35685
1.35698
1.35703
1.35694
1.35669
1.35632
1.35593
1.35562
1.35545
1.35542
1.35551
1.35565
1.3558
1.35595
1.35608
1.35619
1.3563
1.35639
1.35644
1.35648
1.35649
1.35648
1.35646
1.35642
1.35637
1.35634
1.35627
1.35621
1.35614
1.3561
1.35608
1.35609
1.35613
1.35618
1.35624
1.35629
1.35634
1.35635
1.35632
1.35624
1.35614
1.35602
1.35591
1.35584
1.35581
1.35584
1.35589
1.35598
1.3561
1.35624
1.35639
1.35657
1.35675
1.35694
1.3571
1.3572
1.35719
1.35702
1.3567
1.35631
1.35595
1.35568
1.35555
1.35555
1.35562
1.35572
1.35584
1.35593
1.35602
1.35609
1.35614
1.35617
1.3562
1.35621
1.35622
1.35621
1.35621
1.35622
1.35623
1.35622
1.35621
1.35619
1.35616
1.35613
1.35609
1.35604
1.35599
1.35596
1.35595
1.35596
1.35599
1.35601
1.35605
1.35609
1.35613
1.35619
1.35624
1.3563
1.35635
1.35641
1.35647
1.35655
1.35664
1.35675
1.35686
1.35698
1.35711
1.35721
1.35728
1.3573
1.35723
1.35706
1.35678
1.35641
1.35599
1.35559
1.35527
1.35509
1.35507
1.35518
1.35537
1.35558
1.35578
1.35595
1.35607
1.35616
1.35622
1.35625
1.35626
1.35625
1.35623
1.3562
1.35616
1.35614
1.35612
1.35611
1.35612
1.35614
1.35617
1.35622
1.35626
1.35632
1.35637
1.35641
1.35646
1.35648
1.3565
1.3565
1.35648
1.35644
1.3564
1.35634
1.35628
1.35622
1.35617
1.35612
1.3561
1.3561
1.35613
1.35619
1.3563
1.35642
1.35655
1.35667
1.35676
1.35681
1.35677
1.35668
1.35653
1.3563
1.35602
1.35572
1.35547
1.35532
1.35529
1.35538
1.35553
1.3557
1.35587
1.35601
1.35612
1.35621
1.35627
1.35631
1.35633
1.35634
1.35634
1.35633
1.35632
1.35631
1.35631
1.35629
1.35628
1.35625
1.35623
1.35621
1.35618
1.35614
1.35611
1.35607
1.35603
1.35601
1.35599
1.35598
1.35601
1.35605
1.3561
1.35616
1.35623
1.35631
1.3564
1.35648
1.35654
1.35657
1.35656
1.35648
1.35636
1.35621
1.35604
1.35591
1.35582
1.35578
1.3558
1.35586
1.35593
1.35601
1.35607
1.35611
1.35614
1.35616
1.35615
1.35614
1.35614
1.35613
1.35613
1.35615
1.35619
1.35625
1.35635
1.35646
1.35659
1.35677
1.35695
1.35712
1.35726
1.35729
1.35715
1.35684
1.3564
1.35595
1.35562
1.35545
1.35543
1.3555
1.35563
1.35575
1.35588
1.35599
1.35607
1.35614
1.35618
1.3562
1.3562
1.35619
1.35617
1.35614
1.35613
1.35611
1.35612
1.35614
1.35617
1.35622
1.35628
1.35633
1.35637
1.35641
1.35645
1.35647
1.35647
1.35648
1.35647
1.35647
1.35647
1.35647
1.35648
1.35649
1.3565
1.3565
1.35649
1.35648
1.35646
1.35644
1.35645
1.35647
1.35652
1.35659
1.35666
1.35673
1.35676
1.35673
1.35664
1.35648
1.35627
1.35603
1.35583
1.35568
1.35562
1.35561
1.35565
1.35572
1.3558
1.35588
1.35596
1.35603
1.35609
1.35614
1.35618
1.3562
1.35623
1.35625
1.35626
1.35627
1.35628
1.35628
1.35628
1.35627
1.35626
1.35625
1.35624
1.35624
1.35624
1.35623
1.35624
1.35624
1.35626
1.35628
1.35632
1.35636
1.35641
1.35648
1.35655
1.35661
1.35666
1.35667
1.35664
1.35658
1.35648
1.35637
1.35627
1.35618
1.35611
1.35606
1.35604
1.35601
1.35599
1.35597
1.35596
1.35596
1.35598
1.356
1.35601
1.35601
1.35602
1.35601
1.356
1.356
1.35601
1.35602
1.35605
1.35609
1.35614
1.35619
1.35625
1.3563
1.35636
1.35641
1.35645
1.35647
1.35649
1.35649
1.35648
1.35645
1.35641
1.35637
1.35633
1.35632
1.35633
1.35637
1.35641
1.35644
1.35643
1.35638
1.35632
1.35624
1.3562
1.35619
1.35621
1.35623
1.35626
1.35625
1.35621
1.35614
1.35605
1.35596
1.3559
1.35587
1.35588
1.35592
1.35597
1.35604
1.35611
1.35618
1.35624
1.3563
1.35638
1.35644
1.35649
1.35651
1.35653
1.35652
1.35649
1.35644
1.3564
1.35637
1.35636
1.35637
1.3564
1.35644
1.35647
1.35647
1.35643
1.35636
1.35626
1.35623
1.35629
1.35648
1.35677
1.3571
1.3573
1.35716
1.35662
1.35587
1.35527
1.35505
1.35519
1.35553
1.35588
1.35619
1.35642
1.35658
1.35666
1.35667
1.35666
1.35661
1.35654
1.35648
1.35642
1.35637
1.35634
1.35632
1.35632
1.35633
1.35634
1.35636
1.35637
1.3564
1.35641
1.35643
1.35645
1.35647
1.35649
1.35651
1.35652
1.35653
1.35654
1.35654
1.35652
1.35649
1.35646
1.35643
1.35639
1.35635
1.35632
1.3563
1.35627
1.35626
1.35627
1.35629
1.35631
1.35633
1.35636
1.35639
1.35642
1.35644
1.35647
1.35649
1.35652
1.35654
1.35656
1.35657
1.35658
1.35656
1.35653
1.35649
1.35644
1.35638
1.35633
1.35627
1.35623
1.35618
1.35615
1.35613
1.35612
1.35613
1.35616
1.35619
1.35622
1.35627
1.35634
1.35641
1.3565
1.35663
1.35677
1.35693
1.35709
1.3572
1.35722
1.3571
1.35683
1.35648
1.35616
1.35596
1.35593
1.35603
1.3562
1.35638
1.35654
1.35665
1.35674
1.35678
1.35681
1.35681
1.35678
1.35672
1.35661
1.35646
1.35627
1.35609
1.35593
1.35581
1.35575
1.35573
1.35576
1.35583
1.3559
1.356
1.35609
1.35618
1.35626
1.35631
1.35636
1.35638
1.35639
1.35637
1.35635
1.35632
1.3563
1.3563
1.35631
1.35636
1.35641
1.35646
1.35652
1.35659
1.35664
1.35668
1.35672
1.35675
1.35676
1.35676
1.35677
1.35677
1.35675
1.35671
1.35666
1.35656
1.35642
1.35626
1.35609
1.35595
1.35584
1.3558
1.35582
1.35588
1.35597
1.35609
1.35622
1.35634
1.35645
1.35655
1.3566
1.35664
1.35664
1.35663
1.3566
1.35658
1.35656
1.35657
1.35661
1.35669
1.35679
1.35691
1.35702
1.3571
1.35712
1.35707
1.35694
1.35672
1.35648
1.35622
1.35599
1.3558
1.35566
1.35559
1.3556
1.35568
1.3558
1.35597
1.35613
1.35629
1.35642
1.35651
1.3566
1.35664
1.35667
1.35668
1.35671
1.35674
1.35678
1.35683
1.35688
1.35693
1.35697
1.357
1.357
1.357
1.35698
1.35695
1.3569
1.35682
1.35673
1.35663
1.35651
1.3564
1.3563
1.35621
1.35615
1.35611
1.3561
1.35612
1.35614
1.35614
1.35613
1.35609
1.35606
1.35604
1.35603
1.35605
1.35607
1.35613
1.35619
1.35625
1.3563
1.35635
1.3564
1.35644
1.35647
1.3565
1.35653
1.35655
1.35657
1.35657
1.35657
1.35658
1.35657
1.35656
1.35655
1.35655
1.35654
1.35654
1.35654
1.35654
1.35654
1.35654
1.35654
1.35655
1.35656
1.35655
1.35655
1.35655
1.35655
1.35654
1.35653
1.3565
1.35647
1.35644
1.3564
1.35637
1.35636
1.35635
1.35635
1.35636
1.35639
1.3564
1.35642
1.35645
1.35647
1.3565
1.35652
1.35653
1.35655
1.35656
1.35657
1.35657
1.35655
1.35655
1.35652
1.35648
1.35643
1.35638
1.35634
1.35632
1.35632
1.35633
1.35636
1.3564
1.35644
1.35647
1.35651
1.35654
1.35656
1.35655
1.35653
1.35652
1.35649
1.35646
1.35643
1.3564
1.35639
1.35638
1.35638
1.35637
1.35637
1.35638
1.3564
1.35642
1.35645
1.35648
1.35651
1.35654
1.35657
1.3566
1.35664
1.35667
1.35671
1.35675
1.35679
1.35682
1.35684
1.35683
1.35678
1.3567
1.35657
1.35644
1.3563
1.35617
1.35604
1.35593
1.35584
1.35578
1.35573
1.35571
1.35572
1.35578
1.35584
1.35592
1.356
1.35608
1.35615
1.35621
1.35626
1.3563
1.35633
1.35637
1.3564
1.35642
1.35643
1.35645
1.35647
1.35649
1.3565
1.35651
1.35652
1.35653
1.35654
1.35654
1.35654
1.35654
1.35657
1.35659
1.35662
1.35666
1.35671
1.35675
1.35681
1.35686
1.35691
1.35693
1.35694
1.35694
1.3569
1.35685
1.35678
1.35669
1.35658
1.35646
1.35635
1.35623
1.35612
1.35603
1.35595
1.3559
1.35585
1.35582
1.3558
1.35578
1.35578
1.35579
1.35582
1.35586
1.35594
1.35605
1.35618
1.35631
1.35646
1.35662
1.35678
1.35695
1.35712
1.35728
1.35742
1.35751
1.35754
1.35748
1.35733
1.35708
1.35678
1.35647
1.35617
1.35591
1.3557
1.35555
1.35546
1.35545
1.35549
1.35557
1.3557
1.35584
1.35597
1.35611
1.35622
1.35632
1.35641
1.35646
1.35652
1.35655
1.35658
1.3566
1.35661
1.35662
1.35663
1.35664
1.35665
1.35665
1.35665
1.35665
1.35666
1.35666
1.35666
1.35667
1.35668
1.3567
1.35673
1.35677
1.35683
1.35687
1.35691
1.35692
1.35688
1.35679
1.35666
1.35652
1.35638
1.35627
1.3562
1.35616
1.35614
1.35615
1.35618
1.35622
1.35625
1.3563
1.35635
1.35639
1.35643
1.35646
1.35648
1.35648
1.35647
1.35645
1.35643
1.35641
1.3564
1.35639
1.35639
1.35639
1.35639
1.3564
1.3564
1.35642
1.35643
1.35644
1.35644
1.35644
1.35646
1.35645
1.35646
1.35645
1.35644
1.35643
1.35642
1.35641
1.35642
1.35642
1.35642
1.35642
1.35644
1.35646
1.3565
1.35656
1.35663
1.35674
1.35686
1.35697
1.35706
1.35708
1.35703
1.35688
1.3567
1.35651
1.35636
1.35628
1.35625
1.35624
1.35622
1.35622
1.35622
1.35622
1.35625
1.35629
1.35633
1.35639
1.35644
1.35648
1.35652
1.35654
1.35656
1.35655
1.35652
1.35647
1.35642
1.35635
1.35629
1.35625
1.35623
1.35623
1.35626
1.35629
1.35633
1.35638
1.35645
1.35652
1.35659
1.35665
1.35672
1.3568
1.35687
1.35692
1.35694
1.35693
1.35689
1.3568
1.35669
1.35658
1.35648
1.35641
1.35637
1.35635
1.35636
1.35635
1.35634
1.35632
1.35628
1.35624
1.3562
1.35617
1.35615
1.35614
1.35614
1.35615
1.35617
1.35619
1.35621
1.35624
1.35628
1.35632
1.35636
1.35642
1.3565
1.3566
1.35674
1.35694
1.35719
1.35752
1.35788
1.35816
1.35816
1.35771
1.3568
1.35578
1.35506
1.35482
1.35493
1.3552
1.35549
1.35576
1.35597
1.35615
1.35629
1.35641
1.35652
1.35659
1.35661
1.35657
1.3565
1.35643
1.35639
1.35639
1.35645
1.35656
1.35664
1.35664
1.35654
1.35634
1.3561
1.35592
1.35585
1.35589
1.35602
1.3562
1.35637
1.35654
1.35669
1.35682
1.35692
1.35699
1.35705
1.35707
1.35705
1.357
1.35691
1.35679
1.35666
1.35649
1.35634
1.3562
1.35609
1.35601
1.35594
1.35591
1.3559
1.35591
1.35596
1.35599
1.35605
1.35611
1.35617
1.35622
1.35625
1.35629
1.35632
1.35635
1.35636
1.35635
1.35636
1.35635
1.35634
1.35633
1.35631
1.3563
1.3563
1.3563
1.35632
1.35634
1.35637
1.35642
1.35649
1.35656
1.35664
1.35671
1.35677
1.35679
1.35677
1.35672
1.35663
1.35656
1.35648
1.35644
1.35644
1.35648
1.35652
1.35657
1.3566
1.35662
1.3566
1.35655
1.35648
1.35639
1.3563
1.35622
1.35616
1.35613
1.35613
1.35616
1.35621
1.35628
1.35637
1.35648
1.35661
1.35672
1.35682
1.35687
1.35685
1.35676
1.3566
1.35641
1.35624
1.35611
1.35604
1.35605
1.35608
1.35615
1.35623
1.35632
1.35642
1.35652
1.3566
1.3567
1.3568
1.35691
1.35702
1.35716
1.35733
1.35753
1.35775
1.35795
1.35805
1.35791
1.35745
1.35676
1.35607
1.35561
1.35547
1.35555
1.35574
1.35594
1.35611
1.35626
1.35638
1.3565
1.35659
1.35666
1.35668
1.35664
1.35654
1.35641
1.35627
1.35617
1.35614
1.35618
1.35628
1.35642
1.3566
1.35679
1.35699
1.35717
1.3573
1.35736
1.35728
1.35708
1.35679
1.35649
1.35626
1.35615
1.35615
1.35622
1.35633
1.35642
1.3565
1.35656
1.35659
1.3566
1.3566
1.35658
1.35656
1.35653
1.35652
1.35649
1.35648
1.35646
1.35644
1.35644
1.35645
1.35645
1.35646
1.35646
1.35648
1.35649
1.35653
1.35656
1.3566
1.35664
1.35667
1.3567
1.35673
1.35675
1.35676
1.35675
1.35671
1.35665
1.35657
1.35647
1.35635
1.35622
1.35613
1.35606
1.35602
1.35601
1.35601
1.35604
1.35607
1.35611
1.35615
1.35617
1.35622
1.35624
1.35626
1.3563
1.35632
1.35634
1.35636
1.35638
1.3564
1.35644
1.35646
1.35651
1.35654
1.35658
1.35663
1.35667
1.35671
1.35675
1.35679
1.3568
1.35679
1.35676
1.35672
1.35666
1.35658
1.3565
1.35641
1.35632
1.35624
1.35617
1.35611
1.35606
1.35603
1.35602
1.35602
1.35604
1.35607
1.35611
1.35614
1.35619
1.35623
1.35626
1.35629
1.35634
1.35636
1.3564
1.35644
1.35648
1.35651
1.35653
1.35656
1.35659
1.35661
1.35663
1.35665
1.35668
1.35672
1.35675
1.35678
1.35679
1.3568
1.3568
1.35679
1.35675
1.3567
1.35664
1.35657
1.35649
1.35641
1.35633
1.35627
1.35621
1.35616
1.35613
1.35612
1.35613
1.35617
1.3562
1.35624
1.35628
1.35632
1.35635
1.35637
1.35638
1.35639
1.35639
1.3564
1.3564
1.3564
1.3564
1.35641
1.35641
1.35642
1.35644
1.35646
1.35647
1.35648
1.35649
1.35651
1.35654
1.35657
1.35661
1.35664
1.35668
1.35671
1.35676
1.35679
1.35683
1.35684
1.35684
1.35682
1.35676
1.3567
1.35661
1.3565
1.3564
1.35631
1.35623
1.35619
1.35619
1.35618
1.3562
1.35624
1.35628
1.35632
1.35636
1.35638
1.3564
1.35642
1.35642
1.35643
1.35645
1.35646
1.35648
1.3565
1.35653
1.35657
1.35661
1.35666
1.3567
1.35672
1.35672
1.3567
1.35664
1.35654
1.35642
1.35631
1.35622
1.35616
1.35615
1.35617
1.35622
1.35627
1.35632
1.35637
1.35641
1.35645
1.35648
1.35648
1.35648
1.35649
1.3565
1.35649
1.35648
1.35647
1.35646
1.35647
1.35647
1.35649
1.35651
1.35653
1.35654
1.35656
1.35658
1.35657
1.35656
1.35652
1.35648
1.35642
1.35636
1.3563
1.35624
1.35621
1.3562
1.35621
1.35623
1.35627
1.35631
1.35635
1.35638
1.3564
1.35641
1.35639
1.35636
1.35631
1.35629
1.35626
1.35626
1.35628
1.35632
1.35638
1.35644
1.35651
1.35656
1.3566
1.3566
1.35659
1.35654
1.35648
1.35641
1.35631
1.35622
1.35614
1.35608
1.35603
1.356
1.35599
1.35598
1.35599
1.35603
1.35606
1.3561
1.35615
1.3562
1.35626
1.35632
1.35637
1.35644
1.35652
1.35662
1.3567
1.35679
1.35686
1.35692
1.35693
1.3569
1.35682
1.35669
1.35653
1.35636
1.3562
1.35607
1.35598
1.35592
1.35589
1.3559
1.35593
1.35598
1.35604
1.35611
1.3562
1.35629
1.35639
1.35646
1.35653
1.35658
1.35661
1.35662
1.35661
1.35658
1.35655
1.35651
1.35647
1.35646
1.3565
1.35659
1.35673
1.35688
1.35697
1.35693
1.35668
1.35627
1.35582
1.35548
1.35535
1.3554
1.35554
1.35572
1.35588
1.35601
1.3561
1.35618
1.35625
1.3563
1.35634
1.3564
1.35646
1.35653
1.3566
1.35668
1.35675
1.35682
1.35689
1.35693
1.35694
1.35691
1.35683
1.35674
1.35666
1.3566
1.35658
1.35661
1.35664
1.3566
1.35644
1.35616
1.35584
1.35559
1.35549
1.35555
1.35572
1.35595
1.35618
1.35639
1.35652
1.35661
1.35665
1.35663
1.35658
1.3565
1.35642
1.35634
1.35626
1.3562
1.35615
1.3561
1.35608
1.35606
1.35606
1.35606
1.35608
1.35612
1.35615
1.3562
1.35625
1.3563
1.35635
1.3564
1.35646
1.3565
1.35655
1.35659
1.35662
1.35665
1.35668
1.35671
1.35672
1.35673
1.35674
1.35675
1.35677
1.35678
1.35682
1.35686
1.35689
1.3569
1.3569
1.35688
1.3568
1.35667
1.35651
1.35632
1.35614
1.35598
1.35587
1.35584
1.35584
1.35588
1.35593
1.356
1.35606
1.35614
1.35621
1.35627
1.35633
1.3564
1.35644
1.35647
1.3565
1.35654
1.35658
1.35661
1.35667
1.35672
1.35679
1.35687
1.35697
1.35707
1.3572
1.3573
1.35737
1.35736
1.35721
1.35697
1.35663
1.35631
1.35614
1.35615
1.35634
1.35662
1.35692
1.35717
1.35729
1.35727
1.35707
1.35674
1.35635
1.35598
1.35572
1.35558
1.35556
1.35561
1.35572
1.35585
1.35597
1.3561
1.3562
1.35629
1.35636
1.35642
1.35646
1.3565
1.35654
1.3566
1.35668
1.35677
1.35689
1.35706
1.35724
1.35742
1.35756
1.35762
1.35753
1.35731
1.35696
1.35658
1.35624
1.356
1.35587
1.35583
1.35587
1.35598
1.35614
1.35631
1.35648
1.35664
1.35676
1.35682
1.3568
1.35671
1.35654
1.35634
1.35618
1.35606
1.35603
1.35606
1.35613
1.35621
1.3563
1.35637
1.35643
1.35649
1.35653
1.35656
1.3566
1.35664
1.35668
1.35672
1.35676
1.3568
1.35683
1.35684
1.35685
1.35685
1.35683
1.35681
1.35678
1.35676
1.35675
1.35674
1.35674
1.35675
1.35673
1.35672
1.35667
1.35659
1.35648
1.35635
1.35621
1.35608
1.35596
1.35589
1.35586
1.35589
1.35596
1.35609
1.35626
1.35645
1.35666
1.35685
1.35697
1.35698
1.35683
1.35655
1.35621
1.35593
1.35579
1.35579
1.3559
1.35605
1.3562
1.35634
1.35646
1.35655
1.35662
1.35667
1.35669
1.35668
1.35667
1.35661
1.35655
1.35645
1.35638
1.35634
1.35632
1.35636
1.35645
1.35659
1.35674
1.35686
1.3569
1.35682
1.35662
1.35635
1.35605
1.35579
1.35563
1.3556
1.35567
1.35582
1.35604
1.35627
1.35651
1.35672
1.35686
1.35696
1.35697
1.35691
1.35679
1.35661
1.35642
1.35623
1.3561
1.35602
1.35599
1.35602
1.35608
1.35615
1.35622
1.35627
1.3563
1.35631
1.3563
1.3563
1.3563
1.3563
1.3563
1.35632
1.35633
1.35634
1.35636
1.35638
1.35638
1.35639
1.3564
1.35641
1.35641
1.35641
1.3564
1.3564
1.35639
1.35639
1.35637
1.35637
1.35636
1.35637
1.35637
1.35638
1.35639
1.3564
1.35642
1.35643
1.35645
1.35646
1.35648
1.3565
1.35652
1.35653
1.35654
1.35655
1.35657
1.3566
1.35664
1.35666
1.3567
1.35672
1.35675
1.35675
1.35672
1.35665
1.35657
1.35646
1.35635
1.35625
1.35618
1.35613
1.3561
1.3561
1.35613
1.35618
1.35624
1.35631
1.35637
1.35642
1.35647
1.35648
1.3565
1.3565
1.35651
1.35651
1.35652
1.35656
1.35661
1.35667
1.35672
1.35676
1.35678
1.35674
1.35664
1.3565
1.35633
1.35619
1.35609
1.35606
1.35608
1.35613
1.35621
1.35629
1.35636
1.35644
1.35651
1.35657
1.35662
1.35667
1.3567
1.35672
1.35669
1.35667
1.35661
1.35653
1.35642
1.3563
1.3562
1.35612
1.35609
1.3561
1.35614
1.35621
1.35628
1.35637
1.35645
1.35651
1.35655
1.35657
1.35658
1.35656
1.35653
1.35649
1.35644
1.35638
1.35633
1.35628
1.35625
1.35622
1.35621
1.35622
1.35623
1.35627
1.3563
1.35634
1.35639
1.35643
1.3565
1.35657
1.35664
1.35672
1.35681
1.35691
1.35701
1.35709
1.35717
1.35719
1.35716
1.35708
1.35696
1.3568
1.35662
1.35646
1.35633
1.35622
1.35615
1.3561
1.35605
1.35601
1.35599
1.35598
1.356
1.35604
1.35609
1.35615
1.3562
1.35626
1.35631
1.35635
1.35638
1.35641
1.35644
1.35647
1.35649
1.35652
1.35655
1.35656
1.35657
1.35657
1.35657
1.35654
1.35651
1.35646
1.35641
1.35634
1.35628
1.35622
1.35618
1.35615
1.35615
1.35616
1.35619
1.35625
1.35632
1.3564
1.3565
1.35659
1.35669
1.35679
1.35687
1.3569
1.3569
1.35685
1.35672
1.35654
1.35635
1.35616
1.35601
1.35592
1.3559
1.35596
1.35607
1.35619
1.35633
1.35649
1.35664
1.35677
1.35688
1.35694
1.35694
1.35689
1.35676
1.3566
1.35639
1.35619
1.35604
1.35594
1.3559
1.35592
1.356
1.35609
1.35621
1.35632
1.35639
1.35643
1.35642
1.35638
1.35631
1.35625
1.3562
1.35621
1.35626
1.35635
1.35646
1.35658
1.35669
1.35677
1.35679
1.35676
1.35666
1.35652
1.35636
1.3562
1.35607
1.35596
1.35591
1.35588
1.35588
1.35591
1.35596
1.35602
1.35609
1.35617
1.35625
1.35633
1.35641
1.35648
1.35653
1.35656
1.35658
1.35658
1.35657
1.35655
1.35653
1.35651
1.3565
1.35649
1.35648
1.35647
1.35646
1.35645
1.35642
1.35639
1.35635
1.3563
1.35624
1.35619
1.35613
1.35609
1.35607
1.35607
1.35608
1.35611
1.35614
1.35617
1.35621
1.35626
1.35632
1.35639
1.35646
1.35654
1.35662
1.35669
1.35674
1.35677
1.35677
1.35674
1.35669
1.35661
1.35653
1.35647
1.3564
1.35638
1.35636
1.35637
1.3564
1.35645
1.35652
1.35658
1.35661
1.35663
1.35662
1.35657
1.35651
1.35643
1.35636
1.35631
1.35627
1.35624
1.35623
1.35622
1.35622
1.35622
1.35621
1.35619
1.35616
1.35615
1.35614
1.35614
1.35614
1.35615
1.35617
1.35621
1.35624
1.35628
1.35633
1.35638
1.35645
1.35652
1.35657
1.35663
1.35669
1.35673
1.35677
1.35678
1.35676
1.35673
1.35666
1.35659
1.3565
1.35644
1.35638
1.35634
1.35632
1.3563
1.35626
1.35624
1.3562
1.35618
1.35618
1.35618
1.3562
1.35623
1.35628
1.35632
1.35637
1.35644
1.35649
1.35655
1.35659
1.35662
1.3566
1.35654
1.35644
1.35632
1.35621
1.35612
1.35608
1.35609
1.35613
1.3562
1.35627
1.35634
1.35639
1.35642
1.35643
1.35643
1.35643
1.35643
1.35642
1.35643
1.35643
1.35643
1.35643
1.35645
1.35647
1.35648
1.35648
1.35645
1.3564
1.35632
1.35623
1.35614
1.35606
1.35603
1.35604
1.3561
1.35618
1.3563
1.35643
1.35655
1.35668
1.3568
1.3569
1.35697
1.35702
1.35701
1.35695
1.35679
1.35656
1.35628
1.35599
1.35575
1.3556
1.35554
1.35556
1.35562
1.35569
1.35576
1.35582
1.35588
1.35593
1.35599
1.35606
1.35612
1.3562
1.35629
1.35637
1.35644
1.35651
1.35656
1.35657
1.35654
1.35645
1.35633
1.3562
1.35611
1.35605
1.35604
1.35608
1.35615
1.35624
1.35634
1.35644
1.35653
1.35659
1.35663
1.35665
1.35664
1.35658
1.35648
1.35632
1.35614
1.35596
1.35584
1.35578
1.35578
1.35583
1.35594
1.35606
1.35618
1.35631
1.35642
1.35652
1.3566
1.35667
1.35672
1.35675
1.35676
1.35675
1.35674
1.35672
1.3567
1.35668
1.35666
1.35663
1.35659
1.35655
1.35648
1.35638
1.35624
1.35606
1.35588
1.35571
1.35558
1.35552
1.35552
1.35556
1.35562
1.35569
1.35576
1.35584
1.35591
1.35598
1.35604
1.3561
1.35615
1.35619
1.35625
1.3563
1.35636
1.35643
1.35648
1.35653
1.35655
1.35657
1.35657
1.35653
1.35649
1.35646
1.35644
1.35643
