-0.441321
-0.437928
-0.433345
-0.427665
-0.421334
-0.415226
-0.410505
-0.408266
-0.409045
-0.412583
-0.417987
-0.424173
-0.430311
-0.435939
-0.440901
-0.445237
-0.448979
-0.452128
-0.454608
-0.456249
-0.456879
-0.456313
-0.454403
-0.451203
-0.446946
-0.442173
-0.437658
-0.434288
-0.432804
-0.43356
-0.436354
-0.440614
-0.445619
-0.450735
-0.455543
-0.459802
-0.463403
-0.466299
-0.468448
-0.469821
-0.470348
-0.469925
-0.468502
-0.466022
-0.462503
-0.458094
-0.453128
-0.448085
-0.4436
-0.440265
-0.438613
-0.438997
-0.441585
-0.446329
-0.452925
-0.460755
-0.469017
-0.476932
-0.483896
-0.489575
-0.49391
-0.496994
-0.498959
-0.499978
-0.500174
-0.499645
-0.498448
-0.496637
-0.494281
-0.491414
-0.488138
-0.484492
-0.480547
-0.47629
-0.471654
-0.466453
-0.460402
-0.453105
-0.444242
-0.433765
-0.422252
-0.411065
-0.402167
-0.397484
-0.398083
-0.403803
-0.413332
-0.424848
-0.436515
-0.446954
-0.455394
-0.461666
-0.466017
-0.468877
-0.470732
-0.471984
-0.472921
-0.473701
-0.474403
-0.474987
-0.475412
-0.475584
-0.475443
-0.47493
-0.473999
-0.472642
-0.47088
-0.468749
-0.466293
-0.463599
-0.46074
-0.457788
-0.454799
-0.451862
-0.448991
-0.446206
-0.44353
-0.440982
-0.438604
-0.43645
-0.434625
-0.433228
-0.432319
-0.431936
-0.432071
-0.432635
-0.433506
-0.434543
-0.4356
-0.436575
-0.437361
-0.437918
-0.438244
-0.438367
-0.438322
-0.438177
-0.437967
-0.437738
-0.437482
-0.437203
-0.436904
-0.436556
-0.436168
-0.435759
-0.435404
-0.435201
-0.43524
-0.435612
-0.436363
-0.437509
-0.439016
-0.440817
-0.442836
-0.444995
-0.447258
-0.449598
-0.45199
-0.454408
-0.456811
-0.459127
-0.461265
-0.463073
-0.464387
-0.465047
-0.464877
-0.463756
-0.461603
-0.458414
-0.454312
-0.449543
-0.444496
-0.439667
-0.43565
-0.432904
-0.431701
-0.432015
-0.433462
-0.435426
-0.437163
-0.437962
-0.437286
-0.434911
-0.431026
-0.426312
-0.421813
-0.418715
-0.417937
-0.419778
-0.423823
-0.429143
-0.434637
-0.439391
-0.442767
-0.444394
-0.444102
-0.441841
-0.437743
-0.43217
-0.425833
-0.419729
-0.414862
-0.411892
-0.410843
-0.411187
-0.412213
-0.413345
-0.414309
-0.415132
-0.415935
-0.416841
-0.417962
-0.419331
-0.420966
-0.422811
-0.424773
-0.426716
-0.428472
-0.429885
-0.430857
-0.431302
-0.431172
-0.430436
-0.429016
-0.426834
-0.423796
-0.419775
-0.41472
-0.40871
-0.402078
-0.395528
-0.390057
-0.386745
-0.386294
-0.388688
-0.393161
-0.398591
-0.403887
-0.408281
-0.411411
-0.413227
-0.413881
-0.413629
-0.41277
-0.411598
-0.410384
-0.409342
-0.408583
-0.408134
-0.407944
-0.407891
-0.407843
-0.407692
-0.407368
-0.406866
-0.406212
-0.405489
-0.404809
-0.404295
-0.404001
-0.40395
-0.404093
-0.404296
-0.40444
-0.404365
-0.404002
-0.40334
-0.402443
-0.401423
-0.400394
-0.39942
-0.398539
-0.397706
-0.396864
-0.395969
-0.395044
-0.394142
-0.393388
-0.392932
-0.392846
-0.393192
-0.393924
-0.39495
-0.39617
-0.39747
-0.398788
-0.400126
-0.401514
-0.403014
-0.404655
-0.406453
-0.408413
-0.4105
-0.412659
-0.414821
-0.416886
-0.41876
-0.42032
-0.421458
-0.422093
-0.422203
-0.421847
-0.421108
-0.420161
-0.4192
-0.418459
-0.418176
-0.418551
-0.419756
-0.421873
-0.424891
-0.428679
-0.432998
-0.437548
-0.442028
-0.446152
-0.449666
-0.45238
-0.454169
-0.454908
-0.454519
-0.452953
-0.450178
-0.446195
-0.441086
-0.434903
-0.427719
-0.419488
-0.410098
-0.39932
-0.387152
-0.374082
-0.361374
-0.351033
-0.345196
-0.345176
-0.350801
-0.360506
-0.372065
-0.383477
-0.393424
-0.401326
-0.407123
-0.411037
-0.413429
-0.414633
-0.414978
-0.414704
-0.413995
-0.41301
-0.411875
-0.41072
-0.409653
-0.408788
-0.408234
-0.408052
-0.408265
-0.408797
-0.409517
-0.410223
-0.410656
-0.410566
-0.409691
-0.407799
-0.404759
-0.40056
-0.395404
-0.389769
-0.384417
-0.380231
-0.377968
-0.377957
-0.379936
-0.383225
-0.386975
-0.390488
-0.393303
-0.395274
-0.39644
-0.396937
-0.396984
-0.39679
-0.396555
-0.396449
-0.3966
-0.397083
-0.397943
-0.399151
-0.400652
-0.40236
-0.404181
-0.40601
-0.407747
-0.409309
-0.410629
-0.411671
-0.4124
-0.412788
-0.412837
-0.412535
-0.411898
-0.410955
-0.409722
-0.408268
-0.406697
-0.405116
-0.403672
-0.402481
-0.401637
-0.401147
-0.400924
-0.400847
-0.400678
-0.40022
-0.399323
-0.397923
-0.396037
-0.39369
-0.390889
-0.387544
-0.383549
-0.378913
-0.374067
-0.369957
-0.367812
-0.368652
-0.372622
-0.378855
-0.385896
-0.392357
-0.397351
-0.400536
-0.40202
-0.402143
-0.401324
-0.399996
-0.398516
-0.397102
-0.395886
-0.394871
-0.393987
-0.393171
-0.392354
-0.39151
-0.390654
-0.389832
-0.389102
-0.388508
-0.388103
-0.38789
-0.387867
-0.388033
-0.388323
-0.388701
-0.389119
-0.389519
-0.389863
-0.390104
-0.390211
-0.390161
-0.389943
-0.389535
-0.38897
-0.388266
-0.387449
-0.386589
-0.385728
-0.384897
-0.384153
-0.383534
-0.383063
-0.382723
-0.382532
-0.382429
-0.382372
-0.382291
-0.382135
-0.381825
-0.381315
-0.380545
-0.379487
-0.378118
-0.37643
-0.374448
-0.372216
-0.36979
-0.367268
-0.36475
-0.362354
-0.360172
-0.358304
-0.356812
-0.355729
-0.355051
-0.354732
-0.354717
-0.354939
-0.355336
-0.35587
-0.356493
-0.357204
-0.357984
-0.35883
-0.359732
-0.360661
-0.361595
-0.362483
-0.363271
-0.363883
-0.364274
-0.364371
-0.364133
-0.363506
-0.36245
-0.360957
-0.359008
-0.356596
-0.353731
-0.350413
-0.346668
-0.342529
-0.338039
-0.333267
-0.328326
-0.323351
-0.318554
-0.314147
-0.310424
-0.307638
-0.306032
-0.305777
-0.306894
-0.309299
-0.312759
-0.316954
-0.321525
-0.326091
-0.330337
-0.334022
-0.336972
-0.33911
-0.340386
-0.340824
-0.340485
-0.339484
-0.33795
-0.336084
-0.334099
-0.332216
-0.330654
-0.329572
-0.329075
-0.329168
-0.32976
-0.3307
-0.331787
-0.332836
-0.333666
-0.334126
-0.334092
-0.333494
-0.332297
-0.330457
-0.327976
-0.324868
-0.321162
-0.316916
-0.312197
-0.307148
-0.301973
-0.296945
-0.292434
-0.288853
-0.286569
-0.28592
-0.286994
-0.289668
-0.293574
-0.298158
-0.302868
-0.307206
-0.310828
-0.313542
-0.315291
-0.316112
-0.316118
-0.315445
-0.314254
-0.312727
-0.311064
-0.309433
-0.308026
-0.30697
-0.306356
-0.306236
-0.306579
-0.307333
-0.308394
-0.309638
-0.310973
-0.312322
-0.313625
-0.31484
-0.315971
-0.317006
-0.317956
-0.318823
-0.319637
-0.320389
-0.321084
-0.321723
-0.322266
-0.322705
-0.322984
-0.323075
-0.322915
-0.322477
-0.321713
-0.320614
-0.319194
-0.317517
-0.315667
-0.31374
-0.311833
-0.309928
-0.307874
-0.305343
-0.301857
-0.296872
-0.29002
-0.281445
-0.272053
-0.263591
-0.258149
-0.257119
-0.260397
-0.2665
-0.273575
-0.280186
-0.285651
-0.289904
-0.29312
-0.295543
-0.297333
-0.298568
-0.299239
-0.299327
-0.298814
-0.297758
-0.296292
-0.294638
-0.293098
-0.29199
-0.291581
-0.292033
-0.293329
-0.29532
-0.297728
-0.30025
-0.302608
-0.304554
-0.305897
-0.306481
-0.306157
-0.304813
-0.302355
-0.298757
-0.294159
-0.288882
-0.283403
-0.278352
-0.274303
-0.271632
-0.270473
-0.270798
-0.272592
-0.275783
-0.280222
-0.285519
-0.291058
-0.296118
-0.30006
-0.302452
-0.303096
-0.302018
-0.299446
-0.295837
-0.291859
-0.288266
-0.285809
-0.284973
-0.285909
-0.288391
-0.291927
-0.295975
-0.300051
-0.303822
-0.307089
-0.309744
-0.311734
-0.313028
-0.313637
-0.313585
-0.312905
-0.311663
-0.309979
-0.307981
-0.30587
-0.303866
-0.30221
-0.301158
-0.300883
-0.301499
-0.303009
-0.305347
-0.308359
-0.311842
-0.315595
-0.319444
-0.323238
-0.32689
-0.330331
-0.333569
-0.336615
-0.339502
-0.342228
-0.344824
-0.347295
-0.349647
-0.351881
-0.35403
-0.356148
-0.358313
-0.360574
-0.363008
-0.365644
-0.368459
-0.371393
-0.37432
-0.377087
-0.379501
-0.381367
-0.382481
-0.382683
-0.381828
-0.379862
-0.376801
-0.372799
-0.368155
-0.363283
-0.358663
-0.354771
-0.352003
-0.350594
-0.350627
-0.352085
-0.35482
-0.35855
-0.362894
-0.367383
-0.371586
-0.375237
-0.378309
-0.381035
-0.383823
-0.387114
-0.391204
-0.396043
-0.40128
-0.406283
-0.410352
-0.412902
-0.413501
-0.411941
-0.408218
-0.402552
-0.395396
-0.387474
-0.379735
-0.373227
-0.368833
-0.366982
-0.367575
-0.370039
-0.37368
-0.377885
-0.382279
-0.386711
-0.391177
-0.395715
-0.400328
-0.40496
-0.409475
-0.413704
-0.417421
-0.420431
-0.422554
-0.423654
-0.42361
-0.422354
-0.419878
-0.416239
-0.411562
-0.406131
-0.400334
-0.394678
-0.389721
-0.385902
-0.383485
-0.382459
-0.38263
-0.383629
-0.38504
-0.386446
-0.387452
-0.387707
-0.386907
-0.384918
-0.381744
-0.37759
-0.37288
-0.368253
-0.364375
-0.361764
-0.360681
-0.360978
-0.362308
-0.364215
-0.366339
-0.368478
-0.370564
-0.372596
-0.37462
-0.37665
-0.378679
-0.380646
-0.382464
-0.384008
-0.385168
-0.385766
-0.385651
-0.38464
-0.382551
-0.379166
-0.374296
-0.367822
-0.359767
-0.350401
-0.340385
-0.330766
-0.322763
-0.317528
-0.315734
-0.317349
-0.321694
-0.327784
-0.334641
-0.341482
-0.347836
-0.353469
-0.358322
-0.36245
-0.365957
-0.36896
-0.371575
-0.373907
-0.376022
-0.377967
-0.37976
-0.381414
-0.382904
-0.38419
-0.385241
-0.385986
-0.386372
-0.386307
-0.385672
-0.384344
-0.382146
-0.378907
-0.37448
-0.368797
-0.361915
-0.354143
-0.346095
-0.338667
-0.332866
-0.329554
-0.329138
-0.33146
-0.335837
-0.341351
-0.347083
-0.35232
-0.356618
-0.359772
-0.361719
-0.362464
-0.361999
-0.360325
-0.357469
-0.353572
-0.348878
-0.343801
-0.338924
-0.334932
-0.332463
-0.331966
-0.333533
-0.336869
-0.34139
-0.346417
-0.351346
-0.355763
-0.359452
-0.362381
-0.364628
-0.366299
-0.367489
-0.368239
-0.368572
-0.368438
-0.367843
-0.366784
-0.36535
-0.363714
-0.362093
-0.360749
-0.359902
-0.359668
-0.360016
-0.360763
-0.36163
-0.362353
-0.362738
-0.362711
-0.362358
-0.361857
-0.361427
-0.361284
-0.361557
-0.362254
-0.363275
-0.364434
-0.365495
-0.366233
-0.366458
-0.366007
-0.364774
-0.362681
-0.359685
-0.355795
-0.35105
-0.345573
-0.339622
-0.3336
-0.328056
-0.323674
-0.321142
-0.320971
-0.323224
-0.327538
-0.333137
-0.339123
-0.344691
-0.349287
-0.352591
-0.354484
-0.355004
-0.354301
-0.35257
-0.350073
-0.34711
-0.343978
-0.340937
-0.338164
-0.335783
-0.333832
-0.332395
-0.331574
-0.331484
-0.332181
-0.333552
-0.335312
-0.33701
-0.338202
-0.338544
-0.33788
-0.336293
-0.334033
-0.331589
-0.329475
-0.3282
-0.328114
-0.329337
-0.331724
-0.334955
-0.338661
-0.342453
-0.346052
-0.349276
-0.351974
-0.354115
-0.355676
-0.356658
-0.357062
-0.356911
-0.356214
-0.354995
-0.353358
-0.35142
-0.349418
-0.34768
-0.346516
-0.346221
-0.346887
-0.348384
-0.350291
-0.352058
-0.353036
-0.352597
-0.350283
-0.345909
-0.339701
-0.332444
-0.325467
-0.320367
-0.318353
-0.319677
-0.323431
-0.328064
-0.332048
-0.334237
-0.334074
-0.331598
-0.32744
-0.322826
-0.31937
-0.318558
-0.321108
-0.326593
-0.333746
-0.341108
-0.347551
-0.352479
-0.355749
-0.35747
-0.357851
-0.357142
-0.355565
-0.35329
-0.350509
-0.347415
-0.344234
-0.341238
-0.338701
-0.336835
-0.335766
-0.335409
-0.335544
-0.335873
-0.336089
-0.336015
-0.335568
-0.334822
-0.333922
-0.33306
-0.332379
-0.331982
-0.331901
-0.332081
-0.332454
-0.332915
-0.333384
-0.333796
-0.334121
-0.334322
-0.334388
-0.334278
-0.333959
-0.333392
-0.33255
-0.331413
-0.330034
-0.328482
-0.326904
-0.325468
-0.32435
-0.323711
-0.323604
-0.324013
-0.324817
-0.325872
-0.326977
-0.327989
-0.328783
-0.329271
-0.3294
-0.329165
-0.328544
-0.327529
-0.326075
-0.324185
-0.32182
-0.319015
-0.31584
-0.312489
-0.309321
-0.30678
-0.305366
-0.305467
-0.307231
-0.310471
-0.314762
-0.319563
-0.324376
-0.328831
-0.33272
-0.335971
-0.338575
-0.340609
-0.342148
-0.343275
-0.344072
-0.344607
-0.344949
-0.34515
-0.345264
-0.345297
-0.345259
-0.345172
-0.34499
-0.34471
-0.344308
-0.343768
-0.343173
-0.342626
-0.342298
-0.342352
-0.342939
-0.344115
-0.345833
-0.347949
-0.350228
-0.352393
-0.354195
-0.355433
-0.355934
-0.355616
-0.354438
-0.352443
-0.349792
-0.346706
-0.343538
-0.340738
-0.33877
-0.338075
-0.338962
-0.34152
-0.345628
-0.350934
-0.357012
-0.363381
-0.369629
-0.375447
-0.380629
-0.385073
-0.388736
-0.391633
-0.393764
-0.395132
-0.395683
-0.395304
-0.393837
-0.391054
-0.386777
-0.380945
-0.373764
-0.365905
-0.358556
-0.353224
-0.351222
-0.353104
-0.358404
-0.365907
-0.374259
-0.382391
-0.389667
-0.395833
-0.400904
-0.404968
-0.408209
-0.410785
-0.412852
-0.414516
-0.41582
-0.41678
-0.417356
-0.417472
-0.417069
-0.416058
-0.414379
-0.412029
-0.409028
-0.405472
-0.401519
-0.397373
-0.393305
-0.389562
-0.386404
-0.383981
-0.382367
-0.381527
-0.381356
-0.381722
-0.382472
-0.383477
-0.384637
-0.385851
-0.386989
-0.387911
-0.388428
-0.388303
-0.387312
-0.38523
-0.381851
-0.37702
-0.370681
-0.362932
-0.354061
-0.344633
-0.335481
-0.327648
-0.322212
-0.320022
-0.321426
-0.326221
-0.333696
-0.342815
-0.352513
-0.361913
-0.370369
-0.377512
-0.383166
-0.387317
-0.390004
-0.391298
-0.391297
-0.390112
-0.387885
-0.384813
-0.381161
-0.377251
-0.373421
-0.369933
-0.366919
-0.364329
-0.361928
-0.359482
-0.356861
-0.354169
-0.351712
-0.349876
-0.348937
-0.3489
-0.349513
-0.350443
-0.351393
-0.352225
-0.352918
-0.353486
-0.353882
-0.35396
-0.353584
-0.35263
-0.351132
-0.349305
-0.347554
-0.34642
-0.346391
-0.347768
-0.350537
-0.354417
-0.358915
-0.363549
-0.367925
-0.371779
-0.374944
-0.377316
-0.37886
-0.379532
-0.379265
-0.377977
-0.375574
-0.371984
-0.367241
-0.361517
-0.355252
-0.349164
-0.344154
-0.341157
-0.340832
-0.343296
-0.34801
-0.35399
-0.360116
-0.365443
-0.369417
-0.371896
-0.373065
-0.373322
-0.373142
-0.372979
-0.373194
-0.373969
-0.375357
-0.377272
-0.379514
-0.381874
-0.384068
-0.385826
-0.386908
-0.387148
-0.386473
-0.384928
-0.382675
-0.379997
-0.377246
-0.374764
-0.372729
-0.371088
-0.369557
-0.367789
-0.365566
-0.362938
-0.360217
-0.357902
-0.356504
-0.356396
-0.35783
-0.360825
-0.365151
-0.370282
-0.375478
-0.379953
-0.38307
-0.384476
-0.384113
-0.382263
-0.379479
-0.376485
-0.374074
-0.372944
-0.373482
-0.375705
-0.379276
-0.383677
-0.388394
-0.39304
-0.397356
-0.401243
-0.404636
-0.407529
-0.409885
-0.411677
-0.412858
-0.413359
-0.413113
-0.412081
-0.410268
-0.40772
-0.404589
-0.401064
-0.397443
-0.394044
-0.391147
-0.388906
-0.387353
-0.386364
-0.385787
-0.385493
-0.385437
-0.385686
-0.386314
-0.38738
-0.388818
-0.390495
-0.392149
-0.393534
-0.394441
-0.39475
-0.394466
-0.393672
-0.392548
-0.391312
-0.390184
-0.389356
-0.388988
-0.38916
-0.389933
-0.391302
-0.393243
-0.395662
-0.39839
-0.401181
-0.403762
-0.405801
-0.406999
-0.407052
-0.405763
-0.403062
-0.398963
-0.393659
-0.387494
-0.380929
-0.374557
-0.369076
-0.365208
-0.363625
-0.364729
-0.368472
-0.374243
-0.380928
-0.387181
-0.391753
-0.393727
-0.392721
-0.389004
-0.383504
-0.377753
-0.373485
-0.372086
-0.374086
-0.379048
-0.385885
-0.393385
-0.400619
-0.40704
-0.412435
-0.416812
-0.420253
-0.422894
-0.424786
-0.425948
-0.426312
-0.425754
-0.42411
-0.421164
-0.416689
-0.410528
-0.402696
-0.393536
-0.383889
-0.374981
-0.368093
-0.363898
-0.362062
-0.361373
-0.360348
-0.358038
-0.354405
-0.350292
-0.347078
-0.346104
-0.348145
-0.353152
-0.360393
-0.368807
-0.37741
-0.385533
-0.392782
-0.399023
-0.404247
-0.408487
-0.41183
-0.414333
-0.416073
-0.417145
-0.417626
-0.417623
-0.417218
-0.416499
-0.415539
-0.414398
-0.413123
-0.411739
-0.410269
-0.408711
-0.40704
-0.405226
-0.403251
-0.40106
-0.398655
-0.39605
-0.393276
-0.390373
-0.387406
-0.38446
-0.38161
-0.378951
-0.376603
-0.374694
-0.37337
-0.372727
-0.372855
-0.373777
-0.375444
-0.377744
-0.380556
-0.383713
-0.387043
-0.390372
-0.393538
-0.39641
-0.39884
-0.400743
-0.40206
-0.402843
-0.403221
-0.403444
-0.403792
-0.404518
-0.405784
-0.407579
-0.409682
-0.411755
-0.413445
-0.414449
-0.414611
-0.413958
-0.412729
-0.411282
-0.410006
-0.409261
-0.409227
-0.409858
-0.410903
-0.412001
-0.412791
-0.412989
-0.412381
-0.410872
-0.408498
-0.405429
-0.401942
-0.398535
-0.395791
-0.394334
-0.394623
-0.396803
-0.400647
-0.405663
-0.411199
-0.416714
-0.421783
-0.426196
-0.429856
-0.432758
-0.434926
-0.436403
-0.437192
-0.437244
-0.43649
-0.434821
-0.432137
-0.428324
-0.423367
-0.417357
-0.410587
-0.403569
-0.39702
-0.391756
-0.388517
-0.387794
-0.389702
-0.393955
-0.399984
-0.40709
-0.414557
-0.421762
-0.428175
-0.433382
-0.43707
-0.43902
-0.439076
-0.437213
-0.433493
-0.428211
-0.421836
-0.414999
-0.408403
-0.402699
-0.398359
-0.395679
-0.394797
-0.395673
-0.398123
-0.401779
-0.406118
-0.410539
-0.414481
-0.417515
-0.419411
-0.42011
-0.419661
-0.418226
-0.415955
-0.413037
-0.409652
-0.405976
-0.402162
-0.398371
-0.39474
-0.391421
-0.388543
-0.386237
-0.384582
-0.383632
-0.383352
-0.383658
-0.38441
-0.385468
-0.386657
-0.387859
-0.388998
-0.389977
-0.390792
-0.391423
-0.391873
-0.392141
-0.392246
-0.392197
-0.392016
-0.391756
-0.391445
-0.39115
-0.390913
-0.390802
-0.390857
-0.391106
-0.391541
-0.39216
-0.392899
-0.393708
-0.394526
-0.395329
-0.396081
-0.396772
-0.397443
-0.398104
-0.398787
-0.399491
-0.400237
-0.401012
-0.401763
-0.402451
-0.403029
-0.403456
-0.403701
-0.403751
-0.403583
-0.40319
-0.402589
-0.401779
-0.400762
-0.399536
-0.39811
-0.396521
-0.394796
-0.392988
-0.391109
-0.389212
-0.387272
-0.385258
-0.383148
-0.380969
-0.378893
-0.377277
-0.376649
-0.377565
-0.380392
-0.385077
-0.391116
-0.397674
-0.403896
-0.409119
-0.412953
-0.415265
-0.416153
-0.415838
-0.414599
-0.412751
-0.41058
-0.408361
-0.406298
-0.404558
-0.403235
-0.402357
-0.401966
-0.402036
-0.402554
-0.403495
-0.404818
-0.406471
-0.408388
-0.410507
-0.412708
-0.414912
-0.417036
-0.418989
-0.4207
-0.422107
-0.423184
-0.423911
-0.424264
-0.424256
-0.423865
-0.423119
-0.42201
-0.420532
-0.418715
-0.416557
-0.414074
-0.411295
-0.408275
-0.405075
-0.401794
-0.398552
-0.395509
-0.392817
-0.390637
-0.389064
-0.388161
-0.38792
-0.388258
-0.389056
-0.390169
-0.391412
-0.392657
-0.39377
-0.394645
-0.395191
-0.395367
-0.395111
-0.39444
-0.393325
-0.391783
-0.3898
-0.38736
-0.384454
-0.381058
-0.377238
-0.373124
-0.368987
-0.3652
-0.362234
-0.360499
-0.360272
-0.361564
-0.364124
-0.367488
-0.371105
-0.374472
-0.37719
-0.379027
-0.379867
-0.379772
-0.378896
-0.377469
-0.375744
-0.373979
-0.372405
-0.371184
-0.370367
-0.369955
-0.369853
-0.36994
-0.370076
-0.370147
-0.370042
-0.369696
-0.369043
-0.368076
-0.366798
-0.365204
-0.363347
-0.36128
-0.359078
-0.356864
-0.354788
-0.352999
-0.35164
-0.350809
-0.35058
-0.350928
-0.351821
-0.353155
-0.354796
-0.356633
-0.35853
-0.360357
-0.36202
-0.363448
-0.364571
-0.365313
-0.365612
-0.36541
-0.364624
-0.363179
-0.36098
-0.357927
-0.353928
-0.348885
-0.342768
-0.335627
-0.327683
-0.31937
-0.311355
-0.304453
-0.299561
-0.29736
-0.298153
-0.301717
-0.307417
-0.31442
-0.321858
-0.329047
-0.335516
-0.341044
-0.345578
-0.349125
-0.351783
-0.353684
-0.354928
-0.355638
-0.355912
-0.355836
-0.355498
-0.355001
-0.354442
-0.353919
-0.353524
-0.353367
-0.353501
-0.35397
-0.354765
-0.355869
-0.35723
-0.35876
-0.360406
-0.362065
-0.363673
-0.365193
-0.366563
-0.367758
-0.368755
-0.369509
-0.369999
-0.370216
-0.370129
-0.369725
-0.369014
-0.368015
-0.366794
-0.365427
-0.364054
-0.36279
-0.361792
-0.361169
-0.360969
-0.361194
-0.361787
-0.362604
-0.363488
-0.364241
-0.364691
-0.364688
-0.364136
-0.363012
-0.361355
-0.359306
-0.357065
-0.354921
-0.353227
-0.352303
-0.352458
-0.353855
-0.356512
-0.360271
-0.364846
-0.369814
-0.374757
-0.379266
-0.383005
-0.385718
-0.38723
-0.387456
-0.386386
-0.384107
-0.380801
-0.376747
-0.372342
-0.368035
-0.364279
-0.361426
-0.359679
-0.359068
-0.359504
-0.360811
-0.362817
-0.365304
-0.368143
-0.371131
-0.374104
-0.376891
-0.379359
-0.381427
-0.38305
-0.384232
-0.385014
-0.385447
-0.385578
-0.385446
-0.385093
-0.384531
-0.383787
-0.382857
-0.381701
-0.380269
-0.378472
-0.376202
-0.373275
-0.369498
-0.364651
-0.358614
-0.35147
-0.343699
-0.33635
-0.33088
-0.328734
-0.330598
-0.336066
-0.343797
-0.35216
-0.359901
-0.366286
-0.371106
-0.374413
-0.376423
-0.377356
-0.377454
-0.376893
-0.375824
-0.374376
-0.372671
-0.370815
-0.368958
-0.367232
-0.365788
-0.364741
-0.364206
-0.364231
-0.364825
-0.365909
-0.36737
-0.36903
-0.370706
-0.372218
-0.373427
-0.374218
-0.374568
-0.374511
-0.374175
-0.373749
-0.373443
-0.373491
-0.374097
-0.375386
-0.377378
-0.379979
-0.383022
-0.386312
-0.389624
-0.392783
-0.395655
-0.398149
-0.400209
-0.401814
-0.402955
-0.403661
-0.403935
-0.4038
-0.40331
-0.40255
-0.401645
-0.400737
-0.400006
-0.399627
-0.399774
-0.400534
-0.401961
-0.404018
-0.406566
-0.409386
-0.412135
-0.414354
-0.41553
-0.415076
-0.412509
-0.407623
-0.400833
-0.393388
-0.387307
-0.384564
-0.385981
-0.390701
-0.396799
-0.402328
-0.406023
-0.407396
-0.406452
-0.403628
-0.399835
-0.396557
-0.395475
-0.397736
-0.403243
-0.410689
-0.418295
-0.424571
-0.428715
-0.430559
-0.430362
-0.428662
-0.426166
-0.423682
-0.42202
-0.42176
-0.423131
-0.425906
-0.429509
-0.433222
-0.436378
-0.43852
-0.439447
-0.439153
-0.437867
-0.435945
-0.433815
-0.431964
-0.430781
-0.430503
-0.431176
-0.432647
-0.434632
-0.436788
-0.43883
-0.440479
-0.441593
-0.442106
-0.442001
-0.441327
-0.440171
-0.438638
-0.436814
-0.434836
-0.432821
-0.430887
-0.429164
-0.427777
-0.42684
-0.426433
-0.426565
-0.427243
-0.428363
-0.429791
-0.431377
-0.432921
-0.434222
-0.435113
-0.435469
-0.435231
-0.434407
-0.433078
-0.431409
-0.429594
-0.427946
-0.426728
-0.426198
-0.426517
-0.42771
-0.429688
-0.432193
-0.434932
-0.437574
-0.43983
-0.441451
-0.442252
-0.442132
-0.441032
-0.438989
-0.436159
-0.432826
-0.429429
-0.426462
-0.424389
-0.423468
-0.423613
-0.424441
-0.425354
-0.425771
-0.425196
-0.423332
-0.42007
-0.415508
-0.409945
-0.403854
-0.397831
-0.392496
-0.388312
-0.385459
-0.383934
-0.383575
-0.384213
-0.385683
-0.387757
-0.390123
-0.392477
-0.394532
-0.396152
-0.397368
-0.398302
-0.399157
-0.400123
-0.401316
-0.402783
-0.404458
-0.406249
-0.407994
-0.409567
-0.410834
-0.411684
-0.412054
-0.411865
-0.411089
-0.409727
-0.407776
-0.40528
-0.402306
-0.398953
-0.395369
-0.391727
-0.388285
-0.385247
-0.382841
-0.381234
-0.380514
-0.380668
-0.381615
-0.383205
-0.385235
-0.387494
-0.389776
-0.391852
-0.393576
-0.394823
-0.395517
-0.395642
-0.395178
-0.394191
-0.392763
-0.390976
-0.38893
-0.386743
-0.384506
-0.382301
-0.38023
-0.378393
-0.376938
-0.376052
-0.375942
-0.37672
-0.378411
-0.380837
-0.383686
-0.386581
-0.389132
-0.391068
-0.392242
-0.392608
-0.392234
-0.39124
-0.389813
-0.388115
-0.386347
-0.38468
-0.383295
-0.38239
-0.382154
-0.382744
-0.38426
-0.386715
-0.390015
-0.393944
-0.398273
-0.402715
-0.407044
-0.411092
-0.414701
-0.417815
-0.420381
-0.422392
-0.423875
-0.424846
-0.42533
-0.425355
-0.42496
-0.424186
-0.423057
-0.42161
-0.419917
-0.418017
-0.415977
-0.413908
-0.411916
-0.410148
-0.408742
-0.407851
-0.407581
-0.408009
-0.409155
-0.41094
-0.41321
-0.415724
-0.418175
-0.420219
-0.421482
-0.421577
-0.42011
-0.416778
-0.411474
-0.404497
-0.396799
-0.390092
-0.386413
-0.387131
-0.39207
-0.399497
-0.407066
-0.412788
-0.415609
-0.415342
-0.412417
-0.407667
-0.402158
-0.396992
-0.393134
-0.391288
-0.39171
-0.394221
-0.398278
-0.403171
-0.408155
-0.412572
-0.415927
-0.41794
-0.418454
-0.417489
-0.415184
-0.411807
-0.407736
-0.403477
-0.399541
-0.396422
-0.394546
-0.394149
-0.395237
-0.397581
-0.400848
-0.404635
-0.408601
-0.412482
-0.416104
-0.419395
-0.422319
-0.424913
-0.427195
-0.42919
-0.430928
-0.432426
-0.433699
-0.43476
-0.435604
-0.436246
-0.436686
-0.436923
-0.436933
-0.436707
-0.436231
-0.435467
-0.434388
-0.432973
-0.431189
-0.429039
-0.426524
-0.423725
-0.42071
-0.417594
-0.414534
-0.411667
-0.409102
-0.406869
-0.404944
-0.403266
-0.401726
-0.400266
-0.398816
-0.397383
-0.396023
-0.394847
-0.394017
-0.393666
-0.393891
-0.394687
-0.395943
-0.397445
-0.398961
-0.400252
-0.401196
-0.401802
-0.402211
-0.402639
-0.403395
-0.404711
-0.406726
-0.409455
-0.412784
-0.416527
-0.420452
-0.42437
-0.428121
-0.431602
-0.434775
-0.437644
-0.440207
-0.442481
-0.44448
-0.446197
-0.447627
-0.448749
-0.44954
-0.449963
-0.450007
-0.449654
-0.448923
-0.447811
-0.446355
-0.444619
-0.442649
-0.440518
-0.438284
-0.436012
-0.433768
-0.431575
-0.429485
-0.427516
-0.425673
-0.423928
-0.422245
-0.42059
-0.418933
-0.417265
-0.41563
-0.414063
-0.41264
-0.411421
-0.410475
-0.409874
-0.409751
-0.410209
-0.411348
-0.413267
-0.415959
-0.419329
-0.423197
-0.42732
-0.431419
-0.435224
-0.438542
-0.441189
-0.443121
-0.444353
-0.445005
-0.445267
-0.445418
-0.445707
-0.44637
-0.447568
-0.449316
-0.451514
-0.453995
-0.456545
-0.458962
-0.46107
-0.462746
-0.463924
-0.46457
-0.464716
-0.464414
-0.463747
-0.462818
-0.461732
-0.460569
-0.459384
-0.458156
-0.456841
-0.455355
-0.45363
-0.45162
-0.449359
-0.446972
-0.444671
-0.442733
-0.441456
-0.441086
-0.441764
-0.443467
-0.445999
-0.449048
-0.452223
-0.455147
-0.457461
-0.458925
-0.459372
-0.458764
-0.45714
-0.454658
-0.451525
-0.448054
-0.4446
-0.441646
-0.439707
-0.439246
-0.440574
-0.443745
-0.448528
-0.454415
-0.4608
-0.467048
-0.472625
-0.477184
-0.480561
-0.482726
-0.4838
-0.483964
-0.483482
-0.48268
-0.481852
-0.48129
-0.481216
-0.481752
-0.482916
-0.484639
-0.486795
-0.489203
-0.491695
-0.49416
-0.496491
-0.498639
-0.500578
-0.50231
-0.503814
-0.505079
-0.506092
-0.506804
-0.507125
-0.506979
-0.506211
-0.504679
-0.502198
-0.498617
-0.493856
-0.488012
-0.481468
-0.474948
-0.469515
-0.466265
-0.466049
-0.469058
-0.474721
-0.481973
-0.489561
-0.496375
-0.501613
-0.504706
-0.505384
-0.503746
-0.500338
-0.496243
-0.49292
-0.491717
-0.493233
-0.497012
-0.50183
-0.506383
-0.509801
-0.511872
-0.512802
-0.512963
-0.512546
-0.511541
-0.509737
-0.506976
-0.503368
-0.499388
-0.495705
-0.492788
-0.490649
-0.488779
-0.486388
-0.48275
-0.47736
-0.470028
-0.460728
-0.449696
-0.437441
-0.424892
-0.413437
-0.404789
-0.40057
-0.401756
-0.408324
-0.419222
-0.43271
-0.446976
-0.460533
-0.472441
-0.482337
-0.490278
-0.496537
-0.501504
-0.50548
-0.508699
-0.511299
-0.513369
-0.51493
-0.516022
-0.516652
-0.516841
-0.516639
-0.51604
-0.51506
-0.513699
-0.511947
-0.509789
-0.507245
-0.504314
-0.501004
-0.49732
-0.493315
-0.489018
-0.484498
-0.479847
-0.475231
-0.470829
-0.466917
-0.46376
-0.46165
-0.460812
-0.461386
-0.463363
-0.466596
-0.470804
-0.47564
-0.480755
-0.485839
-0.490632
-0.494949
-0.498693
-0.501803
-0.504289
-0.506158
-0.507481
-0.508276
-0.50859
-0.508464
-0.507907
-0.506947
-0.505598
-0.503858
-0.501721
-0.499172
-0.496186
-0.492767
-0.488907
-0.484637
-0.480019
-0.475127
-0.470037
-0.464844
-0.459531
-0.454003
-0.448061
-0.441416
-0.433894
-0.42579
-0.418319
-0.413825
-0.414885
-0.42265
-0.43567
-0.450599
-0.464068
-0.473975
-0.479622
-0.481232
-0.479503
-0.475341
-0.469762
-0.463913
-0.458979
-0.456094
-0.456103
-0.459305
-0.465344
-0.473306
-0.482091
-0.490637
-0.498244
-0.504461
-0.509136
-0.512223
-0.513755
-0.513789
-0.51241
-0.50975
-0.506066
-0.50175
-0.497318
-0.493322
-0.490218
-0.488242
-0.487356
-0.487253
-0.487523
-0.487706
-0.487384
-0.486159
-0.483674
-0.479606
-0.47379
-0.466381
-0.458022
-0.449913
-0.443581
-0.440426
-0.441123
-0.445325
-0.451865
-0.459271
-0.466284
-0.472134
-0.47646
-0.479216
-0.480522
-0.480572
-0.479559
-0.477719
-0.475263
-0.472383
-0.469295
-0.466182
-0.463211
-0.460543
-0.458306
-0.456595
-0.455543
-0.455168
-0.455469
-0.456329
-0.457539
-0.458824
-0.459886
-0.460475
-0.460438
-0.459759
-0.458547
-0.457116
-0.455839
-0.455147
-0.4554
-0.456791
-0.459298
-0.46266
-0.466488
-0.470318
-0.47373
-0.476366
-0.477905
-0.478123
-0.476823
-0.473804
-0.46892
-0.462108
-0.453509
-0.443607
-0.433343
-0.42412
-0.417446
-0.414435
-0.415337
-0.419436
-0.425436
-0.432015
-0.438222
-0.443522
-0.447732
-0.450881
-0.453086
-0.454512
-0.455346
-0.455747
-0.455847
-0.455789
-0.455654
-0.455489
-0.455294
-0.455077
-0.454841
-0.454621
-0.454463
-0.454459
-0.454711
-0.455325
-0.456383
-0.457911
-0.45988
-0.462179
-0.464669
-0.467212
-0.469654
-0.471889
-0.473793
-0.475314
-0.476386
-0.476981
-0.477091
-0.476683
-0.47574
-0.474221
-0.472064
-0.469183
-0.465478
-0.460825
-0.455111
-0.448234
-0.440142
-0.430909
-0.420785
-0.410238
-0.400021
-0.391068
-0.384416
-0.38105
-0.381663
-0.38646
-0.394924
-0.405848
-0.417644
-0.428874
-0.438562
-0.446239
-0.451874
-0.455683
-0.458026
-0.459254
-0.459721
-0.459746
-0.459602
-0.459509
-0.459614
-0.460012
-0.460707
-0.461648
-0.462751
-0.463893
-0.464942
-0.465786
-0.466313
-0.466437
-0.466111
-0.465273
-0.463929
-0.462106
-0.459834
-0.457221
-0.454386
-0.451477
-0.44868
-0.446159
-0.444052
-0.442484
-0.441516
-0.441143
-0.441326
-0.441969
-0.442899
-0.443933
-0.444804
-0.445227
-0.44488
-0.44349
-0.440854
-0.436941
-0.43194
-0.426274
-0.420575
-0.415486
-0.411671
-0.409788
-0.410429
-0.41398
-0.420332
-0.428704
-0.437898
-0.44669
-0.454213
-0.460047
-0.464142
-0.466668
-0.467904
-0.468119
-0.467599
-0.466568
-0.465233
-0.463738
-0.462213
-0.460746
-0.459363
-0.458104
-0.456954
-0.455942
-0.45506
-0.454331
-0.453779
-0.453459
-0.453438
-0.45377
-0.454507
-0.455668
-0.457227
-0.459103
-0.461192
-0.463355
-0.465401
-0.467196
-0.468587
-0.469444
-0.469646
-0.469095
-0.467745
-0.465616
-0.462793
-0.459512
-0.45613
-0.453146
-0.451111
-0.450493
-0.451528
-0.454105
-0.457822
-0.462116
-0.466422
-0.470325
-0.473575
-0.476098
-0.477968
-0.479315
-0.480314
-0.481137
-0.48193
-0.482771
-0.48368
-0.484671
-0.485648
-0.486514
-0.487097
-0.487201
-0.486574
-0.48496
-0.482062
-0.477571
-0.471294
-0.463178
-0.453485
-0.442999
-0.433107
-0.425565
-0.421952
-0.422891
-0.427786
-0.435179
-0.443417
-0.45127
-0.458019
-0.463431
-0.467528
-0.470481
-0.47249
-0.473777
-0.474554
-0.475039
-0.475431
-0.47589
-0.476542
-0.477422
-0.478503
-0.479706
-0.480873
-0.481862
-0.482543
-0.482787
-0.48254
-0.48179
-0.480561
-0.478928
-0.476985
-0.474848
-0.472621
-0.470371
-0.468146
-0.465945
-0.46374
-0.461467
-0.459082
-0.456551
-0.453879
-0.451135
-0.448427
-0.445841
-0.443461
-0.441268
-0.439139
-0.43687
-0.434216
-0.430956
-0.426964
-0.422248
-0.41704
-0.411774
-0.407067
-0.403669
-0.402241
-0.40313
-0.406222
-0.411021
-0.416794
-0.422843
-0.428645
-0.433854
-0.438334
-0.442025
-0.44495
-0.447187
-0.448803
-0.449876
-0.450512
-0.450788
-0.450768
-0.450559
-0.450211
-0.44979
-0.449334
-0.448896
-0.448506
-0.448185
-0.447952
-0.447808
-0.447754
-0.447775
-0.447865
-0.448016
-0.448153
-0.448249
-0.448234
-0.448019
-0.447517
-0.446622
-0.445208
-0.443179
-0.440495
-0.437169
-0.43332
-0.429231
-0.425249
-0.42179
-0.41922
-0.417734
-0.417346
-0.417925
-0.419241
-0.421092
-0.423309
-0.425808
-0.428521
-0.43137
-0.434272
-0.437131
-0.43987
-0.44246
-0.444905
-0.447256
-0.449552
-0.451876
-0.454262
-0.456689
-0.459112
-0.461443
-0.46356
-0.465364
-0.466768
-0.467688
-0.468089
-0.467953
-0.467283
-0.466113
-0.464504
-0.462543
-0.460343
-0.458049
-0.455834
-0.453884
-0.452329
-0.451255
-0.450594
-0.450165
-0.4497
-0.44894
-0.447744
-0.446159
-0.444462
-0.443024
-0.442187
-0.442097
-0.44262
-0.443427
-0.444154
-0.444574
-0.444657
-0.444626
-0.444825
-0.445627
-0.447277
-0.449843
-0.453168
-0.456965
-0.460871
-0.464571
-0.467812
-0.470418
-0.472322
-0.473479
-0.473906
-0.473601
-0.472591
-0.47096
-0.468779
-0.46618
-0.46333
-0.460463
-0.4578
-0.455523
-0.453703
-0.452277
-0.451075
-0.449862
-0.448433
-0.446637
-0.444504
-0.442233
-0.440203
-0.438818
-0.438315
-0.438478
-0.438619
-0.437546
-0.434011
-0.427237
-0.417764
-0.408025
-0.401899
-0.402601
-0.410336
-0.422104
-0.433995
-0.443278
-0.448999
-0.451342
-0.451044
-0.448925
-0.445769
-0.442172
-0.438602
-0.43544
-0.432871
-0.430979
-0.429761
-0.429086
-0.428801
-0.428752
-0.428777
-0.428775
-0.428668
-0.428414
-0.427997
-0.427397
-0.426641
-0.42571
-0.424602
-0.423322
-0.421884
-0.420285
-0.418565
-0.416754
-0.414924
-0.413163
-0.411555
-0.410183
-0.409131
-0.408438
-0.408146
-0.408257
-0.408718
-0.40947
-0.410434
-0.411502
-0.412583
-0.413602
-0.414509
-0.415247
-0.415778
-0.416083
-0.416165
-0.416006
-0.415605
-0.414956
-0.414064
-0.412938
-0.411612
-0.410146
-0.408612
-0.407134
-0.405832
-0.404839
-0.404297
-0.404285
-0.404873
-0.406071
-0.407825
-0.410079
-0.412707
-0.415583
-0.418567
-0.421539
-0.424381
-0.426992
-0.429268
-0.431104
-0.43235
-0.432894
-0.432536
-0.431053
-0.428234
-0.423865
-0.417899
-0.41058
-0.402624
-0.395276
-0.390025
-0.388034
-0.389488
-0.393488
-0.398488
-0.403023
-0.406132
-0.407437
-0.407024
-0.40523
-0.402423
-0.398985
-0.395192
-0.391284
-0.387531
-0.38423
-0.381805
-0.380705
-0.381285
-0.383692
-0.387818
-0.393295
-0.399602
-0.406233
-0.412706
-0.41869
-0.423971
-0.428401
-0.431966
-0.434658
-0.436557
-0.437767
-0.438438
-0.438768
-0.438955
-0.439217
-0.439689
-0.440437
-0.441408
-0.44247
-0.443432
-0.444093
-0.444297
-0.443944
-0.442965
-0.441373
-0.439222
-0.436592
-0.43357
-0.430254
-0.426731
-0.423073
-0.41934
-0.415606
-0.411993
-0.408662
-0.405846
-0.403893
-0.40315
-0.403913
-0.406312
-0.410244
-0.415394
-0.421245
-0.427245
-0.432897
-0.437797
-0.441665
-0.444373
-0.445889
-0.446286
-0.445701
-0.444389
-0.442605
-0.440654
-0.438802
-0.437225
-0.435974
-0.434949
-0.433919
-0.432555
-0.430533
-0.427577
-0.423471
-0.418207
-0.411972
-0.40523
-0.39868
-0.393158
-0.389451
-0.388079
-0.389273
-0.392954
-0.398825
-0.406395
-0.414992
-0.423853
-0.432244
-0.439586
-0.445453
-0.449702
-0.452351
-0.453581
-0.45366
-0.452873
-0.451545
-0.449892
-0.448054
-0.446057
-0.443838
-0.441294
-0.438306
-0.434803
-0.430783
-0.4263
-0.421484
-0.416484
-0.41144
-0.40651
-0.401837
-0.39758
-0.393929
-0.391051
-0.389123
-0.388286
-0.38857
-0.389953
-0.392281
-0.395314
-0.398784
-0.402386
-0.405898
-0.40925
-0.412503
-0.415816
-0.419369
-0.423246
-0.427417
-0.431753
-0.436058
-0.440122
-0.443762
-0.446863
-0.449381
-0.451292
-0.452622
-0.453416
-0.453739
-0.453655
-0.453228
-0.452522
-0.451595
-0.450504
-0.449305
-0.448024
-0.446704
-0.445381
-0.444071
-0.442794
-0.44155
-0.440355
-0.439201
-0.438089
-0.437007
-0.435947
-0.434892
-0.433826
-0.432732
-0.43162
-0.430488
-0.429335
-0.428176
-0.427046
-0.425989
-0.425057
-0.424312
-0.423795
-0.423557
-0.423617
-0.423943
-0.424489
-0.425177
-0.425901
-0.426581
-0.427115
-0.427453
-0.427535
-0.427343
-0.426885
-0.42617
-0.425254
-0.424153
-0.422906
-0.421549
-0.420115
-0.418662
-0.41726
-0.415977
-0.41494
-0.414244
-0.413953
-0.414095
-0.414617
-0.415416
-0.416342
-0.417221
-0.417902
-0.418248
-0.418207
-0.417737
-0.41687
-0.4157
-0.414334
-0.412915
-0.411558
-0.410348
-0.409383
-0.408705
-0.408296
-0.408146
-0.408197
-0.408422
-0.408745
-0.409132
-0.409502
-0.409777
-0.409891
-0.409785
-0.409389
-0.408689
-0.407674
-0.406346
-0.404726
-0.402802
-0.400559
-0.397946
-0.39491
-0.391395
-0.387412
-0.383044
-0.378434
-0.373855
-0.369626
-0.366091
-0.363568
-0.362269
-0.362304
-0.363653
-0.366244
-0.369942
-0.374604
-0.380066
-0.386119
-0.392498
-0.398868
-0.404925
-0.410436
-0.415232
-0.419224
-0.422421
-0.42486
-0.42663
-0.4278
-0.428478
-0.428728
-0.428623
-0.42822
-0.427572
-0.426723
-0.425693
-0.424495
-0.423167
-0.421733
-0.420205
-0.418599
-0.416932
-0.415219
-0.413471
-0.411682
-0.409818
-0.407825
-0.405658
-0.403233
-0.400464
-0.397263
-0.393578
-0.389345
-0.384588
-0.379359
-0.373776
-0.368008
-0.362262
-0.356779
-0.351786
-0.347495
-0.344099
-0.341723
-0.340458
-0.340359
-0.34144
-0.343634
-0.346833
-0.350873
-0.355559
-0.36073
-0.366253
-0.372037
-0.378023
-0.384138
-0.390249
-0.396168
-0.40166
-0.406445
-0.41029
-0.412985
-0.414388
-0.414366
-0.412815
-0.409669
-0.404872
-0.398386
-0.390265
-0.380641
-0.369848
-0.358444
-0.347204
-0.337106
-0.329082
-0.323839
-0.321737
-0.322739
-0.326542
-0.332688
-0.340612
-0.349667
-0.359194
-0.368566
-0.377246
-0.384827
-0.391108
-0.396017
-0.399588
-0.40197
-0.40331
-0.403795
-0.403611
-0.402889
-0.401768
-0.400352
-0.3987
-0.396895
-0.394969
-0.392925
-0.390807
-0.388612
-0.386365
-0.384071
-0.381738
-0.379376
-0.37701
-0.374634
-0.372222
-0.369745
-0.367124
-0.36427
-0.361053
-0.357381
-0.353221
-0.34862
-0.343804
-0.339144
-0.335135
-0.332236
-0.330745
-0.330737
-0.332022
-0.33426
-0.337098
-0.340215
-0.343363
-0.346355
-0.349078
-0.351432
-0.353331
-0.354754
-0.355722
-0.356277
-0.356508
-0.356526
-0.356456
-0.3564
-0.356459
-0.356697
-0.357125
-0.357742
-0.358516
-0.359391
-0.360309
-0.36122
-0.362072
-0.362855
-0.363508
-0.364065
-0.364533
-0.364909
-0.365211
-0.365455
-0.365684
-0.365893
-0.366124
-0.366383
-0.366688
-0.367061
-0.367509
-0.368033
-0.368656
-0.36935
-0.370082
-0.370768
-0.371309
-0.371543
-0.371284
-0.370314
-0.368395
-0.365348
-0.361142
-0.355922
-0.350146
-0.34454
-0.33996
-0.337065
-0.336116
-0.336863
-0.338771
-0.341282
-0.344029
-0.346858
-0.349679
-0.352484
-0.355202
-0.357693
-0.359855
-0.361572
-0.362787
-0.363501
-0.363746
-0.363593
-0.363143
-0.362524
-0.361899
-0.361441
-0.361335
-0.361735
-0.362747
-0.364368
-0.366519
-0.369021
-0.371666
-0.374231
-0.376539
-0.378427
-0.379798
-0.380553
-0.380665
-0.380101
-0.378834
-0.376833
-0.37409
-0.370651
-0.366622
-0.362187
-0.357639
-0.353347
-0.349712
-0.347041
-0.345494
-0.345009
-0.34536
-0.346262
-0.347421
-0.348661
-0.349942
-0.351306
-0.352852
-0.354709
-0.356931
-0.359544
-0.362489
-0.365676
-0.368974
-0.372266
-0.375462
-0.37848
-0.381276
-0.383814
-0.38607
-0.38802
-0.389625
-0.390825
-0.391519
-0.391562
-0.390736
-0.388716
-0.385044
-0.379129
-0.370273
-0.357951
-0.342388
-0.325354
-0.310698
-0.303252
-0.305886
-0.317339
-0.333366
-0.349693
-0.363872
-0.37516
-0.383714
-0.390012
-0.394435
-0.397303
-0.398841
-0.39925
-0.398834
-0.398005
-0.397264
-0.397054
-0.397632
-0.398897
-0.400392
-0.401457
-0.401562
-0.400646
-0.399236
-0.398337
-0.399079
-0.402121
-0.407268
-0.413618
-0.420001
-0.425418
-0.429288
-0.431404
-0.431795
-0.430634
-0.428145
-0.424558
-0.420095
-0.415002
-0.409562
-0.404089
-0.398932
-0.394476
-0.391082
-0.389039
-0.388547
-0.389618
-0.392173
-0.396004
-0.400842
-0.406394
-0.412347
-0.418415
-0.424363
-0.429981
-0.435179
-0.439846
-0.443961
-0.447528
-0.450576
-0.45315
-0.455303
-0.457109
-0.458649
-0.460011
-0.461288
-0.462523
-0.463818
-0.465209
-0.466717
-0.468365
-0.470128
-0.471958
-0.473793
-0.47554
-0.477106
-0.478354
-0.479151
-0.479368
-0.478903
-0.47769
-0.475734
-0.473156
-0.470203
-0.46723
-0.464629
-0.462748
-0.461734
-0.461552
-0.461918
-0.462465
-0.462844
-0.462833
-0.46232
-0.461391
-0.460207
-0.459059
-0.458253
-0.458056
-0.458679
-0.460187
-0.462517
-0.465513
-0.46892
-0.472465
-0.47586
-0.47884
-0.481145
-0.482565
-0.482913
-0.482078
-0.480052
-0.476963
-0.473175
-0.469252
-0.465923
-0.463917
-0.463693
-0.46532
-0.468452
-0.4725
-0.476821
-0.480931
-0.484465
-0.487211
-0.48908
-0.490017
-0.49
-0.489037
-0.487102
-0.484175
-0.480214
-0.475131
-0.468742
-0.460814
-0.451006
-0.439011
-0.424779
-0.408969
-0.393427
-0.381068
-0.374786
-0.375692
-0.382368
-0.391855
-0.401438
-0.409515
-0.415598
-0.419787
-0.422364
-0.423604
-0.423689
-0.422785
-0.421126
-0.419065
-0.417142
-0.415949
-0.41599
-0.417458
-0.420163
-0.423548
-0.426897
-0.429538
-0.430925
-0.430664
-0.428534
-0.424412
-0.418363
-0.410703
-0.402094
-0.39364
-0.386656
-0.382268
-0.38093
-0.38224
-0.385118
-0.388431
-0.391295
-0.39327
-0.394287
-0.394456
-0.394021
-0.393208
-0.392221
-0.391202
-0.390262
-0.389453
-0.388833
-0.38838
-0.388126
-0.388043
-0.388113
-0.388298
-0.388554
-0.388842
-0.389116
-0.389318
-0.389413
-0.389323
-0.389011
-0.388408
-0.387505
-0.386254
-0.38464
-0.382667
-0.380345
-0.377715
-0.374861
-0.371901
-0.368992
-0.366348
-0.364202
-0.362805
-0.362375
-0.363072
-0.364926
-0.367817
-0.371551
-0.375838
-0.380398
-0.384982
-0.389376
-0.39349
-0.397245
-0.400652
-0.403721
-0.40645
-0.408911
-0.4111
-0.413035
-0.414737
-0.416212
-0.417445
-0.41843
-0.419144
-0.419555
-0.419653
-0.419386
-0.418752
-0.417706
-0.416235
-0.41435
-0.412076
-0.409457
-0.406573
-0.403552
-0.400539
-0.397682
-0.39515
-0.393107
-0.391709
-0.391079
-0.391299
-0.392408
-0.394412
-0.397232
-0.400758
-0.404835
-0.40927
-0.413867
-0.418471
-0.422907
-0.427069
-0.430894
-0.434325
-0.437338
-0.439932
-0.442129
-0.443921
-0.445307
-0.446327
-0.446965
-0.44724
-0.447163
-0.446752
-0.446027
-0.444991
-0.443673
-0.442091
-0.440233
-0.438097
-0.435676
-0.432944
-0.42991
-0.426592
-0.423026
-0.419273
-0.415445
-0.411674
-0.408142
-0.404986
-0.402381
-0.400441
-0.399284
-0.398955
-0.399444
-0.400699
-0.402618
-0.405056
-0.407831
-0.410764
-0.413667
-0.416391
-0.418843
-0.420926
-0.42263
-0.423972
-0.42499
-0.425767
-0.426371
-0.426873
-0.427335
-0.427782
-0.42824
-0.428705
-0.429155
-0.429559
-0.429912
-0.43016
-0.430302
-0.430319
-0.430198
-0.429927
-0.429484
-0.428839
-0.427971
-0.426859
-0.425457
-0.42374
-0.421658
-0.419189
-0.416299
-0.413016
-0.409373
-0.405484
-0.401492
-0.397607
-0.394085
-0.39115
-0.389064
-0.387963
-0.387884
-0.388775
-0.390448
-0.392662
-0.395142
-0.39769
-0.40006
-0.402128
-0.403838
-0.405157
-0.406137
-0.406834
-0.407293
-0.407583
-0.40774
-0.407768
-0.407671
-0.407423
-0.406979
-0.406295
-0.405323
-0.404006
-0.402305
-0.400199
-0.397705
-0.394918
-0.391998
-0.389202
-0.386889
-0.3854
-0.384992
-0.38571
-0.387429
-0.389831
-0.392517
-0.395127
-0.397388
-0.399157
-0.400373
-0.401071
-0.401316
-0.4012
-0.400823
-0.400271
-0.399593
-0.398845
-0.398084
-0.397362
-0.396693
-0.396089
-0.395535
-0.394992
-0.394419
-0.393737
-0.392883
-0.391801
-0.390464
-0.388874
-0.387095
-0.385238
-0.383452
-0.381912
-0.380775
-0.380203
-0.38027
-0.380991
-0.382291
-0.384025
-0.385995
-0.38801
-0.389869
-0.391424
-0.392568
-0.39327
-0.393576
-0.393589
-0.39347
-0.393439
-0.39366
-0.394255
-0.395224
-0.396497
-0.397896
-0.399169
-0.400115
-0.400533
-0.400331
-0.39946
-0.397999
-0.396103
-0.393995
-0.391936
-0.390213
-0.389058
-0.388659
-0.389114
-0.390405
-0.392471
-0.395199
-0.398457
-0.402094
-0.405954
-0.409887
-0.413732
-0.417351
-0.420646
-0.42352
-0.425907
-0.427771
-0.42906
-0.429748
-0.429797
-0.429138
-0.427726
-0.425492
-0.422419
-0.418484
-0.413758
-0.408405
-0.402736
-0.397179
-0.392245
-0.388463
-0.386205
-0.385665
-0.386779
-0.389302
-0.392906
-0.397217
-0.401901
-0.40666
-0.411266
-0.415509
-0.419214
-0.422252
-0.424497
-0.425889
-0.426413
-0.426111
-0.42507
-0.423424
-0.421364
-0.419119
-0.416897
-0.414901
-0.413276
-0.41208
-0.411261
-0.410617
-0.409784
-0.408267
-0.405565
-0.401351
-0.395856
-0.390098
-0.385933
-0.38529
-0.389199
-0.397096
-0.407203
-0.417576
-0.426841
-0.434424
-0.440311
-0.44477
-0.44815
-0.450719
-0.452687
-0.454174
-0.455205
-0.455748
-0.455759
-0.455153
-0.453848
-0.451775
-0.448895
-0.44521
-0.440806
-0.43588
-0.43071
-0.425657
-0.421105
-0.417315
-0.414372
-0.412107
-0.410121
-0.408007
-0.405606
-0.403312
-0.402096
-0.403197
-0.407421
-0.414564
-0.423424
-0.432385
-0.440051
-0.445619
-0.448871
-0.449987
-0.44943
-0.447711
-0.445396
-0.44305
-0.441088
-0.439831
-0.439421
-0.439905
-0.4412
-0.443187
-0.445731
-0.448719
-0.452017
-0.455521
-0.459121
-0.462717
-0.466175
-0.469403
-0.472314
-0.474817
-0.476862
-0.478414
-0.479437
-0.479935
-0.479905
-0.479385
-0.478393
-0.476973
-0.475174
-0.47305
-0.470662
-0.468074
-0.46536
-0.462555
-0.459672
-0.456712
-0.453631
-0.450391
-0.446898
-0.443122
-0.439049
-0.434743
-0.430352
-0.426135
-0.422514
-0.419943
-0.418867
-0.419602
-0.422231
-0.426564
-0.432178
-0.438536
-0.445148
-0.451566
-0.457502
-0.462766
-0.467284
-0.471028
-0.474045
-0.476395
-0.478139
-0.479346
-0.480101
-0.480446
-0.4804
-0.479997
-0.479224
-0.478068
-0.476445
-0.474299
-0.471514
-0.467953
-0.463482
-0.457963
-0.451276
-0.443448
-0.434705
-0.425659
-0.417368
-0.411127
-0.408077
-0.408425
-0.411223
-0.41473
-0.417056
-0.416902
-0.413723
-0.407749
-0.399912
-0.391633
-0.384573
-0.380255
-0.379605
-0.382763
-0.38903
-0.39726
-0.406211
-0.414907
-0.422685
-0.429242
-0.434506
-0.438525
-0.441457
-0.443465
-0.444722
-0.445373
-0.445547
-0.445282
-0.444579
-0.443365
-0.441505
-0.438788
-0.434923
-0.429601
-0.422563
-0.41366
-0.403069
-0.391425
-0.379889
-0.369942
-0.362958
-0.359673
-0.360003
-0.363193
-0.368219
-0.374034
-0.379762
-0.384694
-0.388338
-0.390407
-0.390777
-0.389491
-0.38683
-0.383271
-0.379536
-0.376463
-0.374833
-0.375087
-0.377177
-0.380638
-0.384756
-0.388871
-0.392505
-0.395388
-0.397449
-0.398724
-0.399299
-0.399272
-0.398754
-0.397803
-0.396457
-0.394747
-0.392691
-0.390276
-0.387516
-0.384421
-0.38104
-0.377439
-0.37371
-0.369959
-0.366322
-0.362876
-0.359681
-0.356714
-0.353915
-0.351206
-0.348511
-0.345784
-0.343092
-0.340536
-0.338353
-0.336819
-0.336222
-0.336825
-0.33878
-0.342103
-0.346636
-0.352042
-0.357897
-0.363711
-0.368981
-0.37322
-0.376009
-0.376985
-0.375903
-0.372798
-0.368071
-0.36267
-0.358038
-0.355664
-0.356512
-0.360462
-0.366447
-0.373021
-0.378968
-0.383573
-0.386623
-0.388182
-0.388482
-0.387759
-0.386246
-0.384155
-0.381702
-0.379088
-0.376553
-0.374397
-0.372831
-0.372055
-0.37207
-0.372731
-0.373708
-0.374496
-0.374553
-0.373396
-0.370786
-0.366837
-0.362129
-0.357672
-0.354664
-0.354105
-0.356511
-0.361706
-0.368905
-0.377002
-0.384834
-0.391411
-0.396028
-0.398358
-0.39834
-0.39619
-0.392292
-0.387175
-0.381525
-0.37609
-0.371586
-0.368638
-0.367543
-0.368333
-0.370685
-0.374105
-0.378009
-0.381871
-0.3853
-0.388093
-0.390215
-0.391754
-0.392912
-0.393867
-0.394791
-0.395748
-0.396748
-0.397743
-0.398677
-0.399477
-0.40013
-0.400634
-0.400998
-0.401251
-0.401409
-0.401459
-0.401405
-0.401256
-0.401044
-0.400782
-0.400537
-0.400351
-0.400268
-0.400308
-0.400496
-0.400782
-0.401142
-0.401517
-0.401881
-0.402163
-0.402334
-0.402354
-0.402183
-0.401821
-0.401252
-0.400476
-0.399501
-0.398354
-0.397046
-0.395594
-0.394002
-0.392256
-0.390322
-0.388173
-0.38576
-0.383066
-0.380061
-0.376789
-0.373322
-0.36986
-0.366627
-0.363911
-0.361952
-0.360964
-0.361025
-0.362098
-0.364021
-0.366584
-0.36951
-0.372503
-0.375306
-0.377701
-0.379552
-0.380781
-0.381408
-0.381491
-0.381148
-0.380519
-0.379708
-0.378833
-0.377942
-0.377033
-0.376036
-0.374804
-0.373196
-0.371075
-0.368364
-0.365101
-0.361536
-0.358124
-0.355437
-0.354014
-0.354187
-0.355914
-0.358841
-0.362398
-0.366044
-0.369339
-0.372012
-0.373935
-0.375086
-0.375482
-0.37518
-0.374239
-0.372739
-0.370759
-0.36842
-0.365856
-0.363253
-0.360799
-0.358777
-0.357471
-0.357127
-0.357904
-0.359755
-0.362473
-0.365692
-0.369
-0.372017
-0.374455
-0.376151
-0.377034
-0.377161
-0.376634
-0.375602
-0.374254
-0.372779
-0.371397
-0.370283
-0.3696
-0.369455
-0.369899
-0.370935
-0.372491
-0.374466
-0.376746
-0.379179
-0.381641
-0.384015
-0.386181
-0.388085
-0.389639
-0.390768
-0.391419
-0.391502
-0.390959
-0.3897
-0.387635
-0.384677
-0.380777
-0.37591
-0.37018
-0.363717
-0.356849
-0.349984
-0.343609
-0.338252
-0.334362
-0.332176
-0.331668
-0.332616
-0.334696
-0.337587
-0.341079
-0.345071
-0.349476
-0.354197
-0.359087
-0.363907
-0.368454
-0.372543
-0.376062
-0.379002
-0.381355
-0.383208
-0.384613
-0.38565
-0.38633
-0.386702
-0.386759
-0.386524
-0.385982
-0.385167
-0.384127
-0.382893
-0.381556
-0.380215
-0.379
-0.378042
-0.377483
-0.377442
-0.378009
-0.379204
-0.380986
-0.383253
-0.385856
-0.388607
-0.391307
-0.393748
-0.395748
-0.397146
-0.397809
-0.39762
-0.396499
-0.394391
-0.391331
-0.387411
-0.382877
-0.378097
-0.37361
-0.370075
-0.368089
-0.368061
-0.370086
-0.373855
-0.37878
-0.384147
-0.389238
-0.3935
-0.396542
-0.398103
-0.398075
-0.396489
-0.393473
-0.389266
-0.384252
-0.378922
-0.373874
-0.369762
-0.367138
-0.366411
-0.367678
-0.370738
-0.375142
-0.380274
-0.385485
-0.390199
-0.394036
-0.396752
-0.398357
-0.399021
-0.399078
-0.39895
-0.39908
-0.399793
-0.401184
-0.403116
-0.405204
-0.406984
-0.408003
-0.407946
-0.406665
-0.404222
-0.40088
-0.397068
-0.393312
-0.390217
-0.38829
-0.387861
-0.389037
-0.391693
-0.395526
-0.400144
-0.40517
-0.410255
-0.415126
-0.419561
-0.423404
-0.426548
-0.428905
-0.430441
-0.431143
-0.431053
-0.43026
-0.42888
-0.427092
-0.425048
-0.422942
-0.42094
-0.419138
-0.417599
-0.416304
-0.415207
-0.414257
-0.413414
-0.412661
-0.412013
-0.411509
-0.411224
-0.41121
-0.411576
-0.412393
-0.413753
-0.415679
-0.418148
-0.421041
-0.424215
-0.427491
-0.43074
-0.433842
-0.436714
-0.439295
-0.441496
-0.443236
-0.444418
-0.444968
-0.444807
-0.443886
-0.442199
-0.4398
-0.436802
-0.433406
-0.429878
-0.426513
-0.423597
-0.421375
-0.419937
-0.419274
-0.419272
-0.419693
-0.420314
-0.420856
-0.421082
-0.420798
-0.419918
-0.418471
-0.4166
-0.414504
-0.412462
-0.410747
-0.409565
-0.409048
-0.409205
-0.409958
-0.41119
-0.412729
-0.414421
-0.41617
-0.417923
-0.419687
-0.421509
-0.423451
-0.425554
-0.427816
-0.430215
-0.432687
-0.435158
-0.437516
-0.439664
-0.441508
-0.442992
-0.444033
-0.444599
-0.444653
-0.444145
-0.443057
-0.441379
-0.439085
-0.436195
-0.432757
-0.428879
-0.424743
-0.420581
-0.416655
-0.413251
-0.41055
-0.408666
-0.407546
-0.407075
-0.407108
-0.407484
-0.408167
-0.409147
-0.410426
-0.412027
-0.41389
-0.415915
-0.417975
-0.419909
-0.421601
-0.422944
-0.42388
-0.424344
-0.424263
-0.423618
-0.422371
-0.420591
-0.41845
-0.416262
-0.414438
-0.413418
-0.413485
-0.414704
-0.416869
-0.419575
-0.422338
-0.424777
-0.42664
-0.427846
-0.428417
-0.428492
-0.428216
-0.427744
-0.427203
-0.426671
-0.426201
-0.425786
-0.425397
-0.424985
-0.424503
-0.42388
-0.423053
-0.422019
-0.420817
-0.419535
-0.418353
-0.417523
-0.417335
-0.418015
-0.419658
-0.422154
-0.425186
-0.428319
-0.431106
-0.433132
-0.434075
-0.433752
-0.432073
-0.429026
-0.424699
-0.419257
-0.412934
-0.406033
-0.398985
-0.392349
-0.386852
-0.383289
-0.38235
-0.384315
-0.388894
-0.395327
-0.402664
-0.410117
-0.417162
-0.42359
-0.429372
-0.434538
-0.439152
-0.443253
-0.446814
-0.449801
-0.452158
-0.453791
-0.454652
-0.45469
-0.453899
-0.452349
-0.45021
-0.447797
-0.445541
-0.443902
-0.443286
-0.443869
-0.445562
-0.448032
-0.450794
-0.453373
-0.455362
-0.456514
-0.456711
-0.455931
-0.454251
-0.451791
-0.448711
-0.445256
-0.441733
-0.438574
-0.436263
-0.435303
-0.436033
-0.438518
-0.442476
-0.447361
-0.45251
-0.457291
-0.461211
-0.464008
-0.465553
-0.465846
-0.464967
-0.463049
-0.460257
-0.456736
-0.452679
-0.448248
-0.443621
-0.438928
-0.434283
-0.429759
-0.425427
-0.421319
-0.41745
-0.413852
-0.41055
-0.407627
-0.405251
-0.403709
-0.403368
-0.404622
-0.407694
-0.412566
-0.418904
-0.426171
-0.433777
-0.44121
-0.448109
-0.454264
-0.459576
-0.464057
-0.467743
-0.470709
-0.473019
-0.474717
-0.475846
-0.476417
-0.476421
-0.475859
-0.474708
-0.472973
-0.470685
-0.467912
-0.464782
-0.461459
-0.458151
-0.455068
-0.452327
-0.449951
-0.447852
-0.445836
