1.79787
1.79459
1.79012
1.78454
1.77825
1.77207
1.76716
1.76464
1.76512
1.76841
1.77367
1.77982
1.78599
1.79168
1.79671
1.8011
1.8049
1.80812
1.81067
1.81241
1.81314
1.81269
1.81093
1.80785
1.80369
1.79893
1.79435
1.79082
1.78914
1.78967
1.79228
1.79643
1.80138
1.80651
1.81136
1.81568
1.81935
1.82232
1.82456
1.82602
1.82663
1.82632
1.82499
1.82261
1.81919
1.81486
1.80994
1.80488
1.8003
1.79682
1.79498
1.79515
1.79751
1.80204
1.80847
1.81621
1.82447
1.83245
1.83952
1.84534
1.84981
1.85301
1.85509
1.85619
1.85647
1.856
1.85486
1.85311
1.8508
1.84799
1.84475
1.84113
1.83721
1.83298
1.82839
1.82327
1.81732
1.81017
1.80146
1.79113
1.77967
1.76837
1.75915
1.75398
1.75404
1.75928
1.76851
1.77992
1.79164
1.80225
1.8109
1.81738
1.8219
1.8249
1.82684
1.82814
1.8291
1.8299
1.8306
1.83121
1.83165
1.83186
1.83175
1.83127
1.83038
1.82907
1.82734
1.82525
1.82283
1.82015
1.8173
1.81436
1.81139
1.80844
1.80556
1.80277
1.80008
1.79752
1.79512
1.79294
1.79108
1.78963
1.78867
1.78824
1.78833
1.78886
1.78971
1.79074
1.7918
1.79278
1.79359
1.79417
1.79452
1.79466
1.79463
1.79449
1.79428
1.79404
1.79378
1.79351
1.7932
1.79285
1.79245
1.79205
1.79169
1.79147
1.79148
1.79182
1.79253
1.79364
1.79511
1.79688
1.79888
1.80103
1.80328
1.80561
1.80799
1.81041
1.81282
1.81516
1.81732
1.81916
1.82053
1.82126
1.82119
1.82017
1.81812
1.81504
1.81101
1.80628
1.80123
1.79637
1.79225
1.78937
1.78801
1.78818
1.78954
1.79149
1.79328
1.79421
1.7937
1.79149
1.78774
1.78306
1.77848
1.77518
1.77415
1.77574
1.7796
1.78484
1.79036
1.79522
1.79876
1.80057
1.80048
1.79841
1.79448
1.78903
1.78273
1.77655
1.77152
1.76835
1.76713
1.76738
1.76836
1.76949
1.77048
1.77132
1.77212
1.77301
1.7741
1.77544
1.77705
1.77888
1.78084
1.78279
1.78457
1.78602
1.78704
1.78755
1.78748
1.7868
1.78545
1.78335
1.7804
1.77648
1.77153
1.76561
1.75902
1.75242
1.7468
1.74324
1.74249
1.74461
1.74893
1.75431
1.75966
1.76416
1.76742
1.76937
1.77013
1.76995
1.76914
1.76799
1.76678
1.76572
1.76493
1.76446
1.76425
1.76419
1.76415
1.76402
1.76371
1.76322
1.76257
1.76185
1.76117
1.76064
1.76032
1.76026
1.76039
1.7606
1.76075
1.7607
1.76037
1.75974
1.75886
1.75785
1.75681
1.75584
1.75495
1.75411
1.75327
1.75238
1.75145
1.75055
1.74978
1.74928
1.74916
1.74947
1.75017
1.75118
1.75238
1.75366
1.75498
1.75632
1.7577
1.75918
1.76081
1.76259
1.76453
1.76661
1.76876
1.77093
1.77302
1.77492
1.77651
1.77768
1.77837
1.77853
1.77821
1.77751
1.77658
1.77561
1.77484
1.7745
1.7748
1.77591
1.77794
1.78087
1.78459
1.78887
1.79342
1.79792
1.80209
1.80567
1.80848
1.81036
1.8112
1.81093
1.80948
1.80682
1.80296
1.79796
1.79188
1.78479
1.77668
1.76741
1.75679
1.74476
1.73173
1.71891
1.70823
1.70186
1.70125
1.70636
1.71575
1.72722
1.73871
1.74884
1.75695
1.76295
1.76705
1.76958
1.7709
1.77132
1.77109
1.77041
1.76945
1.76833
1.76717
1.76609
1.7652
1.76462
1.7644
1.76458
1.76509
1.7658
1.76652
1.767
1.76698
1.76619
1.76441
1.76149
1.75741
1.75233
1.74672
1.74129
1.73696
1.73448
1.73425
1.73606
1.73926
1.743
1.74655
1.74945
1.75151
1.75274
1.75329
1.75337
1.75319
1.75295
1.75283
1.75295
1.7534
1.75423
1.7554
1.75688
1.75857
1.76039
1.76222
1.76396
1.76554
1.76689
1.76796
1.76873
1.76916
1.76924
1.76898
1.76838
1.76746
1.76625
1.76482
1.76325
1.76167
1.7602
1.75898
1.7581
1.75758
1.75735
1.75727
1.75712
1.75671
1.75587
1.75452
1.75268
1.75039
1.74764
1.74435
1.74042
1.73584
1.73099
1.72675
1.72436
1.72489
1.72857
1.73464
1.74167
1.74824
1.75341
1.75678
1.75842
1.75865
1.7579
1.75661
1.75512
1.7537
1.75247
1.75143
1.75055
1.74973
1.74892
1.74808
1.74722
1.7464
1.74565
1.74505
1.74462
1.74439
1.74436
1.74449
1.74477
1.74514
1.74555
1.74596
1.74631
1.74656
1.74668
1.74664
1.74643
1.74604
1.74549
1.74479
1.74399
1.74313
1.74226
1.74142
1.74067
1.74004
1.73955
1.73921
1.739
1.73889
1.73883
1.73876
1.73862
1.73833
1.73784
1.7371
1.73607
1.73472
1.73306
1.73111
1.72889
1.72649
1.72397
1.72145
1.71903
1.71683
1.71493
1.7134
1.71227
1.71155
1.71119
1.71115
1.71134
1.71172
1.71224
1.71286
1.71356
1.71433
1.71517
1.71607
1.717
1.71793
1.71882
1.71961
1.72025
1.72067
1.7208
1.7206
1.72001
1.719
1.71756
1.71565
1.71328
1.71046
1.70719
1.70349
1.69939
1.69493
1.69018
1.68525
1.68027
1.67543
1.67098
1.66717
1.66428
1.66256
1.66216
1.66314
1.66543
1.6688
1.67294
1.67749
1.68207
1.68636
1.69011
1.69314
1.69536
1.69673
1.69725
1.69698
1.69604
1.69455
1.69271
1.69072
1.68882
1.68721
1.68608
1.68553
1.68557
1.68612
1.68703
1.68813
1.6892
1.69006
1.69056
1.69058
1.69005
1.68891
1.68713
1.68472
1.68168
1.67803
1.67382
1.66914
1.66411
1.65893
1.65388
1.6493
1.6456
1.64319
1.64236
1.64327
1.64581
1.64961
1.65416
1.65888
1.66328
1.66699
1.6698
1.67165
1.67257
1.67266
1.67205
1.67091
1.66941
1.66775
1.66611
1.66467
1.66357
1.66291
1.66274
1.66304
1.66376
1.66478
1.66602
1.66735
1.6687
1.67001
1.67124
1.67238
1.67342
1.67437
1.67525
1.67607
1.67683
1.67753
1.67817
1.67873
1.67917
1.67947
1.67958
1.67945
1.67904
1.67831
1.67724
1.67585
1.67419
1.67235
1.67044
1.66853
1.66663
1.66461
1.66215
1.65877
1.65395
1.6473
1.63887
1.62949
1.62085
1.61503
1.61355
1.61644
1.62235
1.6294
1.6361
1.64169
1.64606
1.64937
1.65186
1.65371
1.655
1.65572
1.65586
1.65541
1.6544
1.65297
1.65133
1.64977
1.64861
1.64813
1.64849
1.64971
1.65164
1.65402
1.65655
1.65893
1.66093
1.66234
1.663
1.66278
1.66154
1.65919
1.65571
1.6512
1.64596
1.64047
1.63535
1.63118
1.62836
1.62704
1.62723
1.62887
1.63193
1.63626
1.64149
1.64704
1.65217
1.65626
1.65883
1.65965
1.65873
1.65629
1.65277
1.64879
1.64513
1.64253
1.64152
1.64229
1.64464
1.64809
1.65211
1.6562
1.66001
1.66333
1.66605
1.6681
1.66946
1.67014
1.67015
1.66953
1.66835
1.6667
1.66472
1.66262
1.6606
1.65891
1.65779
1.65743
1.65796
1.65938
1.66164
1.66458
1.66803
1.67176
1.67561
1.67941
1.68307
1.68654
1.6898
1.69287
1.69577
1.69851
1.70112
1.7036
1.70596
1.7082
1.71036
1.71249
1.71464
1.71689
1.71931
1.72192
1.72472
1.72765
1.73058
1.73338
1.73583
1.73776
1.73896
1.73926
1.73852
1.73667
1.73372
1.7298
1.7252
1.72032
1.71565
1.71168
1.70879
1.70723
1.70712
1.70844
1.71106
1.71471
1.71901
1.7235
1.72775
1.73146
1.73459
1.73733
1.74009
1.74332
1.74732
1.7521
1.75732
1.76238
1.76658
1.7693
1.77011
1.76877
1.76526
1.75978
1.75275
1.74487
1.73706
1.73039
1.72575
1.72364
1.724
1.72631
1.72986
1.73403
1.73842
1.74285
1.74732
1.75185
1.75646
1.7611
1.76564
1.76991
1.77369
1.77678
1.779
1.78019
1.78026
1.77913
1.77678
1.77325
1.76868
1.7633
1.75752
1.75183
1.74679
1.74284
1.74029
1.73914
1.7392
1.74013
1.74152
1.74295
1.744
1.74434
1.74366
1.74179
1.73873
1.73465
1.72997
1.72531
1.72132
1.71856
1.71731
1.71748
1.71872
1.72058
1.7227
1.72484
1.72692
1.72896
1.73098
1.73302
1.73505
1.73704
1.73887
1.74046
1.74166
1.74232
1.74228
1.74138
1.7394
1.73615
1.73143
1.72511
1.7172
1.70795
1.69797
1.68824
1.68001
1.67446
1.67231
1.6736
1.67771
1.68368
1.69049
1.69737
1.70378
1.70949
1.71442
1.71862
1.72218
1.72523
1.72788
1.73024
1.73237
1.73433
1.73614
1.73781
1.73931
1.74061
1.74169
1.74248
1.74291
1.74289
1.74233
1.74107
1.73897
1.73585
1.73155
1.72598
1.71921
1.7115
1.70345
1.69591
1.6899
1.68631
1.6856
1.68767
1.69188
1.69733
1.70307
1.70837
1.71277
1.71605
1.71812
1.71898
1.71863
1.71707
1.71434
1.71054
1.7059
1.70084
1.69591
1.69179
1.68914
1.68844
1.68981
1.69299
1.69743
1.70243
1.70738
1.71185
1.7156
1.71861
1.72092
1.72264
1.72387
1.72467
1.72503
1.72495
1.72439
1.72338
1.72198
1.72034
1.71871
1.71732
1.71641
1.71611
1.71641
1.71712
1.71799
1.71874
1.71916
1.71918
1.71885
1.71835
1.7179
1.71772
1.71794
1.7186
1.7196
1.72075
1.72183
1.72261
1.72289
1.72251
1.72137
1.71937
1.71647
1.71266
1.70799
1.70258
1.69667
1.69063
1.685
1.68047
1.67774
1.67731
1.67934
1.68348
1.68899
1.69498
1.70062
1.70534
1.70878
1.71081
1.71147
1.71088
1.70924
1.7068
1.70387
1.70075
1.69769
1.69489
1.69246
1.69046
1.68897
1.68808
1.68792
1.68855
1.68987
1.6916
1.69332
1.69458
1.69502
1.69446
1.69294
1.69074
1.68829
1.68613
1.68476
1.68455
1.68564
1.68792
1.69109
1.69476
1.69856
1.7022
1.70545
1.70821
1.71042
1.71204
1.71308
1.71355
1.71345
1.71281
1.71164
1.71003
1.70812
1.70611
1.70433
1.70309
1.7027
1.70328
1.7047
1.7066
1.70841
1.70949
1.70921
1.7071
1.70292
1.69687
1.68966
1.68258
1.67723
1.67488
1.67588
1.67946
1.68409
1.6882
1.6906
1.69068
1.68842
1.68438
1.67974
1.67609
1.67496
1.67717
1.68241
1.68946
1.69686
1.70343
1.70853
1.71196
1.71382
1.71432
1.71371
1.71221
1.71
1.70727
1.7042
1.70102
1.69799
1.6954
1.69346
1.69231
1.69189
1.69199
1.69231
1.69255
1.69251
1.6921
1.69137
1.69048
1.6896
1.6889
1.68847
1.68835
1.68851
1.68887
1.68932
1.68979
1.69022
1.69055
1.69077
1.69084
1.69076
1.69047
1.68993
1.68912
1.68802
1.68666
1.68511
1.68353
1.68207
1.68092
1.68022
1.68006
1.68041
1.68118
1.68221
1.68332
1.68435
1.68517
1.68569
1.68586
1.68566
1.68508
1.68409
1.68269
1.68083
1.67852
1.67575
1.6726
1.66926
1.66605
1.66343
1.66189
1.66183
1.66343
1.66653
1.67074
1.67552
1.68035
1.68486
1.68882
1.69213
1.69481
1.6969
1.69848
1.69965
1.70047
1.70103
1.70139
1.7016
1.70172
1.70175
1.70173
1.70165
1.70149
1.70121
1.70081
1.70029
1.6997
1.69915
1.6988
1.69881
1.69934
1.70045
1.70213
1.70421
1.70648
1.70867
1.71052
1.71181
1.71239
1.71215
1.71105
1.70914
1.70655
1.70349
1.70032
1.69745
1.69538
1.69454
1.69525
1.69764
1.7016
1.7068
1.71282
1.71918
1.72545
1.73132
1.73657
1.74108
1.74482
1.74779
1.75001
1.75146
1.7521
1.75182
1.75046
1.74782
1.7437
1.73801
1.73094
1.72311
1.71564
1.71004
1.70766
1.70916
1.71416
1.7215
1.72981
1.73799
1.74537
1.75165
1.75682
1.76097
1.76429
1.76692
1.76903
1.77073
1.77207
1.77306
1.77367
1.77384
1.77349
1.77254
1.77093
1.76865
1.76571
1.76221
1.75829
1.75416
1.75007
1.7463
1.74307
1.74057
1.73888
1.73797
1.73774
1.73806
1.73878
1.73977
1.74093
1.74214
1.74329
1.74424
1.74479
1.74474
1.74384
1.74188
1.73864
1.73396
1.72778
1.72016
1.71138
1.70197
1.69274
1.68473
1.67901
1.67646
1.67751
1.682
1.68925
1.69825
1.70793
1.71738
1.72595
1.73323
1.73905
1.74335
1.74618
1.74761
1.74773
1.74665
1.74452
1.74153
1.73792
1.73402
1.73017
1.72664
1.72358
1.72095
1.71855
1.71612
1.71353
1.71083
1.70833
1.70641
1.70538
1.70526
1.70582
1.70673
1.70768
1.70853
1.70924
1.70982
1.71022
1.71034
1.71001
1.70912
1.70767
1.70586
1.70408
1.70286
1.7027
1.70393
1.70657
1.71034
1.7148
1.71945
1.72387
1.72778
1.73101
1.73347
1.7351
1.73587
1.7357
1.73452
1.73223
1.72876
1.72412
1.71848
1.71225
1.70609
1.70093
1.6977
1.69709
1.69929
1.70381
1.70972
1.71588
1.72132
1.72545
1.72808
1.72936
1.72968
1.72952
1.72934
1.7295
1.73022
1.73155
1.73341
1.73565
1.73801
1.74023
1.74204
1.7432
1.74352
1.74294
1.74148
1.73928
1.73663
1.73387
1.73134
1.72925
1.72757
1.72604
1.72432
1.72214
1.71954
1.71681
1.71444
1.71292
1.71267
1.71395
1.7168
1.72101
1.72609
1.73132
1.7359
1.73918
1.74075
1.74056
1.73885
1.73612
1.73311
1.73061
1.72933
1.7297
1.73177
1.73523
1.73957
1.74428
1.74894
1.75329
1.75722
1.76066
1.76361
1.76602
1.76788
1.76912
1.76969
1.76951
1.76856
1.76683
1.76435
1.76126
1.75776
1.75414
1.7507
1.74774
1.74544
1.74382
1.74279
1.74218
1.74186
1.74179
1.742
1.74258
1.7436
1.74502
1.74668
1.74835
1.74977
1.75073
1.7511
1.75086
1.75011
1.74902
1.74778
1.74663
1.74577
1.74534
1.74546
1.74617
1.74748
1.74937
1.75174
1.75444
1.75724
1.75986
1.76197
1.76325
1.76343
1.76229
1.75972
1.75577
1.75058
1.74448
1.73793
1.73151
1.7259
1.72184
1.72
1.72083
1.72433
1.72994
1.73659
1.74294
1.74772
1.74998
1.74927
1.74579
1.74041
1.7346
1.73011
1.72839
1.73006
1.73476
1.74146
1.74895
1.75625
1.76276
1.76826
1.77272
1.77626
1.77897
1.78094
1.78217
1.78262
1.78217
1.78064
1.77784
1.77353
1.76754
1.75986
1.75082
1.74117
1.73213
1.725
1.72053
1.7185
1.71776
1.71682
1.71466
1.71113
1.70701
1.70364
1.70239
1.70412
1.70885
1.71591
1.72425
1.73287
1.74106
1.74841
1.75476
1.76008
1.76442
1.76785
1.77043
1.77225
1.77338
1.77392
1.77397
1.7736
1.77292
1.77198
1.77086
1.76959
1.76822
1.76676
1.76521
1.76355
1.76175
1.75978
1.75761
1.75523
1.75264
1.74987
1.74698
1.74403
1.74108
1.73822
1.73554
1.73316
1.7312
1.72981
1.7291
1.72915
1.72999
1.73158
1.73383
1.7366
1.73972
1.74304
1.74638
1.74957
1.75248
1.75495
1.7569
1.75828
1.75911
1.75952
1.75975
1.76007
1.76076
1.76197
1.76372
1.7658
1.7679
1.76964
1.77072
1.77098
1.77041
1.76923
1.76777
1.76646
1.76565
1.76554
1.76611
1.76713
1.76825
1.7691
1.76936
1.76883
1.76742
1.76513
1.76212
1.75866
1.75522
1.75238
1.75077
1.75087
1.75287
1.75658
1.7615
1.76702
1.77255
1.77768
1.78217
1.7859
1.78887
1.79112
1.79266
1.79351
1.79364
1.79297
1.7914
1.78882
1.78512
1.78028
1.77436
1.76765
1.76063
1.75399
1.74856
1.74509
1.74411
1.74576
1.7498
1.75568
1.76271
1.77018
1.77743
1.78394
1.78929
1.79314
1.79527
1.79553
1.79384
1.7903
1.78516
1.77887
1.77204
1.76539
1.75956
1.75507
1.75223
1.75116
1.75187
1.75417
1.75774
1.76203
1.76647
1.77047
1.77361
1.77563
1.77645
1.77612
1.77478
1.77258
1.76971
1.76637
1.76271
1.75891
1.7551
1.75145
1.74809
1.74515
1.74278
1.74106
1.74004
1.7397
1.73996
1.74068
1.74171
1.74289
1.7441
1.74523
1.74624
1.74707
1.74772
1.74819
1.74847
1.74859
1.74855
1.74839
1.74814
1.74783
1.74752
1.74728
1.74715
1.74718
1.74741
1.74783
1.74843
1.74916
1.74996
1.75078
1.75158
1.75233
1.75304
1.7537
1.75436
1.75503
1.75573
1.75647
1.75724
1.75799
1.75869
1.75928
1.75973
1.76
1.76007
1.75992
1.75955
1.75897
1.75818
1.75718
1.75597
1.75457
1.753
1.7513
1.74949
1.74764
1.74574
1.74381
1.7418
1.73969
1.73751
1.73541
1.73373
1.73298
1.73372
1.73635
1.74087
1.7468
1.75335
1.75964
1.76499
1.76897
1.77143
1.77246
1.77225
1.77109
1.76929
1.76714
1.76492
1.76284
1.76106
1.75969
1.75877
1.75833
1.75835
1.75883
1.75973
1.76101
1.76263
1.76453
1.76662
1.76882
1.77103
1.77317
1.77513
1.77687
1.77831
1.77942
1.78018
1.78058
1.7806
1.78026
1.77954
1.77847
1.77704
1.77526
1.77313
1.77068
1.76793
1.76493
1.76174
1.75846
1.75521
1.75214
1.74941
1.74717
1.74553
1.74456
1.74426
1.74454
1.7453
1.74638
1.74762
1.74888
1.75001
1.75092
1.7515
1.75171
1.75151
1.75087
1.7498
1.7483
1.74636
1.74398
1.74111
1.73777
1.73398
1.72988
1.72572
1.72188
1.71881
1.71694
1.71656
1.7177
1.72015
1.72346
1.72708
1.73049
1.73328
1.7352
1.73614
1.73614
1.73534
1.73395
1.73224
1.73047
1.72887
1.7276
1.72674
1.72629
1.72616
1.72624
1.72638
1.72647
1.72639
1.72607
1.72546
1.72454
1.72329
1.72173
1.71989
1.71783
1.71564
1.71343
1.71134
1.70951
1.7081
1.70722
1.70692
1.70721
1.70806
1.70936
1.71098
1.71281
1.7147
1.71654
1.71824
1.7197
1.72086
1.72165
1.722
1.72185
1.72113
1.71976
1.71764
1.71469
1.71078
1.70584
1.69982
1.69278
1.6849
1.6766
1.66851
1.66146
1.65633
1.65384
1.65433
1.65764
1.66317
1.67008
1.67751
1.68475
1.69131
1.69695
1.70157
1.70521
1.70796
1.70993
1.71124
1.712
1.71231
1.71227
1.71196
1.71147
1.71091
1.71038
1.70996
1.70977
1.70987
1.71029
1.71106
1.71213
1.71347
1.71499
1.71662
1.71828
1.7199
1.72143
1.72282
1.72404
1.72505
1.72583
1.72636
1.7266
1.72654
1.72616
1.72548
1.7245
1.7233
1.72194
1.72056
1.71928
1.71825
1.71758
1.71734
1.71753
1.71809
1.71889
1.71977
1.72054
1.72102
1.72107
1.72057
1.71951
1.7179
1.71588
1.71365
1.7115
1.70974
1.70873
1.70877
1.71003
1.71257
1.71624
1.72075
1.7257
1.73066
1.73524
1.73907
1.7419
1.74354
1.7439
1.74296
1.7408
1.73758
1.73359
1.7292
1.72487
1.72103
1.71808
1.71622
1.71551
1.71585
1.71708
1.71901
1.72147
1.72427
1.72725
1.73023
1.73305
1.73556
1.73768
1.73935
1.74058
1.7414
1.74187
1.74202
1.74192
1.74159
1.74105
1.74033
1.73942
1.73828
1.73688
1.73513
1.73292
1.73008
1.7264
1.72168
1.71576
1.70871
1.70098
1.69353
1.68781
1.68528
1.68675
1.69191
1.69948
1.70786
1.71571
1.72226
1.72723
1.73069
1.73281
1.73385
1.73402
1.73352
1.7325
1.73108
1.7294
1.72756
1.7257
1.72395
1.72246
1.72136
1.72077
1.72074
1.72128
1.72232
1.72375
1.7254
1.72708
1.72862
1.72986
1.7307
1.73109
1.73108
1.73076
1.73033
1.72999
1.72999
1.73053
1.73175
1.73366
1.7362
1.73921
1.74248
1.74579
1.74897
1.75187
1.7544
1.75651
1.75816
1.75936
1.76011
1.76042
1.76032
1.75986
1.75912
1.75822
1.75731
1.75656
1.75614
1.75622
1.75692
1.75828
1.76028
1.7628
1.76561
1.76838
1.77067
1.77197
1.77171
1.76936
1.7647
1.75805
1.7506
1.74428
1.74114
1.74215
1.74662
1.75267
1.75833
1.76224
1.76385
1.76313
1.76046
1.75671
1.7533
1.75193
1.75383
1.75905
1.76638
1.77404
1.78049
1.78486
1.78692
1.7869
1.78531
1.78286
1.78034
1.77857
1.77815
1.77936
1.78201
1.78556
1.78929
1.79253
1.79479
1.79584
1.79566
1.79446
1.79258
1.79045
1.78855
1.78729
1.78692
1.7875
1.7889
1.79085
1.79301
1.79506
1.79676
1.79794
1.79851
1.79846
1.79784
1.79673
1.79522
1.79342
1.79145
1.78943
1.78748
1.78574
1.78432
1.78333
1.78286
1.78294
1.78355
1.78463
1.78604
1.78762
1.78917
1.79051
1.79145
1.79186
1.79169
1.79092
1.78963
1.78798
1.78617
1.78449
1.78322
1.78262
1.78285
1.78397
1.78587
1.78834
1.79107
1.79374
1.79604
1.79773
1.79862
1.79859
1.79758
1.79563
1.79287
1.78957
1.78615
1.78312
1.78094
1.7799
1.77996
1.78074
1.78168
1.78217
1.78171
1.77998
1.77686
1.77242
1.76693
1.76086
1.75481
1.74939
1.74507
1.74209
1.74043
1.73996
1.74052
1.74192
1.74395
1.74631
1.74868
1.75077
1.75244
1.75368
1.75463
1.75549
1.75644
1.75761
1.75905
1.76071
1.76249
1.76425
1.76585
1.76715
1.76805
1.76846
1.76832
1.76761
1.76631
1.76442
1.76197
1.75904
1.75571
1.75213
1.74848
1.745
1.74192
1.73945
1.73776
1.73694
1.73701
1.73787
1.7394
1.7414
1.74365
1.74593
1.74803
1.7498
1.75109
1.75184
1.75201
1.75161
1.75067
1.74928
1.74752
1.7455
1.74332
1.74108
1.73887
1.73678
1.73491
1.73341
1.73246
1.73226
1.73295
1.73455
1.7369
1.73972
1.74261
1.74522
1.74723
1.74849
1.74893
1.74863
1.74769
1.7463
1.74463
1.74286
1.74117
1.73975
1.73878
1.73847
1.73897
1.74039
1.74276
1.74597
1.74985
1.75414
1.75858
1.76294
1.76701
1.77067
1.77384
1.77646
1.77853
1.78007
1.78109
1.78163
1.7817
1.78135
1.78061
1.77951
1.7781
1.77642
1.77453
1.77251
1.77044
1.76844
1.76664
1.76519
1.76424
1.7639
1.76426
1.76534
1.76707
1.7693
1.7718
1.77428
1.77638
1.77773
1.77795
1.77666
1.77353
1.76842
1.76157
1.75388
1.74697
1.7429
1.74316
1.74774
1.75502
1.76267
1.76863
1.77176
1.77179
1.7691
1.76449
1.759
1.75374
1.74972
1.74765
1.74784
1.75016
1.7541
1.75894
1.76395
1.76844
1.77193
1.77407
1.77474
1.77391
1.77172
1.76844
1.76443
1.76016
1.75616
1.75295
1.75094
1.7504
1.75133
1.75357
1.75676
1.76052
1.76448
1.76838
1.77203
1.77535
1.77831
1.78093
1.78324
1.78526
1.78702
1.78854
1.78983
1.79091
1.79178
1.79244
1.7929
1.79315
1.79319
1.79298
1.79253
1.79179
1.79075
1.78936
1.78762
1.7855
1.78303
1.78025
1.77725
1.77414
1.77108
1.76819
1.76559
1.76332
1.76136
1.75965
1.75809
1.75662
1.75516
1.75373
1.75236
1.75116
1.75028
1.74988
1.75004
1.75078
1.752
1.75349
1.75501
1.75633
1.75732
1.75796
1.75838
1.75881
1.75952
1.76077
1.76272
1.76538
1.76866
1.77238
1.7763
1.78022
1.78399
1.7875
1.7907
1.79359
1.79618
1.79849
1.80051
1.80226
1.80373
1.80488
1.8057
1.80616
1.80625
1.80594
1.80524
1.80416
1.80274
1.80103
1.79908
1.79696
1.79473
1.79246
1.79021
1.78801
1.7859
1.78391
1.78205
1.7803
1.77862
1.77697
1.77532
1.77366
1.77201
1.77044
1.769
1.76775
1.76677
1.76614
1.76596
1.76634
1.76741
1.76924
1.77185
1.77516
1.77899
1.78309
1.78721
1.79106
1.79443
1.79715
1.79915
1.80046
1.80116
1.80146
1.80161
1.80187
1.8025
1.80363
1.80532
1.80748
1.80994
1.81249
1.81493
1.81707
1.81879
1.82001
1.82071
1.82091
1.82065
1.82002
1.81912
1.81805
1.81689
1.81571
1.81448
1.81318
1.81172
1.81002
1.80804
1.8058
1.80342
1.80109
1.79911
1.79775
1.79728
1.79785
1.79945
1.80192
1.80494
1.80813
1.8111
1.81349
1.81505
1.8156
1.81509
1.81357
1.81116
1.80808
1.80462
1.80115
1.79812
1.79605
1.79542
1.79656
1.79955
1.80419
1.81
1.81636
1.82264
1.82831
1.833
1.8365
1.83879
1.83996
1.84021
1.83979
1.839
1.83816
1.83756
1.83743
1.8379
1.83901
1.84069
1.8428
1.84519
1.84768
1.85014
1.85249
1.85466
1.85663
1.85837
1.8599
1.86119
1.86222
1.86296
1.86333
1.86324
1.86254
1.86109
1.85871
1.85525
1.85061
1.84487
1.83837
1.83181
1.8262
1.82269
1.82216
1.82487
1.83031
1.83746
1.84506
1.852
1.85742
1.86075
1.86167
1.86025
1.85698
1.8529
1.84943
1.84798
1.84923
1.85283
1.85761
1.86224
1.86579
1.868
1.86903
1.86926
1.86891
1.86797
1.86626
1.86359
1.86005
1.85609
1.85234
1.84933
1.84713
1.84527
1.84297
1.83948
1.83429
1.82714
1.81804
1.80716
1.795
1.78242
1.77078
1.76178
1.75706
1.75768
1.76375
1.77427
1.78759
1.80185
1.81552
1.82762
1.83772
1.84584
1.85226
1.85734
1.8614
1.86468
1.86734
1.86946
1.87107
1.8722
1.87287
1.87311
1.87295
1.87239
1.87144
1.87011
1.86839
1.86627
1.86377
1.86087
1.85759
1.85395
1.84996
1.84568
1.84118
1.83653
1.8319
1.82747
1.8235
1.82025
1.81803
1.81706
1.81749
1.81933
1.82244
1.82656
1.83135
1.83646
1.84156
1.84639
1.85076
1.85456
1.85774
1.86029
1.86223
1.86361
1.86445
1.86481
1.86472
1.8642
1.86327
1.86196
1.86025
1.85815
1.85564
1.8527
1.84933
1.84551
1.84128
1.83669
1.83182
1.82675
1.82156
1.81625
1.81075
1.80486
1.7983
1.79087
1.78278
1.77516
1.77024
1.77065
1.77777
1.79039
1.80529
1.81902
1.82933
1.8354
1.83738
1.83595
1.832
1.82652
1.82064
1.81556
1.81242
1.81212
1.81501
1.82079
1.82862
1.83736
1.84598
1.8537
1.86007
1.86489
1.86814
1.86983
1.87001
1.86876
1.86621
1.86261
1.85834
1.8539
1.84984
1.84664
1.84455
1.84356
1.84341
1.84367
1.84389
1.84364
1.84252
1.84018
1.83629
1.83064
1.82336
1.81505
1.80685
1.80027
1.79675
1.79706
1.80095
1.80731
1.81469
1.82179
1.82778
1.83226
1.83517
1.8366
1.83677
1.83586
1.83411
1.8317
1.82886
1.82578
1.82266
1.81967
1.81696
1.81468
1.81293
1.81181
1.81137
1.81161
1.81242
1.81362
1.81491
1.81601
1.81666
1.81668
1.81605
1.81489
1.81347
1.81216
1.81139
1.81154
1.81281
1.81521
1.8185
1.8223
1.82615
1.82962
1.83234
1.834
1.83436
1.83322
1.83037
1.82567
1.81905
1.81061
1.80081
1.79054
1.78114
1.77414
1.77075
1.77128
1.77512
1.78099
1.78756
1.79384
1.79925
1.80357
1.80681
1.8091
1.8106
1.81148
1.81191
1.81204
1.812
1.81187
1.8117
1.81151
1.8113
1.81107
1.81084
1.81067
1.81065
1.81087
1.81146
1.81247
1.81395
1.81587
1.81814
1.82062
1.82317
1.82564
1.8279
1.82984
1.8314
1.83252
1.83317
1.83333
1.83298
1.83209
1.83063
1.82854
1.82573
1.82212
1.81757
1.81197
1.80522
1.79725
1.78812
1.77807
1.76754
1.75725
1.74812
1.7412
1.73746
1.73765
1.74205
1.75019
1.76093
1.77271
1.78406
1.79393
1.80181
1.80765
1.81163
1.8141
1.81542
1.81594
1.81599
1.81586
1.81576
1.81584
1.81621
1.81687
1.81779
1.81887
1.82
1.82106
1.82193
1.82249
1.82266
1.82237
1.82159
1.8203
1.81852
1.81629
1.81371
1.81088
1.80798
1.80516
1.8026
1.80045
1.79883
1.79779
1.79736
1.79749
1.79809
1.799
1.80004
1.80094
1.80142
1.80118
1.79991
1.79741
1.79362
1.7887
1.78308
1.77734
1.77216
1.7682
1.76609
1.76645
1.7697
1.7758
1.78402
1.79319
1.80207
1.80974
1.81575
1.82001
1.82268
1.82402
1.82433
1.82387
1.82288
1.82156
1.82008
1.81856
1.81707
1.81569
1.81441
1.81326
1.81223
1.81134
1.81058
1.81001
1.80967
1.80961
1.80991
1.81061
1.81173
1.81326
1.81511
1.81718
1.81934
1.82141
1.82325
1.82469
1.8256
1.82587
1.8254
1.82414
1.82209
1.81934
1.81608
1.81269
1.80963
1.80747
1.8067
1.80757
1.81001
1.81364
1.8179
1.82223
1.82618
1.8295
1.8321
1.83403
1.83543
1.83646
1.8373
1.83808
1.83891
1.83982
1.8408
1.84178
1.84267
1.84329
1.84346
1.84292
1.84142
1.83865
1.83434
1.82825
1.8203
1.81074
1.80029
1.79026
1.78241
1.77835
1.77884
1.7834
1.79062
1.79885
1.80677
1.81364
1.81918
1.82341
1.82647
1.82856
1.82991
1.83073
1.83124
1.83163
1.83208
1.83271
1.83357
1.83463
1.83582
1.83699
1.838
1.83871
1.83901
1.83882
1.83812
1.83694
1.83534
1.83343
1.83131
1.82909
1.82685
1.82462
1.82242
1.82021
1.81794
1.81556
1.81304
1.81038
1.80764
1.80491
1.80232
1.79992
1.79771
1.79559
1.79334
1.79074
1.78754
1.78362
1.77897
1.7738
1.7685
1.76371
1.76015
1.75851
1.75916
1.76205
1.7667
1.77241
1.77846
1.7843
1.78958
1.79413
1.7979
1.80091
1.80322
1.80489
1.80602
1.80669
1.80699
1.807
1.80681
1.80647
1.80606
1.80561
1.80518
1.80478
1.80446
1.80421
1.80406
1.804
1.80402
1.80411
1.80425
1.80439
1.80449
1.80449
1.8043
1.80383
1.80298
1.80162
1.79966
1.79704
1.79378
1.78998
1.7859
1.78189
1.77837
1.7757
1.7741
1.77361
1.7741
1.77536
1.77716
1.77935
1.78182
1.78451
1.78734
1.79023
1.79309
1.79585
1.79846
1.80092
1.80327
1.80557
1.80789
1.81027
1.81269
1.81512
1.81747
1.81961
1.82146
1.8229
1.82388
1.82434
1.82425
1.82364
1.82252
1.82095
1.81902
1.81683
1.81454
1.81231
1.81033
1.80874
1.80762
1.80693
1.80648
1.80603
1.80531
1.80415
1.8026
1.80089
1.79941
1.7985
1.79834
1.79882
1.79962
1.80036
1.80081
1.80091
1.80088
1.80104
1.80177
1.80333
1.80581
1.80907
1.81284
1.81675
1.82049
1.82378
1.82646
1.82843
1.82966
1.83014
1.8299
1.82897
1.8274
1.82527
1.82269
1.81986
1.81698
1.81429
1.81197
1.8101
1.80864
1.80743
1.80624
1.80483
1.80308
1.80097
1.79871
1.79664
1.79517
1.79458
1.79471
1.79491
1.79402
1.79078
1.78434
1.77506
1.76519
1.75852
1.75848
1.7656
1.77715
1.78919
1.79881
1.80488
1.80753
1.80747
1.80551
1.80242
1.79884
1.79527
1.79205
1.78941
1.78746
1.78618
1.78546
1.78514
1.78507
1.7851
1.7851
1.78501
1.78477
1.78437
1.78379
1.78305
1.78214
1.78105
1.7798
1.77837
1.77679
1.77508
1.77329
1.77147
1.7697
1.76807
1.76668
1.76559
1.76487
1.76454
1.76461
1.76504
1.76577
1.7667
1.76776
1.76885
1.76989
1.77082
1.77157
1.77213
1.77247
1.77258
1.77245
1.77207
1.77145
1.77058
1.76948
1.76817
1.76672
1.76519
1.76369
1.76236
1.76133
1.76073
1.76067
1.7612
1.76234
1.76405
1.76626
1.76886
1.77171
1.77469
1.77767
1.78054
1.78318
1.78549
1.78737
1.78869
1.7893
1.78904
1.78768
1.785
1.7808
1.77499
1.76778
1.75984
1.75237
1.74686
1.74451
1.74565
1.74945
1.75442
1.75906
1.76233
1.76382
1.76356
1.76188
1.75916
1.75577
1.752
1.7481
1.74431
1.74095
1.73842
1.73716
1.73756
1.73979
1.74375
1.7491
1.75535
1.76196
1.76847
1.77452
1.77987
1.7844
1.78806
1.79084
1.79281
1.79408
1.7948
1.79515
1.79534
1.79559
1.79604
1.79676
1.79771
1.79877
1.79975
1.80045
1.80071
1.80041
1.79949
1.79796
1.79586
1.79328
1.79029
1.787
1.78349
1.77984
1.77611
1.77238
1.76875
1.76538
1.7625
1.76045
1.75957
1.76017
1.7624
1.76619
1.77124
1.77704
1.78306
1.78877
1.79377
1.79776
1.80059
1.80223
1.80274
1.80225
1.80099
1.79924
1.7973
1.79543
1.79383
1.79255
1.79151
1.79048
1.78917
1.78722
1.78436
1.78038
1.77522
1.76907
1.76235
1.75575
1.7501
1.74617
1.74456
1.74549
1.74894
1.75463
1.76206
1.77058
1.77945
1.78793
1.79539
1.80142
1.80583
1.80864
1.81
1.81017
1.80947
1.80818
1.80656
1.80474
1.80276
1.80058
1.79808
1.79514
1.79168
1.78771
1.78327
1.77848
1.77349
1.76844
1.76349
1.75878
1.75448
1.75075
1.74778
1.74575
1.74479
1.74497
1.74625
1.74849
1.75146
1.75489
1.75849
1.76202
1.76539
1.76865
1.77195
1.77546
1.7793
1.78345
1.78779
1.7921
1.7962
1.79989
1.80305
1.80563
1.80759
1.80897
1.80982
1.81018
1.81013
1.80973
1.80905
1.80814
1.80707
1.80587
1.8046
1.80328
1.80195
1.80063
1.79935
1.7981
1.7969
1.79575
1.79463
1.79355
1.79249
1.79143
1.79037
1.78928
1.78818
1.78704
1.78589
1.78473
1.7836
1.78253
1.78158
1.78081
1.78027
1.78
1.78002
1.78032
1.78084
1.78152
1.78226
1.78294
1.7835
1.78385
1.78396
1.78379
1.78336
1.78267
1.78177
1.78069
1.77945
1.77811
1.77668
1.77523
1.77381
1.77252
1.77146
1.77072
1.77038
1.77048
1.77096
1.77174
1.77266
1.77355
1.77426
1.77465
1.77464
1.77421
1.77338
1.77224
1.77089
1.76946
1.76808
1.76686
1.76588
1.76516
1.76473
1.76455
1.76459
1.7648
1.76512
1.7655
1.76587
1.76616
1.76629
1.76621
1.76584
1.76517
1.76419
1.76289
1.7613
1.75941
1.7572
1.75462
1.75162
1.74815
1.74421
1.73986
1.73528
1.73069
1.72641
1.72279
1.72014
1.71871
1.7186
1.71982
1.72229
1.72588
1.73045
1.73584
1.74185
1.74821
1.75459
1.7607
1.76628
1.77115
1.77523
1.7785
1.78101
1.78284
1.78406
1.78478
1.78506
1.78499
1.78462
1.78399
1.78316
1.78214
1.78096
1.77966
1.77823
1.77671
1.77512
1.77346
1.77175
1.77001
1.76822
1.76636
1.76439
1.76225
1.75985
1.75712
1.75397
1.75033
1.74615
1.74145
1.73626
1.73071
1.72495
1.7192
1.71368
1.70864
1.70428
1.70079
1.6983
1.69692
1.69671
1.69767
1.69976
1.70286
1.70682
1.71145
1.71658
1.72207
1.72783
1.73381
1.73992
1.74604
1.75199
1.75752
1.76239
1.76634
1.76916
1.7707
1.77082
1.76943
1.76645
1.76182
1.75551
1.74754
1.73806
1.72736
1.71598
1.70469
1.69443
1.68616
1.68062
1.6782
1.67891
1.68245
1.68839
1.69616
1.70513
1.71465
1.72406
1.73282
1.74053
1.74695
1.75199
1.75569
1.75819
1.75963
1.7602
1.76007
1.75941
1.75832
1.75693
1.7553
1.75351
1.75158
1.74956
1.74745
1.74526
1.74302
1.74072
1.73839
1.73604
1.73367
1.7313
1.72889
1.72643
1.72383
1.721
1.71783
1.71421
1.71009
1.70553
1.70072
1.69603
1.69193
1.6889
1.68726
1.68712
1.68829
1.69046
1.69326
1.69636
1.69951
1.70254
1.7053
1.70768
1.70963
1.7111
1.71211
1.7127
1.71297
1.713
1.71293
1.71287
1.71291
1.71312
1.71354
1.71414
1.71491
1.71578
1.7167
1.71761
1.71848
1.71925
1.71993
1.7205
1.72097
1.72135
1.72165
1.72191
1.72213
1.72235
1.72257
1.72282
1.72312
1.72348
1.72392
1.72445
1.72507
1.72577
1.7265
1.72721
1.72777
1.72804
1.72784
1.72695
1.72513
1.72221
1.71811
1.71298
1.70723
1.70157
1.69684
1.69376
1.69262
1.69323
1.69505
1.69753
1.70027
1.70308
1.7059
1.70871
1.71142
1.71395
1.71614
1.71791
1.71918
1.71994
1.72023
1.72011
1.71969
1.71908
1.71845
1.71796
1.71781
1.71815
1.7191
1.72066
1.72277
1.72525
1.7279
1.73049
1.73283
1.73476
1.73618
1.737
1.73718
1.73669
1.73549
1.73356
1.73089
1.72752
1.72354
1.71913
1.71457
1.71023
1.70651
1.70374
1.70207
1.70149
1.70177
1.70263
1.70377
1.70502
1.7063
1.70764
1.70917
1.71099
1.71317
1.71575
1.71866
1.72182
1.72511
1.72841
1.73161
1.73465
1.73746
1.74003
1.74232
1.7443
1.74594
1.74719
1.74794
1.74806
1.74733
1.74546
1.74198
1.73632
1.72779
1.71583
1.70055
1.68352
1.66841
1.66005
1.66166
1.6724
1.68818
1.70463
1.71908
1.73065
1.73947
1.74598
1.75058
1.7536
1.75525
1.75577
1.75542
1.75461
1.75383
1.75356
1.75406
1.75528
1.75678
1.75791
1.75812
1.75729
1.75587
1.75487
1.75542
1.75823
1.76319
1.76947
1.77589
1.78144
1.78549
1.78778
1.78834
1.78733
1.78496
1.78147
1.77709
1.77205
1.76663
1.76114
1.75593
1.75139
1.74787
1.7457
1.74504
1.74596
1.74838
1.75209
1.75685
1.76234
1.76826
1.77432
1.78028
1.78594
1.79117
1.7959
1.80007
1.8037
1.80679
1.8094
1.81159
1.81343
1.815
1.81637
1.81764
1.81889
1.82017
1.82154
1.82304
1.82468
1.82643
1.82825
1.83009
1.83186
1.83344
1.83472
1.83557
1.83586
1.83547
1.83433
1.83245
1.82992
1.82699
1.824
1.82134
1.81938
1.81829
1.81803
1.81836
1.81891
1.81932
1.81935
1.81889
1.81799
1.81682
1.81566
1.8148
1.81453
1.81507
1.81649
1.81874
1.82167
1.82505
1.82859
1.83202
1.83505
1.83743
1.83894
1.8394
1.83868
1.83677
1.83379
1.83004
1.8261
1.82268
1.82051
1.8201
1.82156
1.82456
1.82854
1.83287
1.83702
1.84061
1.84344
1.8454
1.84643
1.84652
1.84564
1.8438
1.84097
1.83712
1.83215
1.82591
1.81814
1.80854
1.79676
1.78273
1.76702
1.75134
1.73852
1.73154
1.73176
1.73798
1.74733
1.75699
1.76525
1.77154
1.7759
1.77862
1.77999
1.78019
1.77938
1.77778
1.77575
1.77378
1.77249
1.7724
1.77373
1.77634
1.77969
1.78308
1.78582
1.78734
1.78726
1.78532
1.7814
1.77554
1.76801
1.75945
1.75092
1.74373
1.73906
1.73742
1.7385
1.74127
1.74458
1.74752
1.7496
1.7507
1.75096
1.75058
1.7498
1.74882
1.7478
1.74684
1.74602
1.74536
1.7449
1.74462
1.74452
1.74457
1.74474
1.745
1.74529
1.74557
1.74578
1.74588
1.7458
1.74551
1.74494
1.74407
1.74285
1.74128
1.73934
1.73705
1.73445
1.73161
1.72866
1.72574
1.72306
1.72085
1.71937
1.71884
1.71942
1.72115
1.72395
1.72761
1.73186
1.7364
1.74099
1.74541
1.74956
1.75336
1.7568
1.75989
1.76267
1.76515
1.76736
1.76933
1.77106
1.77255
1.77381
1.77481
1.77555
1.77599
1.77611
1.77589
1.77529
1.77428
1.77286
1.77102
1.76879
1.76621
1.76336
1.76035
1.75733
1.75445
1.75187
1.74977
1.74829
1.74758
1.7477
1.74873
1.75065
1.7534
1.75686
1.76089
1.7653
1.76989
1.77449
1.77895
1.78314
1.787
1.79047
1.79353
1.79617
1.79839
1.80021
1.80164
1.80269
1.80337
1.80368
1.80364
1.80326
1.80256
1.80156
1.80026
1.7987
1.79686
1.79475
1.79236
1.78966
1.78666
1.78337
1.77981
1.77607
1.77224
1.76846
1.76489
1.76169
1.75902
1.75701
1.75578
1.75537
1.75578
1.75697
1.75883
1.76121
1.76396
1.76688
1.7698
1.77256
1.77504
1.77717
1.77891
1.78029
1.78134
1.78213
1.78275
1.78326
1.78373
1.78418
1.78464
1.78511
1.78556
1.78597
1.78632
1.78659
1.78674
1.78678
1.78667
1.78641
1.78598
1.78535
1.78452
1.78343
1.78207
1.78038
1.77834
1.7759
1.77306
1.76981
1.7662
1.76232
1.75833
1.75442
1.75085
1.74785
1.74567
1.74447
1.74429
1.74508
1.74668
1.74885
1.75133
1.75387
1.75626
1.75837
1.76012
1.76148
1.7625
1.76321
1.7637
1.764
1.76416
1.7642
1.76412
1.76388
1.76346
1.7628
1.76186
1.76058
1.75892
1.75686
1.7544
1.75164
1.74872
1.7459
1.74353
1.74194
1.74141
1.74202
1.74365
1.74599
1.74867
1.7513
1.7536
1.75542
1.75669
1.75744
1.75773
1.75765
1.7573
1.75675
1.75608
1.75534
1.75458
1.75385
1.75317
1.75256
1.752
1.75146
1.75089
1.75023
1.74939
1.74833
1.74701
1.74544
1.74367
1.74181
1.74001
1.73843
1.73726
1.73663
1.73663
1.73729
1.73853
1.74023
1.74219
1.74422
1.7461
1.74769
1.74888
1.74962
1.74996
1.74999
1.74988
1.74983
1.75002
1.75057
1.75151
1.75276
1.75415
1.75545
1.75644
1.75692
1.75677
1.75597
1.75456
1.7527
1.7506
1.74853
1.74676
1.74554
1.74507
1.74543
1.74663
1.74861
1.75128
1.75449
1.75809
1.76194
1.76587
1.76973
1.77338
1.7767
1.77962
1.78206
1.78397
1.78532
1.78606
1.78617
1.78558
1.78425
1.78211
1.77912
1.77527
1.77062
1.76532
1.75967
1.75408
1.74907
1.74515
1.74273
1.74202
1.74297
1.74537
1.74888
1.75314
1.75779
1.76256
1.7672
1.77149
1.77526
1.77836
1.7807
1.78218
1.7828
1.78257
1.7816
1.78
1.77797
1.77573
1.7735
1.77149
1.76982
1.76859
1.76773
1.76708
1.76628
1.76486
1.7623
1.75823
1.75283
1.74703
1.74262
1.74156
1.74502
1.75258
1.76256
1.77297
1.78238
1.79014
1.79619
1.80078
1.80425
1.8069
1.80893
1.81047
1.81155
1.81215
1.81222
1.81168
1.81045
1.80845
1.80565
1.80204
1.7977
1.79281
1.78765
1.78256
1.77794
1.77406
1.77103
1.7687
1.76671
1.76462
1.76225
1.75991
1.75854
1.75936
1.76326
1.77015
1.77891
1.78793
1.79577
1.80157
1.80505
1.80638
1.80595
1.80432
1.80204
1.79968
1.79766
1.79633
1.79584
1.79624
1.79746
1.79938
1.80188
1.80482
1.80809
1.81158
1.81518
1.81877
1.82226
1.82552
1.82847
1.83102
1.83311
1.83471
1.83579
1.83633
1.83636
1.83589
1.83494
1.83356
1.83179
1.8297
1.82734
1.82478
1.82208
1.81928
1.81641
1.81346
1.8104
1.80718
1.80372
1.79998
1.79594
1.79164
1.78725
1.78301
1.77931
1.77662
1.77538
1.77592
1.77837
1.78254
1.78805
1.79437
1.80098
1.80744
1.81343
1.81877
1.82335
1.82717
1.83026
1.83267
1.83447
1.83574
1.83654
1.83691
1.8369
1.83654
1.8358
1.83468
1.83311
1.83102
1.8283
1.82483
1.82045
1.81504
1.80847
1.80075
1.79208
1.78302
1.77458
1.76809
1.7647
1.76474
1.76737
1.77088
1.7734
1.77353
1.77064
1.76491
1.75721
1.7489
1.74165
1.73699
1.73596
1.73874
1.74475
1.75284
1.76177
1.77051
1.7784
1.78509
1.79048
1.79462
1.79766
1.79975
1.80108
1.80179
1.802
1.80178
1.80112
1.79997
1.79818
1.79555
1.79182
1.78666
1.7798
1.77108
1.76063
1.74904
1.73742
1.72725
1.71992
1.71626
1.71625
1.7192
1.72408
1.72987
1.73564
1.74068
1.74448
1.74672
1.74726
1.74613
1.74359
1.74009
1.73634
1.73317
1.73137
1.73143
1.73335
1.7367
1.74079
1.74493
1.74863
1.7516
1.75375
1.75509
1.75573
1.75576
1.75528
1.75437
1.75306
1.75139
1.74937
1.74699
1.74427
1.74122
1.73787
1.73428
1.73056
1.72681
1.72315
1.71968
1.71646
1.71347
1.71066
1.70795
1.70525
1.70253
1.69982
1.69725
1.69503
1.69341
1.6927
1.69317
1.69499
1.69818
1.70259
1.70793
1.71376
1.7196
1.72494
1.72931
1.73226
1.73343
1.73257
1.72965
1.72504
1.71965
1.71486
1.71221
1.71272
1.7164
1.72224
1.72882
1.73486
1.73962
1.74283
1.74453
1.74494
1.74431
1.74286
1.74082
1.73839
1.73577
1.73322
1.73101
1.72938
1.72851
1.72845
1.72907
1.73003
1.73085
1.731
1.72999
1.72753
1.72369
1.71903
1.71449
1.71129
1.71046
1.71256
1.7175
1.72454
1.7326
1.74051
1.74724
1.75207
1.75463
1.75485
1.75291
1.74916
1.74413
1.7385
1.733
1.72838
1.72525
1.72396
1.72456
1.72678
1.73012
1.734
1.73789
1.74138
1.74425
1.74643
1.74803
1.74921
1.75018
1.75109
1.75205
1.75304
1.75404
1.75498
1.75579
1.75646
1.75698
1.75736
1.75763
1.75779
1.75785
1.75781
1.75767
1.75745
1.7572
1.75694
1.75675
1.75666
1.7567
1.75687
1.75715
1.7575
1.75789
1.75825
1.75854
1.75872
1.75875
1.7586
1.75825
1.7577
1.75694
1.75598
1.75485
1.75356
1.75213
1.75054
1.74881
1.7469
1.74477
1.7424
1.73973
1.73676
1.73351
1.73007
1.72661
1.72334
1.72056
1.71852
1.71742
1.71737
1.71835
1.7202
1.72271
1.72561
1.72861
1.73144
1.73388
1.73579
1.73709
1.73778
1.73792
1.73761
1.737
1.73621
1.73534
1.73445
1.73354
1.73256
1.73136
1.72981
1.72774
1.72508
1.72186
1.71831
1.71486
1.71208
1.71052
1.71052
1.7121
1.71493
1.71846
1.72212
1.72547
1.72822
1.73022
1.73145
1.73192
1.73169
1.73081
1.72936
1.72743
1.72512
1.72257
1.71995
1.71747
1.71539
1.714
1.71355
1.7142
1.71595
1.71859
1.72178
1.7251
1.72816
1.73066
1.73243
1.73341
1.73361
1.73314
1.73215
1.73082
1.72936
1.72796
1.72682
1.72609
1.72589
1.72628
1.72726
1.72877
1.73072
1.73297
1.73539
1.73786
1.74025
1.74245
1.74439
1.74598
1.74715
1.74785
1.748
1.74753
1.74634
1.74435
1.74149
1.73768
1.73292
1.72727
1.72088
1.71404
1.70714
1.70069
1.69521
1.69116
1.68879
1.68813
1.68894
1.69092
1.69374
1.69718
1.70112
1.70549
1.71019
1.71507
1.71991
1.72449
1.72863
1.73221
1.7352
1.73761
1.73951
1.74096
1.74203
1.74274
1.74314
1.74322
1.74301
1.7425
1.74172
1.74069
1.73946
1.73813
1.73678
1.73554
1.73455
1.73395
1.73385
1.73435
1.73548
1.7372
1.73943
1.74201
1.74475
1.74746
1.74994
1.752
1.75347
1.75421
1.75411
1.75309
1.75109
1.74812
1.74428
1.73978
1.735
1.73046
1.7268
1.72463
1.72441
1.72624
1.72986
1.7347
1.74005
1.7452
1.74957
1.75273
1.75444
1.75457
1.75313
1.75025
1.74614
1.74119
1.73587
1.73076
1.72653
1.72373
1.7228
1.72387
1.72678
1.73108
1.73617
1.7414
1.74619
1.75013
1.75296
1.75467
1.75541
1.7555
1.75537
1.75546
1.7561
1.75743
1.75932
1.76141
1.76324
1.76435
1.76441
1.76325
1.76092
1.75765
1.75385
1.75007
1.74688
1.74481
1.74422
1.74524
1.74776
1.75149
1.75605
1.76105
1.76614
1.77103
1.77552
1.77943
1.78264
1.78508
1.78669
1.78748
1.78747
1.78674
1.78541
1.78365
1.78162
1.77952
1.77751
1.77569
1.77413
1.77281
1.7717
1.77074
1.76989
1.76913
1.76847
1.76796
1.76764
1.7676
1.76792
1.76869
1.76999
1.77186
1.77428
1.77713
1.78028
1.78356
1.78682
1.78995
1.79286
1.79547
1.79771
1.79949
1.80074
1.80136
1.80127
1.80043
1.79882
1.79649
1.79354
1.79018
1.78664
1.78325
1.78028
1.77798
1.77647
1.77574
1.77567
1.77607
1.77668
1.77723
1.77748
1.77725
1.77644
1.77505
1.77321
1.77113
1.76908
1.76732
1.76607
1.76548
1.76556
1.76627
1.76746
1.76897
1.77065
1.77239
1.77414
1.7759
1.77772
1.77964
1.78172
1.78396
1.78635
1.78883
1.7913
1.79367
1.79584
1.79772
1.79923
1.80032
1.80093
1.80104
1.80059
1.79958
1.79795
1.79572
1.79288
1.78949
1.78564
1.78152
1.77734
1.77338
1.76991
1.76714
1.76517
1.76398
1.76346
1.76345
1.76381
1.76446
1.76541
1.76666
1.76823
1.77007
1.77209
1.77416
1.77611
1.77783
1.77922
1.7802
1.78071
1.7807
1.78011
1.77892
1.77718
1.77507
1.77286
1.77098
1.76986
1.76981
1.77091
1.77299
1.77565
1.77843
1.78091
1.78284
1.78412
1.78476
1.78488
1.78463
1.78418
1.78363
1.7831
1.78263
1.78221
1.78182
1.78142
1.78093
1.78031
1.7795
1.77849
1.7773
1.77601
1.7748
1.77392
1.77365
1.77424
1.77579
1.77821
1.78121
1.78436
1.7872
1.78931
1.79037
1.79018
1.78863
1.78571
1.7815
1.77616
1.76991
1.76305
1.756
1.74929
1.74364
1.73985
1.73863
1.7403
1.74464
1.75092
1.75821
1.76568
1.77278
1.77928
1.78513
1.79036
1.79503
1.79918
1.8028
1.80586
1.80828
1.80999
1.81094
1.81106
1.81034
1.80886
1.80677
1.80437
1.80208
1.80036
1.79962
1.80007
1.80167
1.80408
1.80684
1.80945
1.81151
1.81275
1.81305
1.81237
1.81078
1.80838
1.80534
1.8019
1.79837
1.79515
1.79274
1.79162
1.79217
1.79448
1.79831
1.80314
1.80829
1.81312
1.81715
1.82007
1.82174
1.82215
1.82139
1.81957
1.81686
1.81341
1.8094
1.805
1.80038
1.79568
1.79102
1.78648
1.78213
1.778
1.77411
1.77048
1.76715
1.76418
1.76173
1.76009
1.75961
1.76069
1.76357
1.76827
1.77448
1.78169
1.78929
1.79677
1.80373
1.80995
1.81534
1.81989
1.82365
1.82669
1.82906
1.83081
1.83199
1.83261
1.83267
1.83216
1.83107
1.8294
1.82717
1.82444
1.82134
1.81803
1.81472
1.8116
1.80882
1.80641
1.80429
1.80227
