           1 3.93524e+07 8.26401e+08           0
           2 2.15942e+06 2.26739e+07 2.05144e+07
           3  1.7931e+07 1.25517e+08 1.16666e+08
           4 2.15746e+10 1.13267e+11 1.06197e+11
           5 1.76985e+10 7.43337e+10  6.9993e+10
           6 2.21464e+08 7.75125e+08 7.31727e+08
           7 1.77917e+07 5.33751e+07 5.04721e+07
           8 2.83652e+20 7.44585e+20 7.04938e+20
           9 2.44717e+08 5.71007e+08  5.4109e+08
          10 3.16237e+11 6.64097e+11 6.29744e+11
          11 2.82314e+14 5.38964e+14 5.11371e+14
          12 8.02569e+07  1.4045e+08  1.3332e+08
           1 3.93524e+07 8.26401e+08           0
           2 2.15942e+06 2.26739e+07 2.05144e+07
           3  1.7931e+07 1.25517e+08 1.16666e+08
           4 2.15746e+10 1.13267e+11 1.06197e+11
           5 1.76985e+10 7.43337e+10  6.9993e+10
           6 2.21464e+08 7.75125e+08 7.31727e+08
           7 1.77917e+07 5.33751e+07 5.04721e+07
           8 2.83652e+20 7.44585e+20 7.04938e+20
           9 2.44717e+08 5.71007e+08  5.4109e+08
          10 3.16237e+11 6.64097e+11 6.29744e+11
          11 2.82314e+14 5.38964e+14 5.11371e+14
          12 8.02569e+07  1.4045e+08  1.3332e+08
           1 3.93524e+07 8.26401e+08           0
           2 2.15942e+06 2.26739e+07 2.05144e+07
           3  1.7931e+07 1.25517e+08 1.16666e+08
           4 2.15746e+10 1.13267e+11 1.06197e+11
           5 1.76985e+10 7.43337e+10  6.9993e+10
           6 2.21464e+08 7.75125e+08 7.31727e+08
           7 1.77917e+07 5.33751e+07 5.04721e+07
           8 2.83652e+20 7.44585e+20 7.04938e+20
           9 2.44717e+08 5.71007e+08  5.4109e+08
          10 3.16237e+11 6.64097e+11 6.29744e+11
          11 2.82314e+14 5.38964e+14 5.11371e+14
          12 8.02569e+07  1.4045e+08  1.3332e+08
           1 8.50012e+10 1.70002e+11           0
           2 4.66435e+09 4.66435e+09        -nan
           3 3.87309e+10 2.58206e+10 1.29103e+10
           4 4.66012e+13 2.33006e+13 1.34526e+13
           5 3.82287e+13 1.52915e+13 9.36409e+12
           6 4.78363e+11 1.59454e+11 1.00848e+11
           7 3.84301e+10   1.098e+10 7.08757e+09
           8 6.12687e+23 1.53172e+23 1.00275e+23
           9 5.28589e+11 1.17464e+11 7.76953e+10
          10 6.83071e+14 1.36614e+14 9.10762e+13
          11 6.09799e+17 1.10873e+17 7.43756e+16
          12 1.73355e+11 2.88925e+10 1.94793e+10
           1 8.50012e+10 1.70002e+11           0
           2 4.66435e+09 4.66435e+09        -nan
           3 3.87309e+10 2.58206e+10 1.29103e+10
           4 4.66012e+13 2.33006e+13 1.34526e+13
           5 3.82287e+13 1.52915e+13 9.36409e+12
           6 4.78363e+11 1.59454e+11 1.00848e+11
           7 3.84301e+10   1.098e+10 7.08757e+09
           8 6.12687e+23 1.53172e+23 1.00275e+23
           9 5.28589e+11 1.17464e+11 7.76953e+10
          10 6.83071e+14 1.36614e+14 9.10762e+13
          11 6.09799e+17 1.10873e+17 7.43756e+16
          12 1.73355e+11 2.88925e+10 1.94793e+10
           1 8.50012e+10 1.70002e+11           0
           2 4.66435e+09 4.66435e+09        -nan
           3 3.87309e+10 2.58206e+10 1.29103e+10
           4 4.66012e+13 2.33006e+13 1.34526e+13
           5 3.82287e+13 1.52915e+13 9.36409e+12
           6 4.78363e+11 1.59454e+11 1.00848e+11
           7 3.84301e+10   1.098e+10 7.08757e+09
           8 6.12687e+23 1.53172e+23 1.00275e+23
           9 5.28589e+11 1.17464e+11 7.76953e+10
          10 6.83071e+14 1.36614e+14 9.10762e+13
          11 6.09799e+17 1.10873e+17 7.43756e+16
          12 1.73355e+11 2.88925e+10 1.94793e+10
           1  1.1331e+17  2.2662e+17           0
           2 1.99336e+32 1.99336e+32           0
           3 1.91921e+17 1.27947e+17 6.39737e+16
           4 1.58383e+15 7.91914e+14 4.57212e+14
           5 1.55053e+16 6.20212e+15 3.79801e+15
           6 3.54074e+20 1.18025e+20 7.46454e+19
           7 1.82361e+21 5.21031e+20 3.36324e+20
           8 6.83476e+15 1.70869e+15  1.1186e+15
           9  5.1343e+15 1.14096e+15 7.54671e+14
          10 1.29497e+18 2.58994e+17 1.72663e+17
          11 2.71343e+13 4.93351e+12  3.3095e+12
          12 1.39438e+14 2.32396e+13 1.56682e+13
          13 3.89867e+15 5.99796e+14 4.06063e+14
          14 1.05772e+17 1.51103e+16 1.02654e+16
          15 5.42292e+18 7.23057e+17  4.9268e+17
          16 7.89713e+18 9.87141e+17 6.74346e+17
          17 5.14361e+16 6.05131e+15 4.14305e+15
          18 2.75903e+15 3.06559e+14 2.10298e+14
          19 2.38222e+14  2.5076e+13 1.72318e+13
          20 5.52356e+15 5.52356e+14 3.80157e+14
          21 5.13416e+19 4.88968e+18 3.36998e+18
          22 3.42186e+14 3.11078e+13 2.14664e+13
          23 2.30541e+19 2.00471e+18 1.38495e+18
          24 8.97582e+16 7.47985e+15 5.17279e+15
          25 3.62304e+15 2.89843e+14 2.00635e+14
          26  3.9302e+15 3.02323e+14 2.09456e+14
          27 1.36004e+16 1.00743e+15  6.9853e+14
          28 1.65332e+15 1.18094e+14 8.19441e+13
          29  2.8957e+18 1.99704e+17 1.38667e+17
          30 8.63159e+15 5.75439e+14  3.9982e+14
          31 1.86106e+18 1.20068e+17 8.34742e+16
          32 5.88087e+14 3.67554e+13 2.55674e+13
          33 4.41933e+23 2.67838e+22 1.86408e+22
          34 7.33536e+16 4.31492e+15 3.00452e+15
          35 3.45511e+16 1.97435e+15 1.37539e+15
          36 1.63776e+24 9.09866e+22 6.34114e+22
          37 4.22795e+14 2.28538e+13  1.5934e+13
          38 8.66344e+15  4.5597e+14 3.18033e+14
          39 3.99336e+19 2.04788e+18 1.42889e+18
          40 2.32955e+18 1.16477e+17 8.12992e+16
          41 9.97028e+16 4.86355e+15 3.39579e+15
          42 1.10413e+13 5.25778e+11 3.67219e+11
          43 9.00112e+14 4.18657e+13  2.9249e+13
          44 2.65234e+20 1.20561e+19 8.42524e+18
          45 1.92665e+13 8.56288e+11 5.98567e+11
          46 2.16626e+16 9.41854e+14  6.5855e+14
          47 5.67385e+27 2.41441e+26 1.68858e+26
          48        -nan        -nan        -nan
          49  6.3756e+12 2.60229e+11 1.82083e+11
