           0  -0.0332312 3.36305e-05
   0.0230664           0           0
   0.0461329           0           0
   0.0691993           0           0
   0.0922657           0           0
    0.115332           0           0
    0.138399           0           0
    0.161465           0           0
    0.184531           0           0
    0.207598           0           0
    0.230664           0           0
    0.253731           0           0
    0.276797           0           0
    0.299864           0           0
     0.32293           0           0
    0.345996           0           0
    0.369063           0           0
    0.392129           0           0
    0.415196           0           0
    0.438262           0           0
    0.461329           0           0
    0.484395           0           0
    0.507461           0           0
    0.530528           0           0
    0.553594           0           0
    0.576661           0           0
    0.599727           0           0
    0.622794           0           0
     0.64586           0           0
    0.668926           0           0
    0.691993           0           0
    0.715059           0           0
    0.738126           0           0
    0.761192           0           0
    0.784259           0           0
    0.807325           0           0
    0.830391           0           0
    0.853458           0           0
    0.876524 8.46866e-05 2.44658e-05
    0.899591  0.00433398 0.000216253
    0.922657   0.0554639 0.000876987
    0.945724    0.326307  0.00155198
     0.96879     1.07598  0.00328996
    0.991856     2.31187  0.00446927
     1.01492     3.64953  0.00682781
     1.03799     4.55583  0.00648304
     1.06106      4.7935  0.00692045
     1.08412     4.39678  0.00703406
     1.10719     3.59367   0.0064085
     1.13026     2.67784  0.00526299
     1.15332     1.82661  0.00402674
     1.17639     1.16136  0.00367065
     1.19945    0.688643  0.00259311
     1.22252    0.378478   0.0020699
     1.24559    0.196271  0.00154724
     1.26865    0.100067  0.00126571
     1.29172   0.0569045  0.00096517
     1.31479   0.0485392  0.00103441
     1.33785   0.0679678  0.00119169
     1.36092    0.115282  0.00135085
     1.38399    0.194908  0.00149565
     1.40705     0.31154  0.00186304
     1.43012    0.462248  0.00202212
     1.45319    0.630475  0.00202667
     1.47625    0.784606  0.00237989
     1.49932    0.901527  0.00288506
     1.52238    0.945243  0.00337745
     1.54545    0.902563  0.00345359
     1.56852    0.794693  0.00273244
     1.59158    0.638645  0.00191512
     1.61465    0.469972  0.00164759
     1.63772    0.328857  0.00154952
     1.66078     0.23436  0.00175023
     1.68385    0.212298  0.00194466
     1.70692    0.280036  0.00226368
     1.72998    0.462285  0.00279664
     1.75305    0.780058  0.00255178
     1.77612     1.22008  0.00268451
     1.79918     1.72596  0.00285107
     1.82225     2.21728  0.00375454
     1.84531     2.54987  0.00419886
     1.86838     2.65281  0.00468662
     1.89145      2.5049  0.00463516
     1.91451     2.15102  0.00353225
     1.93758     1.68538  0.00248018
     1.96065     1.21682  0.00224394
     1.98371    0.830322  0.00218857
     2.00678    0.575297  0.00243058
     2.02985    0.463564  0.00245441
     2.05291    0.487307  0.00224129
     2.07598    0.603652  0.00186808
     2.09905    0.759525  0.00171798
     2.12211    0.906307  0.00185982
     2.14518    0.984066  0.00245807
     2.16824     0.98495  0.00214817
     2.19131    0.908928  0.00190091
     2.21438    0.792452  0.00175813
     2.23744    0.671441  0.00181985
     2.26051    0.596763  0.00244935
     2.28358    0.601065  0.00314789
