           1  -0.0328299  -0.0328299           0
           2  -0.0334722  -0.0331511 0.000321113
           3  -0.0332562  -0.0331861 0.000188678
           4  -0.0339306  -0.0333722 0.000229008
           5  -0.0334281  -0.0333834  0.00017774
           6  -0.0336116  -0.0334214 0.000150026
           7  -0.0329731  -0.0333574 0.000142054
           8  -0.0328105   -0.033289 0.000140738
           9  -0.0330253  -0.0332597 0.000127531
          10   -0.033691  -0.0333029 0.000121948
          11  -0.0328775  -0.0332642 0.000116887
          12   -0.033101  -0.0332506 0.000107566
          13  -0.0328287  -0.0332181 0.000104132
          14  -0.0332807  -0.0332226  9.6511e-05
          15  -0.0336554  -0.0332515 9.43669e-05
          16  -0.0328734  -0.0332278   9.138e-05
          17   -0.033337  -0.0332343 8.60763e-05
          18  -0.0335275  -0.0332506 8.27726e-05
          19  -0.0332289  -0.0332494 7.83033e-05
          20  -0.0332049  -0.0332472 7.43184e-05
          21  -0.0332045  -0.0332452   7.072e-05
          22  -0.0332795  -0.0332467 6.74469e-05
          23  -0.0334577  -0.0332559 6.50974e-05
          24  -0.0335832  -0.0332695 6.38004e-05
          25  -0.0328448  -0.0332525 6.35102e-05
          26  -0.0333636  -0.0332568  6.1168e-05
          27  -0.0333353  -0.0332597 5.89308e-05
          28  -0.0329397  -0.0332483 5.79261e-05
          29  -0.0329039  -0.0332364 5.71409e-05
          30  -0.0333105  -0.0332389 5.52585e-05
          31  -0.0333793  -0.0332434 5.36379e-05
          32  -0.0336473   -0.033256 5.34461e-05
          33  -0.0332132  -0.0332547 5.18175e-05
          34  -0.0338136  -0.0332712 5.28895e-05
          35  -0.0334391   -0.033276 5.15796e-05
          36  -0.0337318  -0.0332886 5.17008e-05
          37  -0.0330593  -0.0332824 5.06647e-05
          38  -0.0332902  -0.0332826 4.93138e-05
          39  -0.0332137  -0.0332809 4.80652e-05
          40   -0.033249  -0.0332801 4.68549e-05
          41  -0.0329401  -0.0332718 4.64439e-05
          42   -0.033352  -0.0332737 4.53649e-05
          43  -0.0329933  -0.0332672 4.47746e-05
          44  -0.0325504  -0.0332509 4.66802e-05
          45  -0.0325576  -0.0332355 4.81614e-05
          46  -0.0328423  -0.0332269 4.78719e-05
          47  -0.0334326  -0.0332313 4.70462e-05
          48  -0.0339067  -0.0332454 4.81569e-05
          49  -0.0334956  -0.0332505 4.74396e-05
          50  -0.0339996  -0.0332655  4.8836e-05
          51   -0.033266  -0.0332655 4.78689e-05
          52  -0.0338715  -0.0332771 4.83645e-05
          53  -0.0326486  -0.0332653 4.89031e-05
          54  -0.0330662  -0.0332616 4.81304e-05
          55  -0.0328179  -0.0332535  4.7931e-05
          56  -0.0334067  -0.0332563 4.71468e-05
          57  -0.0332446   -0.033256 4.63127e-05
          58  -0.0329257  -0.0332504 4.58623e-05
          59  -0.0327276  -0.0332415 4.59406e-05
          60  -0.0331677  -0.0332403 4.51852e-05
          61  -0.0338366    -0.03325 4.55009e-05
          62  -0.0339083  -0.0332607  4.6003e-05
          63  -0.0334706   -0.033264 4.53895e-05
          64  -0.0330913  -0.0332613  4.4756e-05
          65  -0.0331089  -0.0332589 4.41244e-05
          66  -0.0326467  -0.0332497 4.44298e-05
          67  -0.0331757  -0.0332486 4.37755e-05
          68  -0.0332824  -0.0332491 4.31298e-05
          69  -0.0335198   -0.033253 4.26809e-05
          70   -0.033038  -0.0332499 4.21787e-05
          71  -0.0330997  -0.0332478 4.16342e-05
          72  -0.0331185   -0.033246 4.10911e-05
          73  -0.0330557  -0.0332434 4.06081e-05
          74  -0.0336688  -0.0332491  4.0466e-05
          75   -0.033111  -0.0332473 3.99652e-05
          76  -0.0334666  -0.0332502 3.95413e-05
          77    -0.03304  -0.0332475 3.91197e-05
          78   -0.032997  -0.0332442 3.87482e-05
          79  -0.0337116  -0.0332502 3.87094e-05
          80  -0.0331827  -0.0332493 3.82318e-05
          81  -0.0332766  -0.0332497 3.77583e-05
          82  -0.0332982  -0.0332502 3.72997e-05
          83  -0.0334953  -0.0332532 3.69657e-05
          84  -0.0324862  -0.0332441 3.76472e-05
          85  -0.0333734  -0.0332456 3.72327e-05
          86  -0.0332305  -0.0332454 3.67976e-05
          87  -0.0329028  -0.0332415 3.65847e-05
          88  -0.0326783  -0.0332351 3.67285e-05
          89  -0.0329621   -0.033232 3.64428e-05
          90  -0.0328847  -0.0332282 3.62416e-05
          91  -0.0337451  -0.0332338 3.62884e-05
          92  -0.0332964  -0.0332345 3.58983e-05
          93  -0.0333492  -0.0332357 3.55316e-05
          94  -0.0331345  -0.0332347 3.51681e-05
          95  -0.0332145  -0.0332345 3.47965e-05
          96  -0.0333697  -0.0332359  3.4461e-05
          97  -0.0334233  -0.0332378 3.41585e-05
          98  -0.0327014  -0.0332323 3.42484e-05
          99  -0.0330337  -0.0332303   3.396e-05
         100  -0.0333194  -0.0332312 3.36305e-05
