0.0563367
0.0550883
0.0546076
0.0524493
0.0571855
0.049937
0.0487575
0.0480616
0.0519788
0.0671732
0.044747
0.0611411
0.0468379
0.0470876
0.0527647
0.0483785
0.0540034
0.0503913
0.0503163
0.0607387
0.0465293
0.0508431
0.0686537
0.0590173
0.0526151
0.0474782
0.0390064
0.0395574
0.0449657
0.0422253
0.0477136
0.0608903
0.0633242
0.0455893
0.0433731
0.0485667
0.0464816
0.0439176
0.0483237
0.0451463
0.0547323
0.0514793
0.0587499
0.0572879
0.0519605
0.0399587
0.0533932
0.0471226
0.0392683
0.0423166
0.0519207
0.0432783
0.0501282
0.0493196
0.0459644
0.0520904
0.0437918
0.047066
0.0502096
0.0493685
0.053723
0.0463696
0.0496536
0.037172
0.0511897
0.0529902
0.0474376
0.0453
0.0466828
0.0512827
0.0616688
0.0615292
0.0523071
0.047368
0.0411525
0.0355054
0.0672721
0.0460442
0.0383275
0.0444232
0.0638529
0.0590537
0.0577473
0.0452429
0.0484899
0.0579213
0.0587665
0.0594837
0.0430168
0.0531622
0.0465712
0.0593587
0.0482133
0.0525481
0.044901
0.04957
0.0435701
0.0383799
0.049431
0.0548106
0.0550096
0.069735
0.06723
0.0443088
0.0493133
0.0401108
0.0421765
0.0466221
0.0580348
0.0423443
0.0576628
0.0470175
0.042818
0.0408615
0.048381
0.0578301
0.0718852
0.0719165
0.0638554
0.0716449
0.0700576
0.0537768
0.0538248
0.0478932
0.0442039
0.0496431
0.0439128
0.0499792
0.0442527
0.0388013
0.0472443
0.0479576
0.0459694
0.0368899
0.0527518
0.0763026
0.0532636
0.0523827
0.0383698
0.0402037
0.0310487
0.0401624
0.0449862
0.0501642
0.0485192
0.046267
0.0541953
0.0364375
0.0428526
0.0533033
0.0497221
0.0551085
0.0542823
0.0528531
0.0517688
0.0454176
0.0459156
0.0459181
0.0527712
0.0515962
0.0659695
0.0470924
0.0440531
0.0401481
0.0411078
0.0432699
0.0493768
0.0441711
0.0449305
0.0402377
0.0549131
0.051231
0.0577235
0.055804
0.0506889
0.0538923
0.0600499
0.0493788
0.0493408
0.0532688
0.054773
0.0424291
0.0708678
0.0441856
0.0465086
0.0454277
0.0628262
0.0988947
0.0541028
0.0454553
0.0432239
0.046291
0.0452254
0.050291
0.0455326
0.0608122
0.0484925
0.045117
0.0428281
0.0379874
0.046807
0.0401924
0.0423612
0.0570777
0.0535571
0.0511386
0.0510465
0.0441793
0.0524635
0.0572464
0.0446804
0.0358035
0.0366675
0.0414537
0.0609045
0.0674069
0.0587603
0.0509222
0.0509822
0.0523153
0.045193
0.0513496
0.0448647
0.0413297
0.0501761
0.0442529
0.0395185
0.0551146
0.0556445
0.0479983
0.0511939
0.0484516
0.0592595
0.0379138
0.0524154
0.049603
0.0538559
0.0502174
0.0551779
0.0624244
0.0489484
0.0420987
0.0477646
0.0462069
0.0498955
0.0450084
0.0569461
0.0494889
0.0478185
0.0552283
0.0502568
0.0587665
0.053118
0.0613498
0.0606436
0.0555391
0.0516124
0.043673
0.0470065
0.0435597
0.0355188
0.0521545
0.062459
0.0402845
0.0491869
0.0432942
0.051551
0.0538239
0.0592625
0.0528071
0.0452756
0.0513495
0.049479
0.0589556
0.0506873
0.0507923
0.0587391
0.0487788
0.0484916
0.0574517
0.0447957
0.0423602
0.052461
0.0579193
0.0535439
0.0468142
0.0467051
0.0654009
0.0604944
0.0617659
0.0560768
0.0363293
0.0369353
0.0459129
0.0344453
0.0474128
0.0436047
0.0454626
0.0523756
0.048367
0.0465666
0.0476368
0.0508998
0.043731
0.0629663
0.0530971
0.0426544
0.0448667
0.0398732
0.0375598
0.0431945
0.0474315
0.0430859
0.0355673
0.048769
0.0439923
0.0464713
0.0411253
0.0626299
0.0402928
0.061024
0.0448771
0.0394004
0.0458475
0.0473803
0.0440996
0.0440594
0.0588009
0.0475176
0.0491225
0.0353141
0.0491379
0.0588336
0.0497373
0.0545673
0.0502882
0.0497358
0.0567865
0.0512088
0.0544922
0.0488718
0.0592655
0.0386126
0.0439878
0.0390369
0.0415304
0.0582058
0.0542858
0.0365973
0.0588359
0.0501791
0.0483073
0.0460337
0.0445384
0.0380824
0.0392622
0.0570174
0.0449372
0.0456926
0.0490526
0.0462963
0.0444161
0.0529345
0.0631965
0.0749073
0.0609331
0.0585232
0.0510348
0.0437997
0.0426159
0.0471342
0.0519316
0.0673057
0.0690324
0.0382058
0.0455927
0.0423287
0.0571883
0.0615034
0.0479446
0.0537644
0.0442876
0.0431461
0.0439694
0.0428522
0.0387317
0.0403571
0.052568
0.044113
0.0484525
0.0504064
0.0588178
0.0469877
0.0585385
0.049117
0.0481089
0.0478682
0.0374392
0.0486072
0.040712
0.0492999
0.0467085
0.0348567
0.0468097
0.0616209
0.0581069
0.0569579
0.0464318
0.0465142
0.0411986
0.0402403
0.0410805
0.0503501
0.0576338
0.0595027
0.0647933
0.0597474
0.0511007
0.0573279
0.0840274
0.0594982
0.0513888
0.0495991
0.057462
0.0509979
0.0541648
0.0498348
0.0465056
0.0560746
0.0473379
0.0562055
0.0446899
0.0487908
0.042895
0.041857
0.0474943
0.0406871
0.0337481
0.0419581
0.0477097
0.0417679
0.0334862
0.0341727
0.0406761
0.0525528
0.0479971
0.0353259
0.0452428
0.0536374
0.0503118
0.0465498
0.0419119
0.0444971
0.0389809
0.0462537
0.0500581
0.0500846
0.0451813
0.0468209
0.043162
0.0496764
0.0552521
0.057951
0.047155
0.0496601
0.0463306
0.0495265
0.0467313
0.0523438
0.0533838
0.0485915
0.0544274
0.0524215
0.0580636
0.0424075
0.0388079
0.0408497
0.0523667
0.0508421
0.0726572
0.067313
0.072087
0.0430704
0.0429934
0.0487749
0.0441794
0.0433141
0.0450794
0.0431826
0.0437818
0.0411364
0.0404529
0.043022
0.0431221
0.0448832
0.0480783
0.0513736
0.0464292
0.049829
0.0419665
0.0474703
0.0408373
0.0459413
0.0451374
0.0551387
0.0468981
0.0398371
0.03718
0.0396207
0.0392703
0.0524495
0.0583686
0.0436707
0.0496623
0.0544463
0.049565
0.0436359
0.0440325
0.0472405
0.0486771
0.0414069
0.0399553
0.0448142
0.0386253
0.0495289
0.0553556
0.0631636
0.0370508
0.0371212
0.0402423
0.0381382
0.0390634
0.0462846
0.0483489
0.052025
0.0412946
0.0377298
0.0375965
0.0364451
0.0439984
0.0460713
0.0562978
0.0440187
0.0683965
0.0716992
0.0512129
0.0614195
0.0505457
0.0421395
0.043062
0.043515
0.0491473
0.0398904
0.0361878
0.0335656
0.0373471
0.044688
0.0444053
0.060459
0.0553073
0.0544876
0.0536558
0.0443719
0.0501378
0.048895
0.0442137
0.0425662
0.0453509
0.0420052
0.0414737
0.0566149
0.042584
0.0429483
0.0509299
0.0486447
0.0433992
0.0441074
0.0553941
0.0437492
0.0415009
0.0378224
0.0379432
0.040366
0.0368352
0.0424208
0.0430571
0.0433291
0.0499988
0.0480931
0.0503406
0.0536522
0.0420214
0.0427062
0.0487901
0.0604826
0.0502795
0.0417995
0.0406805
0.0471476
0.0373518
0.0436259
0.0400999
0.0467999
0.0616442
0.0472428
0.0520475
0.0530968
0.0483224
0.0467757
0.0443481
0.0432389
0.0411948
0.043647
0.0390735
0.0538033
0.0392124
0.053089
0.0509652
0.0561847
0.0385922
0.061259
0.0470867
0.0355828
0.0553769
0.0407502
0.0374416
0.0459507
0.0485975
0.0524706
0.0488526
0.0443266
0.0447402
0.0642856
0.0552258
0.0492078
0.0474611
0.0556711
0.0438652
0.0453652
0.0352235
0.0447068
0.0426218
0.0529233
0.052782
0.082973
0.0474016
0.0426587
0.0444551
0.0465515
0.0579501
0.048252
0.0439967
0.0557158
0.0459462
0.0483506
0.0621803
0.0595922
0.033473
0.0460874
0.0611823
0.0448218
0.0492313
0.0455102
0.0468015
0.0515741
0.0540344
0.0424339
0.0495226
0.0557564
0.0509305
0.0425997
0.0524007
0.0646833
0.0350572
0.0540543
0.0655985
0.0547298
0.0542195
0.0493991
0.0409724
0.0485919
0.0439988
0.0404937
0.042689
0.052107
0.0437739
0.04403
0.0392557
0.0378992
0.0387974
0.0320003
0.0475847
0.0346419
0.0458556
0.0378434
0.0440247
0.0408317
0.0531947
0.0477515
0.0445186
0.0466006
0.0469258
0.0527095
0.036034
0.0465483
0.0404474
0.040903
0.0388604
0.0417654
0.03717
0.0384588
0.0349444
0.0403789
0.04512
0.0456193
0.0460615
0.0403611
0.0634548
0.0648266
0.0560175
0.0597327
0.0693482
0.0632959
0.0564399
0.0531382
0.0489225
0.0425975
0.0541479
0.0516743
0.0417808
0.0537501
0.0491016
0.0424624
0.0404409
0.0422339
0.0449261
0.0383689
0.0408703
0.0403241
0.0463112
0.0470773
0.0500965
0.0608703
0.0445058
0.0517582
0.0504703
0.0456851
0.0637599
0.0582998
0.0562516
0.0420966
0.042258
0.0385221
0.0473853
0.0532998
0.0500691
0.0494816
0.0505482
0.0521381
0.058442
0.0660896
0.0520526
0.0452159
0.0638412
0.0496149
0.0473274
0.0444289
0.0443485
0.0447743
0.054574
0.042186
0.0320043
0.0348722
0.0441606
0.0490005
0.0478292
0.0427259
0.0550588
0.0359507
0.0425742
0.0388395
0.0442687
0.0497006
0.0480216
0.057116
0.0560432
0.0480841
0.0506093
0.0463994
0.047923
0.0455725
0.0495093
0.0498844
0.0489637
0.0470839
0.0583596
0.0459155
0.0470798
0.0467621
0.0609318
0.047683
0.0514668
0.0607935
0.047941
0.0445816
0.0516519
0.0478197
0.0501188
0.0400343
0.0458771
0.0394276
0.0481209
0.0434074
0.0342259
0.0402874
0.0434746
0.0438139
0.0556045
0.0580557
0.0541846
0.049827
0.0469771
0.0459531
0.0509037
0.0514498
0.0421933
0.0519573
0.0443576
0.0627509
0.0491311
0.0421312
0.0400702
0.0387072
0.0489817
0.0495845
0.046191
0.0462709
0.0540131
0.047608
0.0482633
0.0445147
0.0429218
0.0601555
0.0447648
0.0451557
0.0526581
0.0455243
0.046909
0.0481487
0.0556057
0.0621133
0.0632752
0.0608234
0.0465206
0.0342251
0.0367979
0.0451149
0.0457717
0.0594201
0.0521366
0.0617125
0.0511973
0.0546675
0.0552001
0.0521014
0.0541328
0.05106
0.0579335
0.0636037
0.0637607
0.0374444
0.0509035
0.0498139
0.047216
0.0377616
0.0531898
0.0413288
0.0430093
0.032843
0.0373758
0.0587242
0.0678556
0.0489712
0.0376372
0.0455132
0.0465418
0.0555184
0.064662
0.0673388
0.0649606
0.0484497
0.0636388
0.0516422
0.0669465
0.0495927
0.0436122
0.0449836
0.0479349
0.0360658
0.034294
0.0346502
0.0440559
0.0484144
0.0471888
0.0386218
0.0495961
0.0563272
0.0526022
0.0387848
0.0546417
0.0688688
0.0450052
0.037262
0.0398043
0.0542476
0.0586281
0.0438593
0.0513553
0.0419347
0.0381838
0.0426814
0.0435781
0.039807
0.0487361
0.0502626
0.053366
0.0495804
0.0496363
0.0480445
0.0482458
0.044557
0.0492572
0.0410784
0.0401001
0.0444791
0.0383241
0.0395898
0.0441233
0.0497056
0.0468899
0.0425802
0.046945
0.0538046
0.0402071
0.0392778
0.0406721
0.0463218
0.043046
0.036493
0.0403833
0.0457944
0.0446827
0.0452841
0.0502258
0.0536448
0.0398416
0.0409174
0.0463997
0.0457243
0.0529495
0.0483882
0.0579548
0.0700646
0.0593398
0.0589483
0.055604
0.0734376
0.0629386
0.0566832
0.0532595
0.0446496
0.0612171
0.0615391
0.0411994
0.0386707
0.0381063
0.0444226
0.0585131
0.0633143
0.0685985
0.0539539
0.0506125
0.0466034
0.0356726
0.0582394
0.0452336
0.0353617
0.0410858
0.0488796
0.0537415
0.0386192
0.0494885
0.0406594
0.0394231
0.0435042
0.0472814
0.0461103
0.0430574
0.054587
0.0472515
0.0551111
