           0           0           0
    0.064633           0           0
    0.129266           0           0
    0.193899           0           0
    0.258532           0           0
    0.323165           0           0
    0.387798           0           0
    0.452431           0           0
    0.517064           0           0
    0.581697           0           0
     0.64633           0           0
    0.710963           0           0
    0.775596           0           0
     0.84023 0.000598682 0.000598682
    0.904863    0.142202  0.00311391
    0.969496     1.07328  0.00590462
     1.03413     2.09835    0.143898
     1.09876     2.29164    0.162849
     1.16339     2.17374    0.181437
     1.22803     1.83572    0.118248
     1.29266     1.66103    0.105957
     1.35729      1.4674   0.0696513
     1.42193     1.34398   0.0780431
     1.48656     1.24509   0.0727293
     1.55119     1.19118   0.0321843
     1.61583     1.12008   0.0387738
     1.68046     1.12061   0.0509792
     1.74509     1.10988   0.0609062
     1.80973      1.1019  0.00645015
     1.87436     1.06961   0.0469082
     1.93899     1.08053   0.0271042
     2.00362     1.07979   0.0497214
     2.06826     1.08671   0.0595229
     2.13289     1.07843   0.0443512
     2.19752     1.08102   0.0392498
     2.26216     1.07442     0.06314
     2.32679     1.08174   0.0390812
     2.39142     1.05773   0.0405953
     2.45606     1.05549    0.029088
     2.52069      1.0545   0.0167203
     2.58532     1.05118   0.0263527
     2.64995     1.03149   0.0350486
     2.71459     1.05206 6.04317e-05
     2.77922     1.02189   0.0115947
     2.84385     1.03161   0.0262932
     2.90849     1.01534   0.0162922
     2.97312     1.01783  0.00959166
     3.03775     1.01688  0.00701499
     3.10239     1.02165   0.0153136
     3.16702     1.00592   0.0188888
     3.23165     1.01261   0.0137823
     3.29629    0.999147  0.00218127
     3.36092     1.01202  0.00261381
     3.42555     1.01032   0.0134241
     3.49018     1.00537  0.00665175
     3.55482    0.986123  0.00854047
     3.61945    0.998988  0.00338524
     3.68408    0.994654   0.0120506
     3.74872     1.00658  0.00963268
     3.81335    0.990115  0.00154166
     3.87798    0.999705   0.0118097
     3.94262      0.9915  0.00424248
     4.00725     1.00535  0.00706991
     4.07188    0.988475  0.00378996
     4.13651    0.991149   0.0119384
     4.20115     1.00801  0.00493598
     4.26578    0.991497  0.00849121
     4.33041    0.993914  0.00737901
     4.39505    0.994721  0.00411763
     4.45968    0.995997   0.0126327
     4.52431    0.998361   0.0108933
     4.58895    0.995121   0.0033096
     4.65358     1.00815  0.00978139
     4.71821    0.992258 0.000424327
     4.78285    0.988063  0.00281242
     4.84748    0.993928  0.00070854
     4.91211    0.986001   0.0016041
     4.97674     1.00221   0.0109226
     5.04138    0.994271  0.00242682
     5.10601    0.998017  0.00920555
     5.17064    0.986514   0.0108649
     5.23528     0.99003   0.0062942
     5.29991    0.983897  0.00824352
     5.36454    0.980998 0.000641901
     5.42918    0.987024  0.00426529
     5.49381    0.990233  0.00159775
     5.55844    0.987661 0.000277191
     5.62307    0.990579   0.0107216
     5.68771    0.988361    0.013519
     5.75234    0.988366   0.0151536
     5.81697    0.980705  0.00809002
     5.88161    0.985358  0.00178623
     5.94624    0.984211  0.00318944
     6.01087    0.981002  0.00354612
     6.07551    0.985616  0.00275028
     6.14014    0.989224  0.00306402
     6.20477    0.979777  0.00986998
      6.2694    0.981864 0.000378934
     6.33404    0.984924  0.00276772
     6.39867    0.973551  0.00682501
