-0.0366783
-0.0506652
-0.0545327
-0.0791711
-0.0799987
-0.121341
-0.142641
-0.180134
-0.152132
-0.128755
-0.214626
-0.199134
-0.30836
-0.329746
-0.281882
-0.311894
-0.294691
-0.278392
-0.326548
-0.295273
-0.296487
-0.310466
-0.258718
-0.295597
-0.318485
-0.35584
-0.35762
-0.363447
-0.320927
-0.32659
-0.338195
-0.339441
-0.377157
-0.414194
-0.383898
-0.367576
-0.394771
-0.400679
-0.406635
-0.431113
-0.382218
-0.403003
-0.374954
-0.400923
-0.392006
-0.430284
-0.450077
-0.423067
-0.457478
-0.430971
-0.385159
-0.396367
-0.425857
-0.403423
-0.403425
-0.402766
-0.414935
-0.419543
-0.396634
-0.406076
-0.400186
-0.453989
-0.440697
-0.452068
-0.451681
-0.443848
-0.411521
-0.384852
-0.441616
-0.419342
-0.456622
-0.472699
-0.45533
-0.441782
-0.435026
-0.462603
-0.41175
-0.436561
-0.405593
-0.398924
-0.345377
-0.3908
-0.396352
-0.359076
-0.38085
-0.387743
-0.376321
-0.417552
-0.422166
-0.441252
-0.454438
-0.403494
-0.424283
-0.447771
-0.446343
-0.424682
-0.471575
-0.468596
-0.432205
-0.425329
-0.456556
-0.415953
-0.417238
-0.469356
-0.437987
-0.444928
-0.446547
-0.436352
-0.373243
-0.442587
-0.361179
-0.409396
-0.444447
-0.463319
-0.452231
-0.426311
-0.411805
-0.382592
-0.376661
-0.376349
-0.388613
-0.397133
-0.389375
-0.411892
-0.431585
-0.417164
-0.475247
-0.449565
-0.405272
-0.431425
-0.395107
-0.411856
-0.419025
-0.470706
-0.446575
-0.391246
-0.473554
-0.492545
-0.486258
-0.490927
-0.483203
-0.477138
-0.408451
-0.393675
-0.369154
-0.368868
-0.357263
-0.370448
-0.407253
-0.39828
-0.406216
-0.398708
-0.42943
-0.441475
-0.423272
-0.41632
-0.389475
-0.365059
-0.443146
-0.484529
-0.437522
-0.444314
-0.41755
-0.416089
-0.39088
-0.391417
-0.380765
-0.399965
-0.43196
-0.400488
-0.355185
-0.384086
-0.339373
-0.32815
-0.329037
-0.361134
-0.338436
-0.36341
-0.389567
-0.383691
-0.360254
-0.378502
-0.336331
-0.428291
-0.4198
-0.408548
-0.36401
-0.278432
-0.379569
-0.389164
-0.35464
-0.352621
-0.349495
-0.351275
-0.368052
-0.340737
-0.356459
-0.330761
-0.366764
-0.380357
-0.379901
-0.394895
-0.382753
-0.342029
-0.32361
-0.351424
-0.355698
-0.374034
-0.384647
-0.412608
-0.436564
-0.418458
-0.423338
-0.428653
-0.376712
-0.339225
-0.331228
-0.353827
-0.380495
-0.3585
-0.34828
-0.364949
-0.369282
-0.385654
-0.348909
-0.383624
-0.36149
-0.402181
-0.38229
-0.411862
-0.362436
-0.37052
-0.34003
-0.388071
-0.36751
-0.383531
-0.358908
-0.373022
-0.375072
-0.341003
-0.328957
-0.345236
-0.335731
-0.328046
-0.344275
-0.378419
-0.356757
-0.367513
-0.376027
-0.366012
-0.367109
-0.351138
-0.349065
-0.348279
-0.359929
-0.383235
-0.328468
-0.352886
-0.373182
-0.390163
-0.420764
-0.3855
-0.430465
-0.406049
-0.414388
-0.383835
-0.382292
-0.357761
-0.348311
-0.423232
-0.416073
-0.387185
-0.340635
-0.349021
-0.338003
-0.326934
-0.307577
-0.313986
-0.330154
-0.327181
-0.342265
-0.346558
-0.343747
-0.33602
-0.389985
-0.397974
-0.392935
-0.337396
-0.352592
-0.365408
-0.375448
-0.432938
-0.423099
-0.371918
-0.441999
-0.393822
-0.407211
-0.438909
-0.443589
-0.50863
-0.461996
-0.457523
-0.409307
-0.440259
-0.399927
-0.442246
-0.480688
-0.483087
-0.50207
-0.441425
-0.423278
-0.432315
-0.459425
-0.464193
-0.415477
-0.425861
-0.432017
-0.426821
-0.379876
-0.422337
-0.344668
-0.373016
-0.36103
-0.383651
-0.371559
-0.394037
-0.407677
-0.386695
-0.420972
-0.374636
-0.444299
-0.390936
-0.358492
-0.387664
-0.391733
-0.391905
-0.423384
-0.406242
-0.465467
-0.455793
-0.442753
-0.393453
-0.444416
-0.443042
-0.449851
-0.451768
-0.395364
-0.444175
-0.457279
-0.374919
-0.424499
-0.415103
-0.420693
-0.440738
-0.450896
-0.428356
-0.424693
-0.418274
-0.459992
-0.437194
-0.44113
-0.426989
-0.43314
-0.414135
-0.397986
-0.470308
-0.480777
-0.497297
-0.492899
-0.470471
-0.494385
-0.478016
-0.42471
-0.467503
-0.495971
-0.477595
-0.494519
-0.446581
-0.415906
-0.418742
-0.390464
-0.384655
-0.386922
-0.383752
-0.421777
-0.440849
-0.446538
-0.378077
-0.417403
-0.40875
-0.407363
-0.363488
-0.386974
-0.372126
-0.366074
-0.373186
-0.357853
-0.420002
-0.452426
-0.480692
-0.440956
-0.405209
-0.4641
-0.483119
-0.430067
-0.482922
-0.444959
-0.45621
-0.440574
-0.424825
-0.430166
-0.472375
-0.51047
-0.510724
-0.515621
-0.450972
-0.514595
-0.512962
-0.467524
-0.383922
-0.485865
-0.470627
-0.469484
-0.429168
-0.432776
-0.464927
-0.463472
-0.488466
-0.505944
-0.540847
-0.552351
-0.514204
-0.475906
-0.510679
-0.460452
-0.464098
-0.515178
-0.498993
-0.428272
-0.488042
-0.476076
-0.433607
-0.438372
-0.471512
-0.441766
-0.442159
-0.460145
-0.467233
-0.423733
-0.389596
-0.370998
-0.367079
-0.338354
-0.341864
-0.323192
-0.341644
-0.346587
-0.344193
-0.356069
-0.350636
-0.369884
-0.380972
-0.357301
-0.440575
-0.424724
-0.389437
-0.37334
-0.353337
-0.328966
-0.358242
-0.366309
-0.354862
-0.356256
-0.325182
-0.347928
-0.351404
-0.375858
-0.366249
-0.330338
-0.274775
-0.323384
-0.352914
-0.409339
-0.424156
-0.445954
-0.407291
-0.39098
-0.372341
-0.401447
-0.376118
-0.419236
-0.413343
-0.394624
-0.415061
-0.409142
-0.394128
-0.358834
-0.351677
-0.352819
-0.3879
-0.364246
-0.393238
-0.416725
-0.424743
-0.405318
-0.432577
-0.434854
-0.451357
-0.458187
-0.416051
-0.349572
-0.321807
-0.378743
-0.38662
-0.38938
-0.410953
-0.436382
-0.41251
-0.414876
-0.412877
-0.40989
-0.413191
-0.402425
-0.410704
-0.383389
-0.391563
-0.360326
-0.420631
-0.392632
-0.41648
-0.419432
-0.428634
-0.392537
-0.413357
-0.459696
-0.449248
-0.420331
-0.418393
-0.442795
-0.458142
-0.444387
-0.465159
-0.460666
-0.435487
-0.430647
-0.459869
-0.446365
-0.484606
-0.456214
-0.466496
-0.407008
-0.416993
-0.400014
-0.423103
-0.434843
-0.376452
-0.355192
-0.351274
-0.402842
-0.408682
-0.409737
-0.421468
-0.425415
-0.424929
-0.438359
-0.47341
-0.454221
-0.465448
-0.440745
-0.393567
-0.380428
-0.444457
-0.430798
-0.40703
-0.390427
-0.403946
-0.401798
-0.387876
-0.420254
-0.410798
-0.428065
-0.437561
-0.42899
-0.413927
-0.370608
-0.357898
-0.357254
-0.370912
-0.38158
-0.446796
-0.462145
-0.467437
-0.488377
-0.417335
-0.433201
-0.462086
-0.466653
-0.456467
-0.474722
-0.49671
-0.475268
-0.470242
-0.461142
-0.429366
-0.49242
-0.467474
-0.453409
-0.432647
-0.488138
-0.508752
-0.479461
-0.453978
-0.47858
-0.461879
-0.440949
-0.48087
-0.436606
-0.458119
-0.459099
-0.518213
-0.468101
-0.466009
-0.488893
-0.4768
-0.494182
-0.509212
-0.476969
-0.451906
-0.42629
-0.442264
-0.499319
-0.468478
-0.423964
-0.426748
-0.45601
-0.458358
-0.411325
-0.434485
-0.41385
-0.473308
-0.484039
-0.463299
-0.464512
-0.441565
-0.425574
-0.456192
-0.474594
-0.483134
-0.487089
-0.403131
-0.422111
-0.430414
-0.451103
-0.44551
-0.440138
-0.406422
-0.402959
-0.458285
-0.429521
-0.381916
-0.424998
-0.400671
-0.40154
-0.404467
-0.408748
-0.417407
-0.397436
-0.392239
-0.40861
-0.389125
-0.442551
-0.42415
-0.376499
-0.450185
-0.419786
-0.402354
-0.432787
-0.409727
-0.433664
-0.443657
-0.434334
-0.409858
-0.46273
-0.456259
-0.417295
-0.458086
-0.476702
-0.477963
-0.499885
-0.490165
-0.451629
-0.47734
-0.484565
-0.45066
-0.479944
-0.480258
-0.437398
-0.427186
-0.452919
-0.459392
-0.457507
-0.463496
-0.424345
-0.50859
-0.469458
-0.486919
-0.450262
-0.473542
-0.482564
-0.475314
-0.407575
-0.386423
-0.393721
-0.416685
-0.45611
-0.420375
-0.465741
-0.429489
-0.441967
-0.422779
-0.408324
-0.370645
-0.401082
-0.396389
-0.42298
-0.415424
-0.411799
-0.41091
-0.394604
-0.431182
-0.392791
-0.411981
-0.367899
-0.391751
-0.375553
-0.410804
-0.422465
-0.404914
-0.401456
-0.376623
-0.426254
-0.424038
-0.426044
-0.473371
-0.468739
-0.475661
-0.514897
-0.451795
-0.480454
-0.462736
-0.457123
-0.441662
-0.454032
-0.442696
-0.471335
-0.479231
-0.492294
-0.50394
-0.497446
-0.48562
-0.441172
-0.460212
-0.485908
-0.435205
-0.451737
-0.489466
-0.50088
-0.482232
-0.48602
-0.424017
-0.432627
-0.465745
-0.451282
-0.467945
-0.478414
-0.507905
-0.505368
-0.474525
-0.476591
-0.49045
-0.485209
-0.508806
-0.508323
-0.499387
-0.420145
-0.458753
-0.48047
-0.503028
-0.47111
-0.470909
-0.46486
-0.430043
-0.455017
-0.440271
-0.452923
-0.45714
-0.534184
-0.526718
-0.510763
-0.43692
-0.434293
-0.425834
-0.393758
-0.445395
-0.446434
-0.414027
-0.444291
-0.407756
-0.433102
-0.430065
-0.441935
-0.41339
-0.462016
-0.484372
-0.45973
-0.448902
-0.478917
-0.444873
-0.474716
-0.414089
-0.45372
-0.449275
-0.473767
-0.49809
-0.521608
-0.545743
-0.525072
-0.569722
-0.477553
-0.480082
-0.482496
-0.486397
-0.454226
-0.520635
-0.514728
-0.501784
-0.53534
-0.501859
-0.514918
-0.477093
-0.477168
-0.512996
-0.479876
-0.479791
-0.483481
-0.484485
-0.522093
-0.507442
-0.503714
-0.450353
-0.413563
-0.447157
-0.425966
-0.410974
-0.442535
-0.450243
-0.399656
-0.420086
-0.433543
-0.393997
-0.391075
-0.413543
-0.378725
-0.39679
-0.400307
-0.410012
-0.416644
-0.414083
-0.401482
-0.423745
-0.489124
-0.436284
-0.434167
-0.505868
-0.552021
-0.526246
-0.519033
-0.542494
-0.567487
-0.598689
-0.564212
-0.513792
-0.525184
-0.527526
-0.548643
-0.496092
-0.474999
-0.40752
-0.417429
-0.40018
-0.473244
-0.388693
-0.410159
-0.404404
-0.439407
-0.447331
-0.461773
-0.461354
-0.47092
-0.472235
-0.488289
-0.474772
-0.424122
-0.418158
-0.477898
-0.436217
-0.450102
-0.446453
-0.470846
-0.444282
-0.441078
-0.493923
-0.500879
-0.517258
-0.463166
-0.513425
-0.494182
-0.461644
-0.456126
-0.467504
-0.410715
-0.406473
-0.448827
-0.443022
-0.411069
-0.399522
-0.422494
-0.409862
-0.40546
-0.446298
-0.429908
-0.374603
-0.414982
-0.366109
-0.427664
-0.401582
-0.395083
-0.365317
-0.375202
-0.382181
-0.399943
-0.380304
-0.389287
-0.437281
-0.438782
-0.447178
-0.483215
-0.460492
-0.479041
-0.466655
-0.483235
-0.453744
-0.412847
-0.413119
-0.422826
-0.419263
-0.406146
-0.444289
-0.452534
-0.419291
-0.446247
-0.409039
-0.421666
-0.438181
-0.436357
-0.469665
-0.431122
-0.432206
-0.432749
-0.405933
-0.451037
-0.423993
-0.469245
-0.508056
-0.496879
-0.476965
-0.427868
-0.422558
-0.429236
-0.44648
-0.4497
-0.475599
-0.455224
-0.490057
-0.43974
-0.453257
-0.430909
-0.428864
-0.425535
-0.366599
-0.45674
-0.470802
-0.506835
-0.519704
-0.4898
-0.446473
-0.412626
-0.448128
-0.431223
-0.412229
-0.410064
