           1           0           0           0           0
           1    0.064633           0           0           0
           1    0.129266           0           0           0
           1    0.193899           0           0           0
           1    0.258532           0           0           0
           1    0.323165           0           0           0
           1    0.387798           0           0           0
           1    0.452431           0           0           0
           1    0.517064           0           0           0
           1    0.581697           0           0           0
           1     0.64633           0           0           0
           1    0.710963           0           0           0
           1    0.775596           0           0           0
           1     0.84023  0.00119736  0.00119736           0
           1    0.904863    0.145316    0.145316           0
           1    0.969496     1.06737     1.06737           0
           1     1.03413     1.95445     1.95445           0
           1     1.09876     2.12879     2.12879           0
           1     1.16339      1.9923      1.9923           0
           1     1.22803     1.71747     1.71747           0
           1     1.29266     1.55507     1.55507           0
           1     1.35729     1.39775     1.39775           0
           1     1.42193     1.26594     1.26594           0
           1     1.48656     1.17236     1.17236           0
           1     1.55119       1.159       1.159           0
           1     1.61583      1.0813      1.0813           0
           1     1.68046     1.06963     1.06963           0
           1     1.74509     1.04897     1.04897           0
           1     1.80973     1.09545     1.09545           0
           1     1.87436      1.0227      1.0227           0
           1     1.93899     1.05343     1.05343           0
           1     2.00362     1.03007     1.03007           0
           1     2.06826     1.02718     1.02718           0
           1     2.13289     1.03408     1.03408           0
           1     2.19752     1.04177     1.04177           0
           1     2.26216     1.01128     1.01128           0
           1     2.32679     1.04266     1.04266           0
           1     2.39142     1.01713     1.01713           0
           1     2.45606      1.0264      1.0264           0
           1     2.52069     1.03778     1.03778           0
           1     2.58532     1.02483     1.02483           0
           1     2.64995    0.996445    0.996445           0
           1     2.71459     1.05199     1.05199           0
           1     2.77922      1.0103      1.0103           0
           1     2.84385     1.00531     1.00531           0
           1     2.90849    0.999047    0.999047           0
           1     2.97312     1.00823     1.00823           0
           1     3.03775     1.00987     1.00987           0
           1     3.10239     1.00634     1.00634           0
           1     3.16702    0.987026    0.987026           0
           1     3.23165    0.998831    0.998831           0
           1     3.29629    0.996966    0.996966           0
           1     3.36092     1.00941     1.00941           0
           1     3.42555    0.996892    0.996892           0
           1     3.49018    0.998718    0.998718           0
           1     3.55482    0.977583    0.977583           0
           1     3.61945    0.995603    0.995603           0
           1     3.68408    0.982603    0.982603           0
           1     3.74872     1.01622     1.01622           0
           1     3.81335    0.988574    0.988574           0
           1     3.87798    0.987895    0.987895           0
           1     3.94262    0.987258    0.987258           0
           1     4.00725     1.01242     1.01242           0
           1     4.07188    0.984685    0.984685           0
           1     4.13651    0.979211    0.979211           0
           1     4.20115     1.01294     1.01294           0
           1     4.26578    0.983006    0.983006           0
           1     4.33041     1.00129     1.00129           0
           1     4.39505    0.998839    0.998839           0
           1     4.45968    0.983364    0.983364           0
           1     4.52431    0.987467    0.987467           0
           1     4.58895    0.998431    0.998431           0
           1     4.65358    0.998366    0.998366           0
           1     4.71821    0.992682    0.992682           0
           1     4.78285     0.98525     0.98525           0
           1     4.84748    0.994636    0.994636           0
           1     4.91211    0.984396    0.984396           0
           1     4.97674    0.991289    0.991289           0
           1     5.04138    0.991844    0.991844           0
           1     5.10601    0.988811    0.988811           0
           1     5.17064    0.975649    0.975649           0
           1     5.23528    0.983736    0.983736           0
           1     5.29991    0.975654    0.975654           0
           1     5.36454    0.981639    0.981639           0
           1     5.42918    0.982759    0.982759           0
           1     5.49381    0.988635    0.988635           0
           1     5.55844    0.987384    0.987384           0
           1     5.62307    0.979857    0.979857           0
           1     5.68771    0.974842    0.974842           0
           1     5.75234    0.973212    0.973212           0
           1     5.81697    0.972615    0.972615           0
           1     5.88161    0.983572    0.983572           0
           1     5.94624    0.981022    0.981022           0
           1     6.01087    0.984548    0.984548           0
           1     6.07551    0.982866    0.982866           0
           1     6.14014     0.98616     0.98616           0
           1     6.20477    0.989647    0.989647           0
           1      6.2694    0.982243    0.982243           0
           1     6.33404    0.987692    0.987692           0
           1     6.39867    0.980376    0.980376           0
           2           0           0           0           0
           2    0.064633           0           0           0
           2    0.129266           0           0           0
           2    0.193899           0           0           0
           2    0.258532           0           0           0
           2    0.323165           0           0           0
           2    0.387798           0           0           0
           2    0.452431           0           0           0
           2    0.517064           0           0           0
           2    0.581697           0           0           0
           2     0.64633           0           0           0
           2    0.710963           0           0           0
           2    0.775596           0           0           0
           2     0.84023           0 0.000598682 0.000598682
           2    0.904863    0.139088    0.142202  0.00311391
           2    0.969496     1.07918     1.07328  0.00590462
           2     1.03413     2.24225     2.09835    0.143898
           2     1.09876     2.45449     2.29164    0.162849
           2     1.16339     2.35517     2.17374    0.181437
           2     1.22803     1.95397     1.83572    0.118248
           2     1.29266     1.76699     1.66103    0.105957
           2     1.35729     1.53705      1.4674   0.0696513
           2     1.42193     1.42202     1.34398   0.0780431
           2     1.48656     1.31782     1.24509   0.0727293
           2     1.55119     1.22337     1.19118   0.0321843
           2     1.61583     1.15885     1.12008   0.0387738
           2     1.68046     1.17159     1.12061   0.0509792
           2     1.74509     1.17079     1.10988   0.0609062
           2     1.80973     1.10835      1.1019  0.00645015
           2     1.87436     1.11652     1.06961   0.0469082
           2     1.93899     1.10763     1.08053   0.0271042
           2     2.00362     1.12951     1.07979   0.0497214
           2     2.06826     1.14623     1.08671   0.0595229
           2     2.13289     1.12279     1.07843   0.0443512
           2     2.19752     1.12027     1.08102   0.0392498
           2     2.26216     1.13756     1.07442     0.06314
           2     2.32679     1.12082     1.08174   0.0390812
           2     2.39142     1.09832     1.05773   0.0405953
           2     2.45606     1.08458     1.05549    0.029088
           2     2.52069     1.07122      1.0545   0.0167203
           2     2.58532     1.07753     1.05118   0.0263527
           2     2.64995     1.06654     1.03149   0.0350486
           2     2.71459     1.05212     1.05206 6.04317e-05
           2     2.77922     1.03349     1.02189   0.0115947
           2     2.84385      1.0579     1.03161   0.0262932
           2     2.90849     1.03163     1.01534   0.0162922
           2     2.97312     1.02742     1.01783  0.00959166
           2     3.03775      1.0239     1.01688  0.00701499
           2     3.10239     1.03696     1.02165   0.0153136
           2     3.16702      1.0248     1.00592   0.0188888
           2     3.23165      1.0264     1.01261   0.0137823
           2     3.29629     1.00133    0.999147  0.00218127
           2     3.36092     1.01464     1.01202  0.00261381
           2     3.42555     1.02374     1.01032   0.0134241
           2     3.49018     1.01202     1.00537  0.00665175
           2     3.55482    0.994664    0.986123  0.00854047
           2     3.61945     1.00237    0.998988  0.00338524
           2     3.68408      1.0067    0.994654   0.0120506
           2     3.74872    0.996951     1.00658  0.00963268
           2     3.81335    0.991657    0.990115  0.00154166
           2     3.87798     1.01151    0.999705   0.0118097
           2     3.94262    0.995743      0.9915  0.00424248
           2     4.00725    0.998282     1.00535  0.00706991
           2     4.07188    0.992265    0.988475  0.00378996
           2     4.13651     1.00309    0.991149   0.0119384
           2     4.20115     1.00307     1.00801  0.00493598
           2     4.26578    0.999988    0.991497  0.00849121
           2     4.33041    0.986535    0.993914  0.00737901
           2     4.39505    0.990603    0.994721  0.00411763
           2     4.45968     1.00863    0.995997   0.0126327
           2     4.52431     1.00925    0.998361   0.0108933
           2     4.58895    0.991812    0.995121   0.0033096
           2     4.65358     1.01793     1.00815  0.00978139
           2     4.71821    0.991834    0.992258 0.000424327
           2     4.78285    0.990875    0.988063  0.00281242
           2     4.84748    0.993219    0.993928  0.00070854
           2     4.91211    0.987605    0.986001   0.0016041
           2     4.97674     1.01313     1.00221   0.0109226
           2     5.04138    0.996698    0.994271  0.00242682
           2     5.10601     1.00722    0.998017  0.00920555
           2     5.17064    0.997379    0.986514   0.0108649
           2     5.23528    0.996325     0.99003   0.0062942
           2     5.29991    0.992141    0.983897  0.00824352
           2     5.36454    0.980356    0.980998 0.000641901
           2     5.42918     0.99129    0.987024  0.00426529
           2     5.49381     0.99183    0.990233  0.00159775
           2     5.55844    0.987938    0.987661 0.000277191
           2     5.62307      1.0013    0.990579   0.0107216
           2     5.68771     1.00188    0.988361    0.013519
           2     5.75234     1.00352    0.988366   0.0151536
           2     5.81697    0.988795    0.980705  0.00809002
           2     5.88161    0.987145    0.985358  0.00178623
           2     5.94624    0.987401    0.984211  0.00318944
           2     6.01087    0.977456    0.981002  0.00354612
           2     6.07551    0.988366    0.985616  0.00275028
           2     6.14014    0.992288    0.989224  0.00306402
           2     6.20477    0.969907    0.979777  0.00986998
           2      6.2694    0.981485    0.981864 0.000378934
           2     6.33404    0.982157    0.984924  0.00276772
           2     6.39867    0.966726    0.973551  0.00682501
