           1    -5.46501    -5.46501           0
           2    -5.47424    -5.46962   0.0046146
           3    -5.46976    -5.46967  0.00266465
           4    -5.46442    -5.46836  0.00229653
           5    -5.45925    -5.46654  0.00254665
           6    -5.46008    -5.46546   0.0023416
           7    -5.47234    -5.46644  0.00220939
           8    -5.46886    -5.46674   0.0019372
           9     -5.4671    -5.46678   0.0017089
          10    -5.47205    -5.46731  0.00161678
          11    -5.46415    -5.46702  0.00149039
          12    -5.47217    -5.46745  0.00142665
          13    -5.47195     -5.4678   0.0013572
          14    -5.47431    -5.46826  0.00133996
          15    -5.46925    -5.46833  0.00124916
          16     -5.4629    -5.46799  0.00121674
          17    -5.45785    -5.46739  0.00128933
          18    -5.45809    -5.46688    0.001321
          19    -5.46461    -5.46676  0.00125522
          20    -5.45704    -5.46627  0.00128611
          21    -5.46338    -5.46613  0.00123104
          22    -5.46853    -5.46624  0.00117881
          23    -5.46056      -5.466  0.00115319
          24    -5.45685    -5.46561  0.00116799
          25     -5.4647    -5.46558  0.00112089
          26    -5.46347     -5.4655  0.00107995
          27    -5.46262    -5.46539  0.00104465
          28    -5.46664    -5.46544  0.00100763
          29    -5.45683    -5.46514  0.00101655
          30    -5.46913    -5.46527 0.000991053
          31    -5.45536    -5.46495  0.00101046
          32    -5.47681    -5.46532  0.00104617
          33    -5.45494    -5.46501  0.00106168
          34    -5.46652    -5.46505  0.00103093
          35    -5.46481    -5.46504  0.00100107
          36    -5.45772    -5.46484 0.000993922
          37    -5.46501    -5.46485 0.000966696
          38    -5.46786    -5.46493 0.000944248
          39    -5.46289    -5.46487 0.000921191
          40    -5.46237    -5.46481  0.00090004
          41    -5.45391    -5.46454 0.000917207
          42    -5.46294    -5.46451 0.000895919
          43    -5.47396    -5.46473  0.00090202
          44    -5.46387    -5.46471 0.000881499
          45    -5.45918    -5.46458 0.000870381
          46    -5.45696    -5.46442 0.000867245
          47    -5.45461    -5.46421 0.000873873
          48    -5.46287    -5.46418 0.000855929
          49    -5.46497     -5.4642 0.000838431
          50     -5.4687    -5.46429 0.000826406
