           0           0           0
   0.0230664           0           0
   0.0461329           0           0
   0.0691993           0           0
   0.0922657           0           0
    0.115332           0           0
    0.138399           0           0
    0.161465           0           0
    0.184531           0           0
    0.207598           0           0
    0.230664           0           0
    0.253731           0           0
    0.276797           0           0
    0.299864           0           0
     0.32293           0           0
    0.345996           0           0
    0.369063           0           0
    0.392129           0           0
    0.415196           0           0
    0.438262           0           0
    0.461329           0           0
    0.484395           0           0
    0.507461           0           0
    0.530528           0           0
    0.553594           0           0
    0.576661           0           0
    0.599727           0           0
    0.622794           0           0
     0.64586           0           0
    0.668926           0           0
    0.691993           0           0
    0.715059           0           0
    0.738126           0           0
    0.761192           0           0
    0.784259           0           0
    0.807325           0           0
    0.830391           0           0
    0.853458           0           0
    0.876524 7.36405e-05           0
    0.899591  0.00300825           0
    0.922657   0.0469824           0
    0.945724    0.273354           0
     0.96879    0.960864           0
    0.991856     2.19896           0
     1.01492     3.63303           0
     1.03799     4.62088           0
     1.06106     4.95813           0
     1.08412     4.55268           0
     1.10719     3.72135           0
     1.13026     2.69503           0
     1.15332     1.80424           0
     1.17639      1.1171           0
     1.19945    0.635236           0
     1.22252      0.3377           0
     1.24559    0.171218           0
     1.26865   0.0794512           0
     1.29172   0.0416145           0
     1.31479   0.0340388           0
     1.33785   0.0514806           0
     1.36092   0.0976179           0
     1.38399    0.170286           0
     1.40705    0.292183           0
     1.43012    0.447416           0
     1.45319    0.619089           0
     1.47625    0.808688           0
     1.49932    0.944222           0
     1.52238    0.991053           0
     1.54545    0.953832           0
     1.56852    0.824316           0
     1.59158    0.650032           0
     1.61465    0.470058           0
     1.63772    0.306234           0
     1.66078    0.205617           0
     1.68385    0.175429           0
     1.70692    0.235299           0
     1.72998    0.409019           0
     1.75305    0.729941           0
     1.77612      1.1644           0
     1.79918     1.72335           0
     1.82225     2.25191           0
     1.84531       2.648           0
     1.86838     2.75236           0
     1.89145     2.59318           0
     1.91451      2.2028           0
     1.93758      1.6998           0
     1.96065     1.18982           0
     1.98371    0.779199           0
     2.00678    0.524945           0
     2.02985     0.40228           0
     2.05291    0.436294           0
     2.07598    0.569514           0
     2.09905    0.757425           0
     2.12211    0.920996           0
     2.14518     1.04014           0
     2.16824     1.04869           0
     2.19131    0.932097           0
     2.21438    0.779599           0
     2.23744    0.639882           0
     2.26051    0.547445           0
     2.28358    0.540808           0
